 ph              0.0   1.0   2.0   3.0   4.0   5.0   6.0   7.0   8.0   9.0  10.0  11.0  12.0  13.0  14.0
ASN01A0294_001 0.000 0.000 0.000 0.000 0.000 0.000 0.000 0.000 0.000 0.000 0.000 0.000 0.000 0.000 0.000
ASN01A0294_002 0.006 0.006 0.006 0.006 0.006 0.006 0.006 0.006 0.006 0.006 0.006 0.006 0.006 0.006 0.006
ASN01A0294_003 0.156 0.154 0.154 0.153 0.154 0.154 0.153 0.154 0.154 0.155 0.155 0.155 0.154 0.154 0.155
ASN01A0294_004 0.047 0.046 0.047 0.046 0.047 0.047 0.047 0.047 0.047 0.047 0.047 0.046 0.046 0.047 0.047
ASN01A0294_005 0.188 0.190 0.188 0.188 0.188 0.188 0.189 0.188 0.188 0.188 0.187 0.188 0.188 0.187 0.188
ASN01A0294_006 0.126 0.126 0.126 0.126 0.126 0.125 0.126 0.127 0.126 0.126 0.125 0.126 0.127 0.126 0.126
ASN01A0294_007 0.037 0.037 0.037 0.037 0.037 0.037 0.037 0.038 0.037 0.037 0.037 0.037 0.037 0.037 0.037
ASN01A0294_008 0.136 0.135 0.136 0.136 0.136 0.135 0.134 0.135 0.136 0.134 0.135 0.134 0.135 0.135 0.135
ASN01A0294_009 0.008 0.008 0.008 0.008 0.008 0.008 0.008 0.008 0.008 0.008 0.008 0.008 0.008 0.008 0.008
ASN01A0294_010 0.007 0.007 0.007 0.007 0.007 0.007 0.007 0.007 0.007 0.007 0.007 0.007 0.007 0.007 0.007
ASN01A0294_011 0.148 0.147 0.148 0.147 0.147 0.147 0.148 0.147 0.147 0.147 0.147 0.147 0.147 0.147 0.147
ASN01A0294_012 0.143 0.144 0.144 0.145 0.145 0.145 0.144 0.144 0.144 0.144 0.145 0.145 0.144 0.145 0.145
ASN01A0294_013 0.000 0.000 0.000 0.000 0.000 0.000 0.000 0.000 0.000 0.000 0.000 0.000 0.000 0.000 0.000
