 ph              0.0   1.0   2.0   3.0   4.0   5.0   6.0   7.0   8.0   9.0  10.0  11.0  12.0  13.0  14.0
ASP01A0022_001 0.000 0.000 0.000 0.000 0.000 0.000 0.000 0.000 0.000 0.000 0.000 0.000 0.000 0.000 0.000
ASP01A0022_002 0.001 0.001 0.001 0.000 0.000 0.000 0.000 0.000 0.000 0.000 0.000 0.000 0.000 0.000 0.000
ASP01A0022_003 0.000 0.000 0.000 0.000 0.000 0.000 0.000 0.000 0.000 0.000 0.000 0.000 0.000 0.000 0.000
ASP01A0022_004 0.186 0.187 0.184 0.157 0.063 0.010 0.002 0.000 0.000 0.000 0.000 0.000 0.000 0.000 0.000
ASP01A0022_005 0.262 0.259 0.258 0.216 0.088 0.014 0.002 0.000 0.000 0.000 0.000 0.000 0.000 0.000 0.000
ASP01A0022_006 0.005 0.005 0.005 0.004 0.002 0.000 0.000 0.000 0.000 0.000 0.000 0.000 0.000 0.000 0.000
ASP01A0022_007 0.003 0.003 0.003 0.002 0.000 0.000 0.000 0.000 0.000 0.000 0.000 0.000 0.000 0.000 0.000
ASP01A0022_008 0.000 0.000 0.000 0.000 0.000 0.000 0.000 0.000 0.000 0.000 0.000 0.000 0.000 0.000 0.000
ASP01A0022_009 0.020 0.020 0.020 0.017 0.007 0.001 0.000 0.000 0.000 0.000 0.000 0.000 0.000 0.000 0.000
ASP01A0022_010 0.004 0.004 0.004 0.004 0.002 0.000 0.000 0.000 0.000 0.000 0.000 0.000 0.000 0.000 0.000
ASP01A0022_011 0.024 0.024 0.024 0.020 0.008 0.001 0.000 0.000 0.000 0.000 0.000 0.000 0.000 0.000 0.000
ASP02A0022_012 0.000 0.000 0.000 0.000 0.000 0.000 0.000 0.000 0.000 0.000 0.000 0.000 0.000 0.000 0.000
ASP02A0022_013 0.033 0.033 0.033 0.028 0.011 0.002 0.000 0.000 0.000 0.000 0.000 0.000 0.000 0.000 0.000
ASP02A0022_014 0.002 0.002 0.002 0.002 0.000 0.000 0.000 0.000 0.000 0.000 0.000 0.000 0.000 0.000 0.000
ASP02A0022_015 0.000 0.000 0.000 0.000 0.000 0.000 0.000 0.000 0.000 0.000 0.000 0.000 0.000 0.000 0.000
ASP02A0022_016 0.000 0.000 0.000 0.000 0.000 0.000 0.000 0.000 0.000 0.000 0.000 0.000 0.000 0.000 0.000
ASP02A0022_017 0.046 0.046 0.045 0.038 0.015 0.003 0.000 0.000 0.000 0.000 0.000 0.000 0.000 0.000 0.000
ASP02A0022_018 0.000 0.000 0.000 0.000 0.000 0.000 0.000 0.000 0.000 0.000 0.000 0.000 0.000 0.000 0.000
ASP02A0022_019 0.389 0.388 0.377 0.322 0.132 0.020 0.003 0.000 0.000 0.000 0.000 0.000 0.000 0.000 0.000
ASP02A0022_020 0.010 0.010 0.010 0.008 0.003 0.000 0.000 0.000 0.000 0.000 0.000 0.000 0.000 0.000 0.000
ASP02A0022_021 0.013 0.013 0.013 0.011 0.005 0.000 0.000 0.000 0.000 0.000 0.000 0.000 0.000 0.000 0.000
ASP-1A0022_022 0.000 0.000 0.000 0.000 0.000 0.001 0.000 0.001 0.000 0.002 0.000 0.000 0.000 0.002 0.002
ASP-1A0022_023 0.000 0.000 0.008 0.065 0.253 0.360 0.374 0.386 0.384 0.384 0.375 0.385 0.382 0.384 0.381
ASP-1A0022_024 0.000 0.002 0.013 0.103 0.403 0.579 0.609 0.603 0.606 0.605 0.614 0.605 0.608 0.605 0.607
ASP-1A0022_025 0.000 0.000 0.000 0.002 0.007 0.009 0.009 0.009 0.010 0.010 0.011 0.010 0.010 0.009 0.010
