 ph              0.0   1.0   2.0   3.0   4.0   5.0   6.0   7.0   8.0   9.0  10.0  11.0  12.0  13.0  14.0
TYR01A0203_001 0.122 0.121 0.120 0.120 0.118 0.121 0.122 0.120 0.116 0.088 0.026 0.004 0.000 0.000 0.000
TYR01A0203_002 0.000 0.000 0.000 0.000 0.000 0.000 0.000 0.000 0.000 0.000 0.000 0.000 0.000 0.000 0.000
TYR01A0203_003 0.001 0.001 0.000 0.001 0.001 0.001 0.001 0.001 0.000 0.000 0.000 0.000 0.000 0.000 0.000
TYR01A0203_004 0.402 0.401 0.403 0.403 0.406 0.403 0.400 0.400 0.392 0.297 0.087 0.012 0.000 0.000 0.000
TYR01A0203_005 0.000 0.000 0.000 0.000 0.000 0.000 0.000 0.000 0.000 0.000 0.000 0.000 0.000 0.000 0.000
TYR01A0203_006 0.434 0.434 0.436 0.434 0.433 0.432 0.435 0.432 0.415 0.317 0.093 0.013 0.000 0.000 0.000
TYR01A0203_007 0.000 0.000 0.000 0.000 0.000 0.000 0.000 0.000 0.000 0.000 0.000 0.000 0.000 0.000 0.000
TYR01A0203_008 0.012 0.013 0.012 0.013 0.012 0.012 0.012 0.013 0.012 0.009 0.003 0.000 0.000 0.000 0.000
TYR01A0203_009 0.000 0.000 0.000 0.000 0.000 0.000 0.000 0.000 0.000 0.000 0.000 0.000 0.000 0.000 0.000
TYR01A0203_010 0.029 0.030 0.029 0.028 0.030 0.029 0.029 0.029 0.028 0.021 0.006 0.000 0.000 0.000 0.000
TYR-1A0203_011 0.000 0.000 0.000 0.000 0.000 0.000 0.000 0.000 0.003 0.020 0.057 0.071 0.072 0.073 0.073
TYR-1A0203_012 0.000 0.000 0.000 0.000 0.000 0.000 0.000 0.000 0.000 0.000 0.000 0.000 0.000 0.000 0.000
TYR-1A0203_013 0.000 0.000 0.000 0.000 0.000 0.000 0.000 0.000 0.000 0.000 0.000 0.000 0.000 0.000 0.000
TYR-1A0203_014 0.000 0.000 0.000 0.000 0.000 0.000 0.000 0.000 0.000 0.000 0.000 0.000 0.000 0.000 0.000
TYR-1A0203_015 0.000 0.000 0.000 0.000 0.000 0.000 0.000 0.000 0.000 0.003 0.010 0.013 0.013 0.013 0.013
TYR-1A0203_016 0.000 0.000 0.000 0.000 0.000 0.000 0.000 0.003 0.017 0.121 0.354 0.438 0.450 0.452 0.452
TYR-1A0203_017 0.000 0.000 0.000 0.000 0.000 0.000 0.000 0.000 0.000 0.000 0.001 0.002 0.002 0.002 0.002
TYR-1A0203_018 0.000 0.000 0.000 0.000 0.000 0.000 0.000 0.002 0.015 0.112 0.331 0.409 0.421 0.420 0.421
TYR-1A0203_019 0.000 0.000 0.000 0.000 0.000 0.000 0.000 0.000 0.001 0.011 0.032 0.039 0.042 0.040 0.040
TYR-1A0203_020 0.000 0.000 0.000 0.000 0.000 0.000 0.000 0.000 0.000 0.000 0.000 0.000 0.000 0.000 0.000
