 ph              0.0   1.0   2.0   3.0   4.0   5.0   6.0   7.0   8.0   9.0  10.0  11.0  12.0  13.0  14.0
LYS01A0003_001 0.000 0.000 0.000 0.000 0.000 0.000 0.000 0.000 0.000 0.000 0.000 0.000 0.000 0.000 0.000
LYS01A0003_002 0.000 0.000 0.000 0.000 0.000 0.000 0.000 0.000 0.000 0.000 0.000 0.001 0.001 0.002 0.001
LYS01A0003_003 0.000 0.000 0.000 0.000 0.000 0.000 0.000 0.000 0.000 0.000 0.004 0.013 0.017 0.018 0.018
LYS01A0003_004 0.000 0.000 0.000 0.000 0.000 0.000 0.000 0.000 0.000 0.000 0.000 0.000 0.000 0.000 0.000
LYS01A0003_005 0.000 0.000 0.000 0.000 0.000 0.000 0.000 0.000 0.000 0.000 0.003 0.008 0.010 0.011 0.012
LYS01A0003_006 0.000 0.000 0.000 0.000 0.000 0.000 0.000 0.000 0.000 0.000 0.000 0.000 0.000 0.000 0.000
LYS01A0003_007 0.000 0.000 0.000 0.000 0.000 0.000 0.000 0.000 0.000 0.000 0.000 0.000 0.000 0.000 0.000
LYS01A0003_008 0.000 0.000 0.000 0.000 0.000 0.000 0.000 0.000 0.000 0.000 0.000 0.000 0.000 0.000 0.000
LYS01A0003_009 0.000 0.000 0.000 0.000 0.000 0.000 0.000 0.000 0.000 0.003 0.023 0.075 0.100 0.106 0.107
LYS01A0003_010 0.000 0.000 0.000 0.000 0.000 0.000 0.000 0.000 0.002 0.014 0.097 0.310 0.422 0.439 0.435
LYS01A0003_011 0.000 0.000 0.000 0.000 0.000 0.000 0.000 0.000 0.000 0.000 0.003 0.009 0.013 0.013 0.013
LYS01A0003_012 0.000 0.000 0.000 0.000 0.000 0.000 0.000 0.000 0.000 0.000 0.000 0.000 0.000 0.000 0.000
LYS01A0003_013 0.000 0.000 0.000 0.000 0.000 0.000 0.000 0.000 0.002 0.013 0.087 0.280 0.375 0.388 0.395
LYS01A0003_014 0.000 0.000 0.000 0.000 0.000 0.000 0.000 0.000 0.000 0.000 0.000 0.003 0.004 0.004 0.004
LYS01A0003_015 0.000 0.000 0.000 0.000 0.000 0.000 0.000 0.000 0.000 0.000 0.000 0.003 0.004 0.004 0.004
LYS01A0003_016 0.000 0.000 0.000 0.000 0.000 0.000 0.000 0.000 0.000 0.000 0.000 0.001 0.001 0.002 0.002
LYS01A0003_017 0.000 0.000 0.000 0.000 0.000 0.000 0.000 0.000 0.000 0.000 0.000 0.000 0.000 0.000 0.000
LYS01A0003_018 0.000 0.000 0.000 0.000 0.000 0.000 0.000 0.000 0.000 0.000 0.001 0.004 0.005 0.006 0.005
LYS01A0003_019 0.000 0.000 0.000 0.000 0.000 0.000 0.000 0.000 0.000 0.000 0.000 0.000 0.000 0.000 0.000
LYS01A0003_020 0.000 0.000 0.000 0.000 0.000 0.000 0.000 0.000 0.000 0.000 0.000 0.000 0.000 0.000 0.000
LYS01A0003_021 0.000 0.000 0.000 0.000 0.000 0.000 0.000 0.000 0.000 0.000 0.000 0.002 0.003 0.003 0.003
LYS+1A0003_022 0.000 0.000 0.000 0.000 0.000 0.000 0.000 0.000 0.000 0.000 0.000 0.000 0.000 0.000 0.000
LYS+1A0003_023 0.000 0.000 0.000 0.000 0.000 0.000 0.000 0.000 0.000 0.000 0.000 0.000 0.000 0.000 0.000
LYS+1A0003_024 0.000 0.001 0.000 0.000 0.000 0.001 0.000 0.001 0.000 0.000 0.000 0.000 0.000 0.000 0.000
LYS+1A0003_025 0.067 0.068 0.066 0.067 0.066 0.066 0.068 0.066 0.067 0.065 0.052 0.020 0.003 0.000 0.000
LYS+1A0003_026 0.000 0.000 0.000 0.000 0.000 0.000 0.000 0.000 0.000 0.000 0.000 0.000 0.000 0.000 0.000
LYS+1A0003_027 0.017 0.018 0.018 0.018 0.018 0.018 0.018 0.017 0.018 0.017 0.014 0.005 0.000 0.000 0.000
LYS+1A0003_028 0.003 0.003 0.003 0.003 0.003 0.003 0.003 0.003 0.003 0.003 0.003 0.000 0.000 0.000 0.000
LYS+1A0003_029 0.002 0.002 0.002 0.002 0.002 0.002 0.002 0.002 0.002 0.002 0.002 0.000 0.000 0.000 0.000
LYS+1A0003_030 0.011 0.012 0.011 0.012 0.011 0.012 0.012 0.011 0.011 0.011 0.009 0.003 0.000 0.000 0.000
LYS+1A0003_031 0.000 0.000 0.000 0.000 0.000 0.000 0.000 0.000 0.000 0.000 0.000 0.000 0.000 0.000 0.000
LYS+1A0003_032 0.000 0.000 0.000 0.000 0.000 0.000 0.000 0.000 0.000 0.000 0.000 0.000 0.000 0.000 0.000
LYS+1A0003_033 0.000 0.000 0.000 0.000 0.000 0.000 0.000 0.000 0.000 0.000 0.000 0.000 0.000 0.000 0.000
LYS+1A0003_034 0.376 0.368 0.375 0.373 0.371 0.375 0.374 0.374 0.371 0.362 0.291 0.109 0.017 0.002 0.000
LYS+1A0003_035 0.012 0.012 0.012 0.012 0.012 0.012 0.012 0.012 0.012 0.012 0.009 0.004 0.000 0.000 0.000
LYS+1A0003_036 0.503 0.509 0.506 0.507 0.509 0.505 0.504 0.507 0.505 0.490 0.396 0.149 0.024 0.003 0.000
LYS+1A0003_037 0.000 0.000 0.000 0.000 0.000 0.000 0.000 0.000 0.000 0.000 0.000 0.000 0.000 0.000 0.000
LYS+1A0003_038 0.002 0.002 0.002 0.002 0.002 0.002 0.002 0.001 0.002 0.002 0.001 0.000 0.000 0.000 0.000
LYS+1A0003_039 0.003 0.003 0.003 0.003 0.003 0.003 0.003 0.003 0.003 0.003 0.002 0.000 0.000 0.000 0.000
LYS+1A0003_040 0.000 0.000 0.000 0.000 0.000 0.000 0.000 0.000 0.000 0.000 0.000 0.000 0.000 0.000 0.000
LYS+1A0003_041 0.000 0.000 0.000 0.000 0.000 0.000 0.000 0.000 0.000 0.000 0.000 0.000 0.000 0.000 0.000
LYS+1A0003_042 0.003 0.003 0.003 0.002 0.003 0.002 0.002 0.002 0.002 0.002 0.002 0.000 0.000 0.000 0.000
