 ph              0.0   1.0   2.0   3.0   4.0   5.0   6.0   7.0   8.0   9.0  10.0  11.0  12.0  13.0  14.0
ASN01A0138_001 0.279 0.277 0.278 0.279 0.277 0.277 0.280 0.277 0.277 0.279 0.279 0.279 0.277 0.276 0.276
ASN01A0138_002 0.000 0.000 0.000 0.000 0.000 0.000 0.000 0.000 0.000 0.000 0.000 0.000 0.000 0.000 0.000
ASN01A0138_003 0.053 0.053 0.052 0.053 0.052 0.053 0.053 0.053 0.053 0.053 0.052 0.053 0.054 0.053 0.053
ASN01A0138_004 0.172 0.171 0.171 0.171 0.171 0.171 0.171 0.171 0.170 0.172 0.171 0.171 0.170 0.170 0.171
ASN01A0138_005 0.079 0.079 0.079 0.079 0.079 0.079 0.079 0.079 0.079 0.078 0.078 0.078 0.079 0.079 0.079
ASN01A0138_006 0.005 0.005 0.005 0.005 0.005 0.005 0.005 0.005 0.005 0.005 0.005 0.005 0.005 0.005 0.005
ASN01A0138_007 0.379 0.380 0.382 0.379 0.382 0.381 0.378 0.381 0.381 0.379 0.380 0.380 0.381 0.383 0.382
ASN01A0138_008 0.032 0.032 0.031 0.031 0.031 0.032 0.031 0.032 0.032 0.032 0.032 0.032 0.032 0.032 0.032
ASN01A0138_009 0.003 0.003 0.003 0.003 0.003 0.003 0.003 0.003 0.003 0.003 0.003 0.003 0.003 0.003 0.003
