 ph              0.0   1.0   2.0   3.0   4.0   5.0   6.0   7.0   8.0   9.0  10.0  11.0  12.0  13.0  14.0
LYS01A0120_001 0.000 0.000 0.000 0.000 0.000 0.000 0.000 0.000 0.000 0.007 0.052 0.165 0.216 0.224 0.224
LYS01A0120_002 0.000 0.000 0.000 0.000 0.000 0.000 0.000 0.000 0.000 0.000 0.000 0.000 0.000 0.000 0.000
LYS01A0120_003 0.000 0.000 0.000 0.000 0.000 0.000 0.000 0.000 0.000 0.000 0.000 0.000 0.000 0.000 0.000
LYS01A0120_004 0.000 0.000 0.000 0.000 0.000 0.000 0.000 0.000 0.000 0.007 0.055 0.174 0.227 0.234 0.234
LYS01A0120_005 0.000 0.000 0.000 0.000 0.000 0.000 0.000 0.000 0.000 0.000 0.004 0.014 0.019 0.019 0.019
LYS01A0120_006 0.000 0.000 0.000 0.000 0.000 0.000 0.000 0.000 0.000 0.000 0.000 0.002 0.002 0.002 0.002
LYS01A0120_007 0.000 0.000 0.000 0.000 0.000 0.000 0.000 0.000 0.000 0.001 0.009 0.030 0.039 0.040 0.041
LYS01A0120_008 0.000 0.000 0.000 0.000 0.000 0.000 0.000 0.000 0.000 0.000 0.000 0.003 0.004 0.004 0.004
LYS01A0120_009 0.000 0.000 0.000 0.000 0.000 0.000 0.000 0.000 0.000 0.000 0.000 0.000 0.000 0.000 0.000
LYS01A0120_010 0.000 0.000 0.000 0.000 0.000 0.000 0.000 0.000 0.000 0.000 0.000 0.000 0.000 0.000 0.000
LYS01A0120_011 0.000 0.000 0.000 0.000 0.000 0.000 0.000 0.000 0.000 0.000 0.000 0.000 0.000 0.000 0.000
LYS01A0120_012 0.000 0.000 0.000 0.000 0.000 0.000 0.000 0.000 0.000 0.000 0.000 0.003 0.004 0.004 0.004
LYS01A0120_013 0.000 0.000 0.000 0.000 0.000 0.000 0.000 0.000 0.000 0.006 0.043 0.134 0.174 0.182 0.181
LYS01A0120_014 0.000 0.000 0.000 0.000 0.000 0.000 0.000 0.000 0.000 0.001 0.010 0.032 0.041 0.041 0.042
LYS01A0120_015 0.000 0.000 0.000 0.000 0.000 0.000 0.000 0.000 0.000 0.000 0.000 0.000 0.000 0.000 0.000
LYS01A0120_016 0.000 0.000 0.000 0.000 0.000 0.000 0.000 0.000 0.000 0.000 0.000 0.000 0.000 0.000 0.000
LYS01A0120_017 0.000 0.000 0.000 0.000 0.000 0.000 0.000 0.000 0.000 0.007 0.058 0.181 0.237 0.245 0.248
LYS01A0120_018 0.000 0.000 0.000 0.000 0.000 0.000 0.000 0.000 0.000 0.000 0.000 0.000 0.000 0.000 0.000
LYS01A0120_019 0.000 0.000 0.000 0.000 0.000 0.000 0.000 0.000 0.000 0.000 0.000 0.000 0.000 0.000 0.000
LYS01A0120_020 0.000 0.000 0.000 0.000 0.000 0.000 0.000 0.000 0.000 0.000 0.000 0.000 0.000 0.000 0.000
LYS+1A0120_021 0.210 0.212 0.210 0.212 0.213 0.212 0.209 0.212 0.211 0.207 0.163 0.056 0.008 0.000 0.000
LYS+1A0120_022 0.195 0.193 0.194 0.195 0.193 0.193 0.194 0.195 0.193 0.188 0.149 0.051 0.007 0.000 0.000
LYS+1A0120_023 0.000 0.000 0.000 0.000 0.000 0.000 0.000 0.000 0.000 0.000 0.000 0.000 0.000 0.000 0.000
LYS+1A0120_024 0.273 0.273 0.270 0.270 0.271 0.272 0.271 0.271 0.271 0.263 0.207 0.072 0.010 0.005 0.000
LYS+1A0120_025 0.002 0.002 0.002 0.002 0.002 0.003 0.002 0.002 0.002 0.002 0.002 0.000 0.000 0.000 0.000
LYS+1A0120_026 0.000 0.000 0.000 0.000 0.000 0.000 0.000 0.000 0.000 0.000 0.000 0.000 0.000 0.000 0.000
LYS+1A0120_027 0.000 0.000 0.000 0.000 0.000 0.000 0.000 0.000 0.000 0.000 0.000 0.000 0.000 0.000 0.000
LYS+1A0120_028 0.002 0.002 0.002 0.002 0.002 0.002 0.002 0.002 0.002 0.002 0.001 0.000 0.000 0.000 0.000
LYS+1A0120_029 0.000 0.000 0.000 0.000 0.000 0.000 0.000 0.000 0.000 0.000 0.000 0.000 0.000 0.000 0.000
LYS+1A0120_030 0.047 0.048 0.048 0.048 0.048 0.048 0.049 0.048 0.049 0.045 0.037 0.013 0.002 0.000 0.000
LYS+1A0120_031 0.000 0.000 0.000 0.000 0.000 0.000 0.000 0.000 0.000 0.000 0.000 0.000 0.000 0.000 0.000
LYS+1A0120_032 0.024 0.023 0.023 0.023 0.023 0.023 0.023 0.023 0.023 0.022 0.018 0.006 0.000 0.000 0.000
LYS+1A0120_033 0.002 0.002 0.002 0.002 0.002 0.002 0.002 0.002 0.002 0.002 0.001 0.000 0.000 0.000 0.000
LYS+1A0120_034 0.000 0.000 0.000 0.000 0.000 0.000 0.000 0.000 0.000 0.000 0.000 0.000 0.000 0.000 0.000
LYS+1A0120_035 0.040 0.040 0.040 0.041 0.039 0.040 0.040 0.040 0.040 0.039 0.031 0.010 0.002 0.000 0.000
LYS+1A0120_036 0.205 0.204 0.207 0.205 0.206 0.206 0.208 0.205 0.206 0.200 0.158 0.055 0.008 0.000 0.000
LYS+1A0120_037 0.000 0.000 0.000 0.000 0.000 0.000 0.000 0.000 0.000 0.000 0.000 0.000 0.000 0.000 0.000
LYS+1A0120_038 0.000 0.000 0.000 0.000 0.000 0.000 0.000 0.000 0.000 0.000 0.000 0.000 0.000 0.000 0.000
LYS+1A0120_039 0.000 0.000 0.000 0.000 0.000 0.000 0.000 0.000 0.000 0.000 0.000 0.000 0.000 0.000 0.000
LYS+1A0120_040 0.000 0.000 0.000 0.000 0.000 0.000 0.000 0.000 0.000 0.000 0.000 0.000 0.000 0.000 0.000
