 ph              0.0   1.0   2.0   3.0   4.0   5.0   6.0   7.0   8.0   9.0  10.0  11.0  12.0  13.0  14.0
PHE01A0046_001 0.284 0.285 0.285 0.282 0.282 0.282 0.284 0.284 0.285 0.283 0.282 0.286 0.283 0.284 0.284
PHE01A0046_002 0.095 0.095 0.094 0.094 0.093 0.095 0.095 0.095 0.094 0.094 0.094 0.094 0.095 0.094 0.095
PHE01A0046_003 0.000 0.000 0.000 0.000 0.000 0.000 0.000 0.000 0.000 0.000 0.000 0.000 0.000 0.000 0.000
PHE01A0046_004 0.075 0.074 0.073 0.074 0.072 0.074 0.074 0.073 0.075 0.073 0.074 0.075 0.074 0.073 0.074
PHE01A0046_005 0.003 0.003 0.003 0.003 0.003 0.003 0.003 0.003 0.003 0.003 0.003 0.003 0.003 0.003 0.003
PHE01A0046_006 0.514 0.513 0.517 0.517 0.520 0.518 0.515 0.515 0.515 0.517 0.518 0.513 0.517 0.517 0.515
PHE01A0046_007 0.000 0.000 0.000 0.000 0.000 0.000 0.000 0.000 0.000 0.000 0.000 0.000 0.000 0.000 0.000
PHE01A0046_008 0.000 0.000 0.000 0.000 0.000 0.000 0.000 0.000 0.000 0.000 0.000 0.000 0.000 0.000 0.000
PHE01A0046_009 0.004 0.003 0.003 0.003 0.003 0.003 0.003 0.003 0.003 0.003 0.003 0.004 0.003 0.004 0.003
PHE01A0046_010 0.000 0.000 0.000 0.000 0.000 0.000 0.000 0.000 0.000 0.000 0.000 0.000 0.000 0.000 0.000
PHE01A0046_011 0.000 0.000 0.000 0.000 0.000 0.000 0.000 0.000 0.000 0.000 0.000 0.000 0.000 0.000 0.000
PHE01A0046_012 0.016 0.017 0.016 0.016 0.016 0.016 0.016 0.017 0.016 0.016 0.017 0.016 0.017 0.017 0.016
PHE01A0046_013 0.000 0.000 0.000 0.000 0.000 0.000 0.000 0.000 0.000 0.000 0.000 0.000 0.000 0.000 0.000
PHE01A0046_014 0.000 0.000 0.000 0.000 0.000 0.000 0.000 0.000 0.000 0.000 0.000 0.000 0.000 0.000 0.000
PHE01A0046_015 0.000 0.000 0.000 0.000 0.000 0.000 0.000 0.000 0.000 0.000 0.000 0.000 0.000 0.000 0.000
PHE01A0046_016 0.009 0.009 0.009 0.009 0.009 0.009 0.009 0.009 0.009 0.009 0.009 0.009 0.009 0.009 0.009
PHE01A0046_017 0.000 0.000 0.000 0.000 0.000 0.000 0.000 0.000 0.000 0.000 0.000 0.000 0.000 0.000 0.000
PHE01A0046_018 0.000 0.000 0.000 0.000 0.000 0.000 0.000 0.000 0.000 0.000 0.000 0.000 0.000 0.000 0.000
