 ph              0.0   1.0   2.0   3.0   4.0   5.0   6.0   7.0   8.0   9.0  10.0  11.0  12.0  13.0  14.0
LEU01A0211_001 0.133 0.130 0.135 0.134 0.133 0.133 0.133 0.134 0.133 0.134 0.133 0.133 0.132 0.133 0.133
LEU01A0211_002 0.014 0.014 0.015 0.014 0.014 0.015 0.014 0.015 0.014 0.015 0.014 0.015 0.015 0.014 0.014
LEU01A0211_003 0.038 0.038 0.039 0.039 0.039 0.040 0.038 0.039 0.038 0.039 0.039 0.039 0.040 0.039 0.039
LEU01A0211_004 0.023 0.023 0.023 0.023 0.023 0.023 0.023 0.023 0.023 0.023 0.023 0.024 0.023 0.024 0.023
LEU01A0211_005 0.002 0.002 0.002 0.002 0.002 0.002 0.002 0.002 0.002 0.002 0.002 0.002 0.002 0.002 0.002
LEU01A0211_006 0.000 0.000 0.000 0.000 0.000 0.000 0.000 0.000 0.000 0.000 0.000 0.000 0.000 0.000 0.000
LEU01A0211_007 0.570 0.575 0.569 0.572 0.570 0.569 0.572 0.570 0.571 0.570 0.570 0.567 0.572 0.570 0.570
LEU01A0211_008 0.180 0.178 0.178 0.176 0.179 0.179 0.178 0.179 0.179 0.178 0.179 0.180 0.177 0.179 0.180
LEU01A0211_009 0.036 0.036 0.036 0.036 0.036 0.036 0.036 0.036 0.036 0.036 0.036 0.037 0.037 0.036 0.036
LEU01A0211_010 0.000 0.000 0.000 0.000 0.000 0.000 0.000 0.000 0.000 0.000 0.000 0.000 0.000 0.000 0.000
LEU01A0211_011 0.000 0.000 0.000 0.000 0.000 0.000 0.000 0.000 0.000 0.000 0.000 0.000 0.000 0.000 0.000
LEU01A0211_012 0.000 0.000 0.000 0.000 0.000 0.000 0.000 0.000 0.000 0.000 0.000 0.000 0.000 0.000 0.000
LEU01A0211_013 0.003 0.002 0.003 0.003 0.002 0.003 0.003 0.003 0.003 0.003 0.002 0.003 0.003 0.003 0.002
