 ph              0.0   1.0   2.0   3.0   4.0   5.0   6.0   7.0   8.0   9.0  10.0  11.0  12.0  13.0  14.0
ASP01A0116_001 0.000 0.000 0.000 0.000 0.000 0.000 0.000 0.000 0.000 0.000 0.000 0.000 0.000 0.000 0.000
ASP01A0116_002 0.031 0.030 0.030 0.028 0.015 0.003 0.000 0.000 0.000 0.000 0.000 0.000 0.000 0.000 0.000
ASP01A0116_003 0.004 0.004 0.004 0.004 0.002 0.000 0.000 0.000 0.000 0.000 0.000 0.000 0.000 0.000 0.000
ASP01A0116_004 0.000 0.000 0.000 0.000 0.000 0.000 0.000 0.000 0.000 0.000 0.000 0.000 0.000 0.000 0.000
ASP01A0116_005 0.107 0.106 0.105 0.096 0.053 0.011 0.000 0.000 0.000 0.000 0.000 0.000 0.000 0.000 0.000
ASP01A0116_006 0.011 0.011 0.011 0.010 0.005 0.000 0.000 0.000 0.000 0.000 0.000 0.000 0.000 0.000 0.000
ASP01A0116_007 0.005 0.005 0.005 0.004 0.002 0.000 0.000 0.000 0.000 0.000 0.000 0.000 0.000 0.000 0.000
ASP01A0116_008 0.000 0.000 0.000 0.000 0.000 0.000 0.000 0.000 0.000 0.000 0.000 0.000 0.000 0.000 0.000
ASP01A0116_009 0.409 0.417 0.410 0.374 0.203 0.042 0.011 0.000 0.000 0.000 0.000 0.000 0.000 0.000 0.000
ASP01A0116_010 0.091 0.090 0.090 0.083 0.045 0.009 0.000 0.000 0.000 0.000 0.000 0.000 0.000 0.000 0.000
ASP02A0116_011 0.000 0.000 0.000 0.000 0.000 0.000 0.000 0.000 0.000 0.000 0.000 0.000 0.000 0.000 0.000
ASP02A0116_012 0.000 0.000 0.000 0.000 0.000 0.000 0.000 0.000 0.000 0.000 0.000 0.000 0.000 0.000 0.000
ASP02A0116_013 0.008 0.008 0.008 0.007 0.004 0.000 0.000 0.000 0.000 0.000 0.000 0.000 0.000 0.000 0.000
ASP02A0116_014 0.002 0.002 0.002 0.001 0.000 0.000 0.000 0.000 0.000 0.000 0.000 0.000 0.000 0.000 0.000
ASP02A0116_015 0.000 0.000 0.000 0.000 0.000 0.000 0.000 0.000 0.000 0.000 0.000 0.000 0.000 0.000 0.000
ASP02A0116_016 0.005 0.005 0.005 0.005 0.003 0.000 0.000 0.000 0.000 0.000 0.000 0.000 0.000 0.000 0.000
ASP02A0116_017 0.007 0.008 0.007 0.007 0.004 0.000 0.000 0.000 0.000 0.000 0.000 0.000 0.000 0.000 0.000
ASP02A0116_018 0.181 0.177 0.177 0.163 0.089 0.018 0.005 0.000 0.000 0.000 0.000 0.000 0.000 0.000 0.000
ASP02A0116_019 0.050 0.049 0.049 0.045 0.024 0.005 0.000 0.000 0.000 0.000 0.000 0.000 0.000 0.000 0.000
ASP02A0116_020 0.088 0.088 0.087 0.078 0.043 0.009 0.000 0.000 0.000 0.000 0.000 0.000 0.000 0.000 0.000
ASP-1A0116_021 0.000 0.000 0.000 0.000 0.000 0.000 0.000 0.000 0.000 0.000 0.000 0.000 0.000 0.000 0.000
ASP-1A0116_022 0.000 0.000 0.002 0.019 0.105 0.184 0.201 0.206 0.204 0.205 0.204 0.206 0.206 0.207 0.205
ASP-1A0116_023 0.000 0.000 0.000 0.003 0.018 0.032 0.035 0.035 0.034 0.035 0.035 0.034 0.036 0.034 0.035
ASP-1A0116_024 0.000 0.000 0.007 0.057 0.301 0.539 0.586 0.593 0.598 0.596 0.597 0.595 0.593 0.593 0.594
ASP-1A0116_025 0.000 0.000 0.002 0.015 0.083 0.148 0.162 0.165 0.163 0.164 0.165 0.164 0.165 0.166 0.166
