 ph              0.0   1.0   2.0   3.0   4.0   5.0   6.0   7.0   8.0   9.0  10.0  11.0  12.0  13.0  14.0
GLU01A0222_001 0.023 0.023 0.022 0.020 0.010 0.002 0.000 0.000 0.000 0.000 0.000 0.000 0.000 0.000 0.000
GLU01A0222_002 0.012 0.012 0.012 0.011 0.006 0.000 0.000 0.000 0.000 0.000 0.000 0.000 0.000 0.000 0.000
GLU01A0222_003 0.024 0.024 0.024 0.022 0.011 0.002 0.000 0.000 0.000 0.000 0.000 0.000 0.000 0.000 0.000
GLU01A0222_004 0.279 0.283 0.279 0.253 0.128 0.025 0.005 0.000 0.000 0.000 0.000 0.000 0.000 0.000 0.000
GLU01A0222_005 0.009 0.009 0.008 0.007 0.004 0.000 0.000 0.000 0.000 0.000 0.000 0.000 0.000 0.000 0.000
GLU01A0222_006 0.016 0.016 0.016 0.015 0.007 0.002 0.000 0.000 0.000 0.000 0.000 0.000 0.000 0.000 0.000
GLU01A0222_007 0.000 0.000 0.000 0.000 0.000 0.000 0.000 0.000 0.000 0.000 0.000 0.000 0.000 0.000 0.000
GLU01A0222_008 0.147 0.145 0.145 0.131 0.068 0.013 0.000 0.000 0.000 0.000 0.000 0.000 0.000 0.000 0.000
GLU02A0222_009 0.009 0.009 0.008 0.008 0.004 0.000 0.000 0.000 0.000 0.000 0.000 0.000 0.000 0.000 0.000
GLU02A0222_010 0.002 0.002 0.002 0.001 0.000 0.000 0.000 0.000 0.000 0.000 0.000 0.000 0.000 0.000 0.000
GLU02A0222_011 0.162 0.163 0.160 0.145 0.075 0.014 0.003 0.000 0.000 0.000 0.000 0.000 0.000 0.000 0.000
GLU02A0222_012 0.021 0.021 0.021 0.019 0.010 0.002 0.000 0.000 0.000 0.000 0.000 0.000 0.000 0.000 0.000
GLU02A0222_013 0.000 0.000 0.000 0.000 0.000 0.000 0.000 0.000 0.000 0.000 0.000 0.000 0.000 0.000 0.000
GLU02A0222_014 0.009 0.009 0.009 0.008 0.004 0.000 0.000 0.000 0.000 0.000 0.000 0.000 0.000 0.000 0.000
GLU02A0222_015 0.003 0.003 0.003 0.002 0.001 0.000 0.000 0.000 0.000 0.000 0.000 0.000 0.000 0.000 0.000
GLU02A0222_016 0.285 0.282 0.279 0.251 0.130 0.024 0.005 0.000 0.000 0.000 0.000 0.000 0.000 0.000 0.000
GLU-1A0222_017 0.000 0.000 0.008 0.070 0.356 0.602 0.650 0.659 0.657 0.653 0.655 0.656 0.656 0.657 0.659
GLU-1A0222_018 0.000 0.000 0.004 0.035 0.178 0.299 0.322 0.325 0.327 0.331 0.329 0.328 0.328 0.327 0.326
GLU-1A0222_019 0.000 0.000 0.000 0.002 0.009 0.014 0.016 0.016 0.016 0.016 0.016 0.017 0.017 0.016 0.015
