 ph              0.0   1.0   2.0   3.0   4.0   5.0   6.0   7.0   8.0   9.0  10.0  11.0  12.0  13.0  14.0
TYR01A0075_001 0.109 0.109 0.110 0.110 0.109 0.110 0.110 0.107 0.105 0.081 0.025 0.004 0.000 0.000 0.000
TYR01A0075_002 0.000 0.000 0.000 0.000 0.000 0.000 0.000 0.000 0.000 0.000 0.000 0.000 0.000 0.000 0.000
TYR01A0075_003 0.000 0.000 0.000 0.000 0.000 0.000 0.000 0.000 0.000 0.000 0.000 0.000 0.000 0.000 0.000
TYR01A0075_004 0.435 0.438 0.435 0.436 0.434 0.433 0.433 0.432 0.418 0.327 0.101 0.015 0.000 0.000 0.000
TYR01A0075_005 0.006 0.006 0.006 0.006 0.006 0.006 0.006 0.006 0.006 0.004 0.001 0.000 0.000 0.000 0.000
TYR01A0075_006 0.016 0.016 0.016 0.016 0.015 0.016 0.016 0.016 0.015 0.012 0.004 0.000 0.000 0.000 0.000
TYR01A0075_007 0.000 0.000 0.000 0.000 0.000 0.000 0.000 0.000 0.000 0.000 0.000 0.000 0.000 0.000 0.000
TYR01A0075_008 0.036 0.036 0.036 0.036 0.036 0.036 0.036 0.036 0.035 0.026 0.008 0.001 0.000 0.000 0.000
TYR01A0075_009 0.000 0.000 0.000 0.000 0.000 0.000 0.000 0.000 0.000 0.000 0.000 0.000 0.000 0.000 0.000
TYR01A0075_010 0.046 0.045 0.044 0.046 0.045 0.046 0.044 0.045 0.043 0.033 0.010 0.002 0.000 0.000 0.000
TYR01A0075_011 0.000 0.000 0.000 0.000 0.000 0.001 0.000 0.000 0.000 0.000 0.000 0.000 0.000 0.000 0.000
TYR01A0075_012 0.027 0.027 0.027 0.027 0.027 0.027 0.027 0.027 0.026 0.020 0.006 0.000 0.000 0.000 0.000
TYR01A0075_013 0.000 0.000 0.000 0.000 0.000 0.000 0.000 0.000 0.000 0.000 0.000 0.000 0.000 0.000 0.000
TYR01A0075_014 0.127 0.125 0.127 0.126 0.127 0.128 0.128 0.126 0.123 0.094 0.029 0.004 0.000 0.000 0.000
TYR01A0075_015 0.000 0.000 0.000 0.000 0.000 0.000 0.000 0.000 0.000 0.000 0.000 0.000 0.000 0.000 0.000
TYR01A0075_016 0.002 0.002 0.002 0.002 0.002 0.002 0.002 0.002 0.002 0.002 0.000 0.000 0.000 0.000 0.000
TYR01A0075_017 0.195 0.196 0.196 0.195 0.196 0.194 0.197 0.194 0.189 0.143 0.045 0.007 0.000 0.000 0.000
TYR01A0075_018 0.000 0.000 0.000 0.000 0.000 0.000 0.000 0.000 0.000 0.000 0.000 0.000 0.000 0.000 0.000
TYR01A0075_019 0.000 0.000 0.000 0.000 0.000 0.000 0.000 0.000 0.000 0.000 0.000 0.000 0.000 0.000 0.000
TYR01A0075_020 0.000 0.000 0.000 0.000 0.000 0.000 0.000 0.000 0.000 0.000 0.000 0.000 0.000 0.000 0.000
TYR-1A0075_021 0.000 0.000 0.000 0.000 0.000 0.000 0.000 0.000 0.005 0.034 0.101 0.127 0.130 0.130 0.131
TYR-1A0075_022 0.000 0.000 0.000 0.000 0.000 0.000 0.000 0.000 0.000 0.007 0.020 0.026 0.026 0.026 0.026
TYR-1A0075_023 0.000 0.000 0.000 0.000 0.000 0.000 0.000 0.000 0.000 0.000 0.000 0.000 0.000 0.000 0.000
TYR-1A0075_024 0.000 0.000 0.000 0.000 0.000 0.000 0.000 0.000 0.005 0.030 0.091 0.117 0.119 0.122 0.120
TYR-1A0075_025 0.000 0.000 0.000 0.000 0.000 0.000 0.000 0.000 0.000 0.000 0.000 0.000 0.000 0.000 0.000
TYR-1A0075_026 0.000 0.000 0.000 0.000 0.000 0.000 0.000 0.000 0.008 0.048 0.144 0.180 0.187 0.188 0.187
TYR-1A0075_027 0.000 0.000 0.000 0.000 0.000 0.000 0.000 0.000 0.000 0.004 0.011 0.014 0.014 0.014 0.014
TYR-1A0075_028 0.000 0.000 0.000 0.000 0.000 0.000 0.000 0.000 0.000 0.000 0.000 0.000 0.000 0.000 0.000
TYR-1A0075_029 0.000 0.000 0.000 0.000 0.000 0.000 0.000 0.000 0.000 0.000 0.000 0.000 0.000 0.000 0.000
TYR-1A0075_030 0.000 0.000 0.000 0.000 0.000 0.000 0.000 0.000 0.001 0.009 0.027 0.034 0.035 0.034 0.035
TYR-1A0075_031 0.000 0.000 0.000 0.000 0.000 0.000 0.000 0.000 0.000 0.000 0.000 0.000 0.000 0.000 0.000
TYR-1A0075_032 0.000 0.000 0.000 0.000 0.000 0.000 0.000 0.000 0.000 0.000 0.003 0.003 0.004 0.003 0.003
TYR-1A0075_033 0.000 0.000 0.000 0.000 0.000 0.000 0.000 0.000 0.000 0.000 0.000 0.000 0.000 0.000 0.000
TYR-1A0075_034 0.000 0.000 0.000 0.000 0.000 0.000 0.000 0.000 0.000 0.006 0.019 0.024 0.024 0.024 0.025
TYR-1A0075_035 0.000 0.000 0.000 0.000 0.000 0.000 0.000 0.000 0.000 0.000 0.000 0.000 0.000 0.000 0.000
TYR-1A0075_036 0.000 0.000 0.000 0.000 0.000 0.000 0.000 0.007 0.019 0.117 0.349 0.435 0.453 0.451 0.451
TYR-1A0075_037 0.000 0.000 0.000 0.000 0.000 0.000 0.000 0.000 0.000 0.000 0.000 0.000 0.000 0.000 0.000
TYR-1A0075_038 0.000 0.000 0.000 0.000 0.000 0.000 0.000 0.000 0.000 0.000 0.000 0.000 0.000 0.000 0.000
TYR-1A0075_039 0.000 0.000 0.000 0.000 0.000 0.000 0.000 0.000 0.000 0.002 0.005 0.007 0.007 0.007 0.007
TYR-1A0075_040 0.000 0.000 0.000 0.000 0.000 0.000 0.000 0.000 0.000 0.000 0.000 0.000 0.000 0.000 0.000
