 ph              0.0   1.0   2.0   3.0   4.0   5.0   6.0   7.0   8.0   9.0  10.0  11.0  12.0  13.0  14.0
GLU01A0172_001 0.002 0.002 0.002 0.002 0.000 0.000 0.000 0.000 0.000 0.000 0.000 0.000 0.000 0.000 0.000
GLU01A0172_002 0.013 0.013 0.013 0.011 0.006 0.000 0.000 0.000 0.000 0.000 0.000 0.000 0.000 0.000 0.000
GLU01A0172_003 0.008 0.008 0.008 0.007 0.004 0.000 0.000 0.000 0.000 0.000 0.000 0.000 0.000 0.000 0.000
GLU01A0172_004 0.005 0.005 0.005 0.004 0.002 0.000 0.000 0.000 0.000 0.000 0.000 0.000 0.000 0.000 0.000
GLU01A0172_005 0.055 0.055 0.054 0.049 0.025 0.006 0.000 0.000 0.000 0.000 0.000 0.000 0.000 0.000 0.000
GLU01A0172_006 0.236 0.236 0.234 0.211 0.108 0.024 0.006 0.000 0.000 0.000 0.000 0.000 0.000 0.000 0.000
GLU01A0172_007 0.000 0.000 0.000 0.000 0.000 0.000 0.000 0.000 0.000 0.000 0.000 0.000 0.000 0.000 0.000
GLU01A0172_008 0.001 0.001 0.001 0.001 0.000 0.000 0.000 0.000 0.000 0.000 0.000 0.000 0.000 0.000 0.000
GLU01A0172_009 0.012 0.012 0.012 0.010 0.005 0.001 0.000 0.000 0.000 0.000 0.000 0.000 0.000 0.000 0.000
GLU01A0172_010 0.046 0.045 0.044 0.040 0.021 0.004 0.000 0.000 0.000 0.000 0.000 0.000 0.000 0.000 0.000
GLU01A0172_011 0.141 0.140 0.140 0.125 0.064 0.014 0.003 0.000 0.000 0.000 0.000 0.000 0.000 0.000 0.000
GLU02A0172_012 0.008 0.008 0.008 0.007 0.004 0.000 0.000 0.000 0.000 0.000 0.000 0.000 0.000 0.000 0.000
GLU02A0172_013 0.094 0.095 0.094 0.085 0.044 0.010 0.000 0.000 0.000 0.000 0.000 0.000 0.000 0.000 0.000
GLU02A0172_014 0.066 0.066 0.064 0.058 0.030 0.007 0.000 0.000 0.000 0.000 0.000 0.000 0.000 0.000 0.000
GLU02A0172_015 0.012 0.013 0.012 0.011 0.006 0.000 0.000 0.000 0.000 0.000 0.000 0.000 0.000 0.000 0.000
GLU02A0172_016 0.008 0.008 0.008 0.007 0.003 0.000 0.000 0.000 0.000 0.000 0.000 0.000 0.000 0.000 0.000
GLU02A0172_017 0.005 0.005 0.005 0.005 0.002 0.000 0.000 0.000 0.000 0.000 0.000 0.000 0.000 0.000 0.000
GLU02A0172_018 0.004 0.004 0.004 0.003 0.002 0.000 0.000 0.000 0.000 0.000 0.000 0.000 0.000 0.000 0.000
GLU02A0172_019 0.006 0.005 0.005 0.005 0.002 0.000 0.000 0.000 0.000 0.000 0.000 0.000 0.000 0.000 0.000
GLU02A0172_020 0.010 0.010 0.010 0.009 0.005 0.000 0.000 0.000 0.000 0.000 0.000 0.000 0.000 0.000 0.000
GLU02A0172_021 0.062 0.061 0.060 0.055 0.028 0.006 0.000 0.000 0.000 0.000 0.000 0.000 0.000 0.000 0.000
GLU02A0172_022 0.207 0.208 0.206 0.185 0.096 0.021 0.005 0.000 0.000 0.000 0.000 0.000 0.000 0.000 0.000
GLU-1A0172_023 0.000 0.000 0.002 0.016 0.081 0.136 0.146 0.149 0.151 0.152 0.148 0.150 0.151 0.151 0.149
GLU-1A0172_024 0.000 0.000 0.003 0.029 0.145 0.240 0.261 0.267 0.266 0.270 0.268 0.264 0.267 0.267 0.266
GLU-1A0172_025 0.000 0.000 0.002 0.021 0.107 0.180 0.196 0.197 0.197 0.197 0.198 0.198 0.197 0.197 0.200
GLU-1A0172_026 0.000 0.000 0.005 0.041 0.210 0.351 0.383 0.387 0.387 0.381 0.386 0.388 0.384 0.385 0.385
