 ph              0.0   1.0   2.0   3.0   4.0   5.0   6.0   7.0   8.0   9.0  10.0  11.0  12.0  13.0  14.0
HIS01A0202_001 0.000 0.000 0.000 0.000 0.000 0.000 0.005 0.025 0.047 0.052 0.053 0.053 0.054 0.054 0.053
HIS01A0202_002 0.000 0.000 0.000 0.000 0.000 0.000 0.007 0.036 0.070 0.077 0.079 0.079 0.078 0.079 0.079
HIS01A0202_003 0.000 0.000 0.000 0.000 0.000 0.000 0.000 0.000 0.001 0.002 0.002 0.002 0.002 0.002 0.002
HIS01A0202_004 0.000 0.000 0.000 0.000 0.000 0.000 0.000 0.003 0.005 0.005 0.006 0.006 0.006 0.006 0.006
HIS01A0202_005 0.000 0.000 0.000 0.000 0.000 0.000 0.000 0.002 0.003 0.004 0.004 0.004 0.004 0.004 0.004
HIS01A0202_006 0.000 0.000 0.000 0.000 0.000 0.000 0.004 0.019 0.036 0.039 0.041 0.041 0.041 0.041 0.041
HIS01A0202_007 0.000 0.000 0.000 0.000 0.000 0.000 0.000 0.005 0.010 0.011 0.011 0.011 0.011 0.011 0.011
HIS01A0202_008 0.000 0.000 0.000 0.000 0.000 0.000 0.000 0.003 0.006 0.007 0.007 0.007 0.007 0.007 0.007
HIS01A0202_009 0.000 0.000 0.000 0.000 0.000 0.000 0.000 0.000 0.000 0.000 0.000 0.000 0.000 0.000 0.000
HIS01A0202_010 0.000 0.000 0.000 0.000 0.000 0.000 0.000 0.000 0.000 0.000 0.000 0.000 0.000 0.000 0.000
HIS01A0202_011 0.000 0.000 0.000 0.000 0.000 0.000 0.000 0.000 0.001 0.002 0.001 0.002 0.002 0.002 0.002
HIS01A0202_012 0.000 0.000 0.000 0.000 0.000 0.000 0.006 0.030 0.059 0.066 0.066 0.065 0.066 0.066 0.066
HIS01A0202_013 0.000 0.000 0.000 0.000 0.000 0.000 0.000 0.000 0.000 0.000 0.000 0.000 0.000 0.000 0.000
HIS01A0202_014 0.000 0.000 0.000 0.000 0.000 0.000 0.000 0.000 0.000 0.000 0.000 0.000 0.000 0.000 0.000
HIS01A0202_015 0.000 0.000 0.000 0.000 0.000 0.000 0.000 0.000 0.000 0.000 0.000 0.000 0.000 0.000 0.000
HIS01A0202_016 0.000 0.000 0.000 0.000 0.000 0.000 0.002 0.008 0.015 0.017 0.017 0.017 0.017 0.017 0.018
HIS01A0202_017 0.000 0.000 0.000 0.000 0.000 0.000 0.000 0.001 0.002 0.002 0.002 0.002 0.002 0.002 0.002
HIS01A0202_018 0.000 0.000 0.000 0.000 0.000 0.000 0.005 0.023 0.045 0.050 0.051 0.052 0.051 0.051 0.051
HIS01A0202_019 0.000 0.000 0.000 0.000 0.000 0.000 0.000 0.000 0.000 0.000 0.000 0.000 0.000 0.000 0.000
HIS01A0202_020 0.000 0.000 0.000 0.000 0.000 0.000 0.000 0.000 0.000 0.000 0.000 0.000 0.000 0.000 0.000
HIS02A0202_021 0.000 0.000 0.000 0.000 0.000 0.004 0.012 0.060 0.115 0.129 0.130 0.128 0.128 0.129 0.130
HIS02A0202_022 0.000 0.000 0.000 0.000 0.000 0.000 0.000 0.000 0.000 0.000 0.000 0.000 0.000 0.000 0.000
HIS02A0202_023 0.000 0.000 0.000 0.000 0.000 0.000 0.000 0.000 0.000 0.000 0.000 0.000 0.000 0.000 0.000
HIS02A0202_024 0.000 0.000 0.000 0.000 0.000 0.000 0.000 0.000 0.001 0.001 0.001 0.001 0.001 0.001 0.001
HIS02A0202_025 0.000 0.000 0.000 0.000 0.000 0.000 0.000 0.005 0.009 0.010 0.010 0.010 0.010 0.010 0.010
HIS02A0202_026 0.000 0.000 0.000 0.000 0.000 0.000 0.000 0.001 0.002 0.002 0.002 0.002 0.002 0.002 0.002
HIS02A0202_027 0.000 0.000 0.000 0.000 0.000 0.000 0.002 0.008 0.015 0.016 0.017 0.016 0.017 0.017 0.017
HIS02A0202_028 0.000 0.000 0.000 0.000 0.000 0.000 0.007 0.035 0.068 0.075 0.076 0.076 0.077 0.077 0.077
HIS02A0202_029 0.000 0.000 0.000 0.000 0.000 0.004 0.012 0.061 0.117 0.130 0.132 0.132 0.131 0.131 0.131
HIS02A0202_030 0.000 0.000 0.000 0.000 0.000 0.000 0.000 0.003 0.005 0.005 0.005 0.005 0.006 0.005 0.005
HIS02A0202_031 0.000 0.000 0.000 0.000 0.000 0.006 0.018 0.090 0.175 0.196 0.197 0.198 0.198 0.197 0.196
HIS02A0202_032 0.000 0.000 0.000 0.000 0.000 0.000 0.000 0.000 0.000 0.000 0.000 0.000 0.000 0.000 0.000
HIS02A0202_033 0.000 0.000 0.000 0.000 0.000 0.000 0.006 0.028 0.054 0.060 0.061 0.062 0.062 0.062 0.061
HIS02A0202_034 0.000 0.000 0.000 0.000 0.000 0.000 0.000 0.000 0.000 0.000 0.000 0.000 0.000 0.000 0.000
HIS02A0202_035 0.000 0.000 0.000 0.000 0.000 0.000 0.000 0.000 0.000 0.000 0.000 0.000 0.000 0.000 0.000
HIS02A0202_036 0.000 0.000 0.000 0.000 0.000 0.000 0.002 0.008 0.015 0.016 0.017 0.017 0.017 0.017 0.017
HIS02A0202_037 0.000 0.000 0.000 0.000 0.000 0.000 0.000 0.000 0.001 0.002 0.001 0.001 0.001 0.001 0.001
HIS02A0202_038 0.000 0.000 0.000 0.000 0.000 0.000 0.000 0.005 0.009 0.010 0.010 0.010 0.010 0.010 0.010
HIS02A0202_039 0.000 0.000 0.000 0.000 0.000 0.000 0.000 0.000 0.000 0.000 0.000 0.000 0.000 0.000 0.000
HIS02A0202_040 0.000 0.000 0.000 0.000 0.000 0.000 0.000 0.000 0.000 0.000 0.000 0.000 0.000 0.000 0.000
HIS+1A0202_041 0.249 0.249 0.249 0.248 0.248 0.244 0.226 0.135 0.028 0.004 0.000 0.000 0.000 0.000 0.000
HIS+1A0202_042 0.000 0.000 0.000 0.000 0.000 0.000 0.000 0.000 0.000 0.000 0.000 0.000 0.000 0.000 0.000
HIS+1A0202_043 0.008 0.009 0.008 0.009 0.009 0.008 0.008 0.005 0.000 0.000 0.000 0.000 0.000 0.000 0.000
HIS+1A0202_044 0.176 0.175 0.177 0.176 0.174 0.174 0.160 0.096 0.019 0.003 0.000 0.000 0.000 0.000 0.000
HIS+1A0202_045 0.023 0.023 0.023 0.023 0.022 0.023 0.021 0.012 0.003 0.000 0.000 0.000 0.000 0.000 0.000
HIS+1A0202_046 0.002 0.002 0.002 0.002 0.002 0.002 0.002 0.000 0.000 0.000 0.000 0.000 0.000 0.000 0.000
HIS+1A0202_047 0.102 0.101 0.099 0.102 0.102 0.100 0.093 0.055 0.011 0.002 0.000 0.000 0.000 0.000 0.000
HIS+1A0202_048 0.029 0.029 0.029 0.029 0.029 0.029 0.027 0.016 0.003 0.000 0.000 0.000 0.000 0.000 0.000
HIS+1A0202_049 0.039 0.039 0.037 0.039 0.039 0.039 0.036 0.021 0.005 0.000 0.000 0.000 0.000 0.000 0.000
HIS+1A0202_050 0.002 0.002 0.002 0.002 0.002 0.002 0.001 0.000 0.000 0.000 0.000 0.000 0.000 0.000 0.000
HIS+1A0202_051 0.114 0.116 0.115 0.114 0.115 0.112 0.104 0.063 0.013 0.002 0.000 0.000 0.000 0.000 0.000
HIS+1A0202_052 0.000 0.000 0.000 0.000 0.000 0.000 0.000 0.000 0.000 0.000 0.000 0.000 0.000 0.000 0.000
HIS+1A0202_053 0.000 0.000 0.000 0.000 0.000 0.000 0.000 0.000 0.000 0.000 0.000 0.000 0.000 0.000 0.000
HIS+1A0202_054 0.000 0.000 0.000 0.000 0.000 0.000 0.000 0.000 0.000 0.000 0.000 0.000 0.000 0.000 0.000
HIS+1A0202_055 0.000 0.000 0.000 0.000 0.000 0.000 0.000 0.000 0.000 0.000 0.000 0.000 0.000 0.000 0.000
HIS+1A0202_056 0.000 0.000 0.000 0.000 0.000 0.000 0.000 0.000 0.000 0.000 0.000 0.000 0.000 0.000 0.000
HIS+1A0202_057 0.234 0.234 0.238 0.235 0.236 0.229 0.213 0.129 0.026 0.004 0.000 0.000 0.000 0.000 0.000
HIS+1A0202_058 0.022 0.022 0.021 0.021 0.021 0.021 0.020 0.012 0.002 0.000 0.000 0.000 0.000 0.000 0.000
HIS+1A0202_059 0.000 0.000 0.000 0.000 0.000 0.000 0.000 0.000 0.000 0.000 0.000 0.000 0.000 0.000 0.000
HIS+1A0202_060 0.000 0.000 0.000 0.000 0.000 0.000 0.000 0.000 0.000 0.000 0.000 0.000 0.000 0.000 0.000
