 ph              0.0   1.0   2.0   3.0   4.0   5.0   6.0   7.0   8.0   9.0  10.0  11.0  12.0  13.0  14.0
TRP01A0057_001 0.220 0.219 0.220 0.219 0.219 0.220 0.219 0.219 0.217 0.220 0.219 0.219 0.220 0.218 0.221
TRP01A0057_002 0.003 0.003 0.003 0.003 0.003 0.003 0.003 0.003 0.003 0.003 0.003 0.003 0.003 0.004 0.003
TRP01A0057_003 0.005 0.005 0.005 0.005 0.005 0.005 0.005 0.005 0.005 0.005 0.005 0.005 0.005 0.005 0.005
TRP01A0057_004 0.206 0.207 0.206 0.208 0.207 0.207 0.208 0.207 0.206 0.205 0.206 0.209 0.207 0.206 0.206
TRP01A0057_005 0.193 0.193 0.193 0.193 0.192 0.193 0.192 0.191 0.194 0.191 0.192 0.193 0.190 0.193 0.192
TRP01A0057_006 0.190 0.190 0.190 0.190 0.190 0.189 0.191 0.191 0.190 0.191 0.191 0.189 0.191 0.190 0.190
TRP01A0057_007 0.027 0.027 0.027 0.027 0.028 0.028 0.028 0.027 0.028 0.027 0.028 0.027 0.027 0.027 0.027
TRP01A0057_008 0.006 0.006 0.006 0.006 0.006 0.006 0.006 0.006 0.006 0.006 0.006 0.006 0.006 0.006 0.006
TRP01A0057_009 0.059 0.058 0.059 0.058 0.058 0.058 0.058 0.059 0.059 0.059 0.058 0.058 0.059 0.060 0.059
TRP01A0057_010 0.017 0.017 0.017 0.017 0.017 0.017 0.017 0.017 0.017 0.017 0.017 0.017 0.017 0.017 0.017
TRP01A0057_011 0.004 0.004 0.004 0.004 0.004 0.004 0.004 0.004 0.004 0.004 0.004 0.004 0.004 0.004 0.004
TRP01A0057_012 0.003 0.003 0.003 0.003 0.003 0.003 0.003 0.003 0.003 0.003 0.003 0.003 0.003 0.003 0.003
TRP01A0057_013 0.000 0.000 0.000 0.000 0.000 0.000 0.000 0.000 0.001 0.000 0.000 0.000 0.000 0.000 0.000
TRP01A0057_014 0.000 0.000 0.000 0.000 0.000 0.000 0.000 0.000 0.000 0.000 0.000 0.000 0.000 0.000 0.000
TRP01A0057_015 0.000 0.000 0.000 0.000 0.000 0.000 0.000 0.000 0.000 0.000 0.000 0.000 0.000 0.000 0.000
TRP01A0057_016 0.003 0.003 0.003 0.003 0.003 0.003 0.003 0.003 0.003 0.003 0.003 0.003 0.003 0.003 0.003
TRP01A0057_017 0.005 0.005 0.005 0.005 0.005 0.005 0.005 0.005 0.005 0.005 0.005 0.005 0.005 0.005 0.005
TRP01A0057_018 0.038 0.038 0.039 0.038 0.039 0.038 0.038 0.038 0.038 0.039 0.038 0.038 0.038 0.038 0.038
TRP01A0057_019 0.002 0.002 0.002 0.002 0.002 0.002 0.002 0.002 0.002 0.002 0.002 0.002 0.002 0.002 0.002
TRP01A0057_020 0.019 0.019 0.019 0.019 0.019 0.019 0.019 0.019 0.019 0.019 0.018 0.019 0.018 0.019 0.018
