 ph              0.0   1.0   2.0   3.0   4.0   5.0   6.0   7.0   8.0   9.0  10.0  11.0  12.0  13.0  14.0
LEU01A0156_001 0.000 0.000 0.000 0.000 0.000 0.000 0.000 0.000 0.000 0.000 0.000 0.000 0.000 0.000 0.000
LEU01A0156_002 0.021 0.021 0.021 0.022 0.020 0.021 0.021 0.021 0.020 0.021 0.021 0.021 0.021 0.021 0.021
LEU01A0156_003 0.012 0.011 0.012 0.012 0.012 0.012 0.012 0.012 0.011 0.012 0.012 0.012 0.012 0.012 0.012
LEU01A0156_004 0.000 0.000 0.000 0.000 0.000 0.000 0.000 0.000 0.000 0.000 0.000 0.000 0.000 0.000 0.000
LEU01A0156_005 0.002 0.002 0.002 0.002 0.002 0.002 0.002 0.002 0.002 0.002 0.002 0.002 0.002 0.002 0.002
LEU01A0156_006 0.748 0.749 0.747 0.748 0.749 0.749 0.748 0.749 0.749 0.749 0.748 0.749 0.748 0.751 0.746
LEU01A0156_007 0.184 0.183 0.184 0.183 0.183 0.181 0.182 0.182 0.184 0.181 0.183 0.181 0.183 0.181 0.184
LEU01A0156_008 0.000 0.000 0.000 0.000 0.000 0.000 0.000 0.000 0.000 0.000 0.000 0.000 0.000 0.000 0.000
LEU01A0156_009 0.000 0.000 0.000 0.000 0.000 0.000 0.000 0.000 0.000 0.000 0.000 0.000 0.000 0.000 0.000
LEU01A0156_010 0.003 0.003 0.003 0.003 0.003 0.003 0.003 0.003 0.003 0.003 0.003 0.003 0.003 0.003 0.003
LEU01A0156_011 0.011 0.011 0.011 0.011 0.012 0.011 0.011 0.011 0.011 0.012 0.011 0.011 0.011 0.011 0.011
LEU01A0156_012 0.000 0.000 0.000 0.000 0.000 0.000 0.000 0.000 0.000 0.000 0.000 0.000 0.000 0.000 0.000
LEU01A0156_013 0.020 0.020 0.020 0.020 0.019 0.020 0.020 0.020 0.019 0.021 0.020 0.020 0.020 0.020 0.020
LEU01A0156_014 0.000 0.000 0.000 0.000 0.000 0.000 0.000 0.000 0.000 0.000 0.000 0.000 0.000 0.000 0.000
