 ph              0.0   1.0   2.0   3.0   4.0   5.0   6.0   7.0   8.0   9.0  10.0  11.0  12.0  13.0  14.0
LYS01A0262_001 0.000 0.000 0.000 0.000 0.000 0.000 0.000 0.000 0.000 0.002 0.011 0.027 0.032 0.033 0.033
LYS01A0262_002 0.000 0.000 0.000 0.000 0.000 0.000 0.000 0.000 0.000 0.002 0.015 0.038 0.046 0.048 0.047
LYS01A0262_003 0.000 0.000 0.000 0.000 0.000 0.000 0.000 0.000 0.000 0.000 0.002 0.005 0.005 0.006 0.006
LYS01A0262_004 0.000 0.000 0.000 0.000 0.000 0.000 0.000 0.000 0.000 0.001 0.008 0.020 0.023 0.024 0.024
LYS01A0262_005 0.000 0.000 0.000 0.000 0.000 0.000 0.000 0.000 0.000 0.005 0.031 0.079 0.096 0.098 0.098
LYS01A0262_006 0.000 0.000 0.000 0.000 0.000 0.000 0.000 0.000 0.000 0.000 0.000 0.000 0.000 0.000 0.000
LYS01A0262_007 0.000 0.000 0.000 0.000 0.000 0.000 0.000 0.000 0.000 0.007 0.041 0.104 0.125 0.129 0.128
LYS01A0262_008 0.000 0.000 0.000 0.000 0.000 0.000 0.000 0.000 0.000 0.004 0.026 0.068 0.080 0.083 0.084
LYS01A0262_009 0.000 0.000 0.000 0.000 0.000 0.000 0.000 0.000 0.000 0.000 0.000 0.000 0.000 0.000 0.000
LYS01A0262_010 0.000 0.000 0.000 0.000 0.000 0.000 0.000 0.000 0.000 0.000 0.000 0.000 0.000 0.000 0.000
LYS01A0262_011 0.000 0.000 0.000 0.000 0.000 0.000 0.000 0.000 0.011 0.025 0.147 0.382 0.460 0.469 0.473
LYS01A0262_012 0.000 0.000 0.000 0.000 0.000 0.000 0.000 0.000 0.000 0.000 0.000 0.001 0.001 0.001 0.001
LYS01A0262_013 0.000 0.000 0.000 0.000 0.000 0.000 0.000 0.000 0.000 0.000 0.000 0.000 0.001 0.001 0.000
LYS01A0262_014 0.000 0.000 0.000 0.000 0.000 0.000 0.000 0.000 0.000 0.000 0.001 0.003 0.003 0.003 0.003
LYS01A0262_015 0.000 0.000 0.000 0.000 0.000 0.000 0.000 0.000 0.000 0.000 0.004 0.011 0.014 0.014 0.014
LYS01A0262_016 0.000 0.000 0.000 0.000 0.000 0.000 0.000 0.000 0.000 0.000 0.000 0.000 0.000 0.000 0.000
LYS01A0262_017 0.000 0.000 0.000 0.000 0.000 0.000 0.000 0.000 0.000 0.000 0.006 0.017 0.020 0.020 0.020
LYS01A0262_018 0.000 0.000 0.000 0.000 0.000 0.000 0.000 0.000 0.000 0.003 0.020 0.051 0.061 0.063 0.063
LYS01A0262_019 0.000 0.000 0.000 0.000 0.000 0.000 0.000 0.000 0.000 0.000 0.001 0.004 0.004 0.005 0.004
LYS01A0262_020 0.000 0.000 0.000 0.000 0.000 0.000 0.000 0.000 0.000 0.000 0.000 0.001 0.002 0.002 0.002
LYS+1A0262_021 0.055 0.055 0.055 0.055 0.055 0.055 0.056 0.055 0.054 0.052 0.038 0.010 0.002 0.000 0.000
LYS+1A0262_022 0.061 0.061 0.061 0.059 0.060 0.060 0.060 0.060 0.059 0.057 0.041 0.012 0.002 0.000 0.000
LYS+1A0262_023 0.000 0.000 0.000 0.000 0.000 0.000 0.000 0.000 0.000 0.000 0.000 0.000 0.000 0.000 0.000
LYS+1A0262_024 0.000 0.000 0.000 0.000 0.000 0.000 0.000 0.000 0.000 0.000 0.000 0.000 0.000 0.000 0.000
LYS+1A0262_025 0.359 0.363 0.361 0.361 0.363 0.361 0.361 0.361 0.357 0.344 0.251 0.070 0.010 0.000 0.000
LYS+1A0262_026 0.005 0.005 0.005 0.005 0.005 0.005 0.005 0.005 0.005 0.005 0.004 0.000 0.000 0.000 0.000
LYS+1A0262_027 0.004 0.004 0.004 0.004 0.004 0.004 0.004 0.004 0.004 0.004 0.003 0.000 0.000 0.000 0.000
LYS+1A0262_028 0.014 0.013 0.013 0.013 0.013 0.013 0.013 0.013 0.014 0.013 0.009 0.003 0.000 0.000 0.000
LYS+1A0262_029 0.021 0.020 0.020 0.021 0.020 0.021 0.020 0.020 0.020 0.020 0.014 0.004 0.000 0.000 0.000
LYS+1A0262_030 0.016 0.016 0.016 0.016 0.015 0.016 0.015 0.016 0.015 0.015 0.011 0.003 0.000 0.000 0.000
LYS+1A0262_031 0.035 0.034 0.034 0.035 0.034 0.035 0.035 0.035 0.034 0.033 0.023 0.006 0.000 0.000 0.000
LYS+1A0262_032 0.000 0.000 0.000 0.000 0.000 0.000 0.000 0.000 0.000 0.000 0.000 0.000 0.000 0.000 0.000
LYS+1A0262_033 0.005 0.005 0.005 0.005 0.005 0.005 0.005 0.005 0.005 0.005 0.003 0.000 0.000 0.000 0.000
LYS+1A0262_034 0.133 0.131 0.134 0.134 0.133 0.133 0.133 0.132 0.132 0.126 0.092 0.025 0.004 0.000 0.000
LYS+1A0262_035 0.155 0.153 0.152 0.155 0.154 0.153 0.154 0.153 0.152 0.145 0.105 0.030 0.004 0.000 0.000
LYS+1A0262_036 0.002 0.002 0.002 0.002 0.002 0.002 0.002 0.002 0.002 0.002 0.000 0.000 0.000 0.000 0.000
LYS+1A0262_037 0.001 0.001 0.001 0.000 0.001 0.001 0.001 0.001 0.000 0.001 0.000 0.000 0.000 0.000 0.000
LYS+1A0262_038 0.000 0.000 0.000 0.000 0.000 0.000 0.000 0.000 0.000 0.000 0.000 0.000 0.000 0.000 0.000
LYS+1A0262_039 0.135 0.136 0.136 0.136 0.136 0.137 0.136 0.136 0.135 0.130 0.094 0.026 0.004 0.000 0.000
LYS+1A0262_040 0.000 0.000 0.000 0.000 0.000 0.000 0.000 0.000 0.000 0.000 0.000 0.000 0.000 0.000 0.000
