 ph              0.0   1.0   2.0   3.0   4.0   5.0   6.0   7.0   8.0   9.0  10.0  11.0  12.0  13.0  14.0
TRP01A0058_001 0.256 0.254 0.256 0.259 0.259 0.257 0.257 0.257 0.257 0.257 0.260 0.258 0.257 0.258 0.255
TRP01A0058_002 0.013 0.012 0.012 0.012 0.012 0.012 0.012 0.012 0.012 0.012 0.012 0.012 0.012 0.012 0.012
TRP01A0058_003 0.043 0.044 0.044 0.044 0.043 0.044 0.043 0.044 0.044 0.043 0.044 0.044 0.044 0.044 0.043
TRP01A0058_004 0.002 0.002 0.002 0.002 0.002 0.002 0.002 0.002 0.002 0.002 0.002 0.002 0.002 0.002 0.002
TRP01A0058_005 0.147 0.147 0.147 0.146 0.146 0.147 0.147 0.147 0.149 0.147 0.146 0.146 0.146 0.147 0.147
TRP01A0058_006 0.001 0.001 0.001 0.001 0.001 0.001 0.001 0.001 0.001 0.001 0.001 0.001 0.001 0.001 0.001
TRP01A0058_007 0.003 0.003 0.003 0.003 0.003 0.003 0.003 0.003 0.003 0.003 0.003 0.003 0.003 0.003 0.003
TRP01A0058_008 0.028 0.028 0.028 0.027 0.028 0.028 0.028 0.028 0.028 0.028 0.028 0.028 0.028 0.028 0.028
TRP01A0058_009 0.031 0.030 0.031 0.030 0.030 0.030 0.031 0.031 0.030 0.030 0.031 0.030 0.031 0.030 0.031
TRP01A0058_010 0.046 0.046 0.046 0.046 0.046 0.046 0.046 0.046 0.046 0.046 0.046 0.046 0.046 0.046 0.046
TRP01A0058_011 0.004 0.004 0.004 0.004 0.004 0.004 0.004 0.004 0.004 0.004 0.004 0.004 0.004 0.004 0.004
TRP01A0058_012 0.034 0.034 0.034 0.034 0.034 0.034 0.034 0.034 0.034 0.034 0.034 0.034 0.034 0.034 0.034
TRP01A0058_013 0.003 0.003 0.003 0.003 0.003 0.003 0.003 0.003 0.003 0.003 0.003 0.003 0.003 0.003 0.003
TRP01A0058_014 0.048 0.048 0.048 0.048 0.048 0.047 0.048 0.048 0.048 0.048 0.048 0.048 0.047 0.048 0.048
TRP01A0058_015 0.252 0.255 0.253 0.252 0.253 0.253 0.252 0.253 0.250 0.253 0.249 0.252 0.252 0.252 0.251
TRP01A0058_016 0.020 0.019 0.020 0.020 0.019 0.020 0.020 0.019 0.020 0.019 0.020 0.020 0.020 0.020 0.020
TRP01A0058_017 0.003 0.003 0.003 0.003 0.003 0.003 0.003 0.003 0.003 0.003 0.003 0.003 0.003 0.003 0.003
TRP01A0058_018 0.022 0.022 0.022 0.022 0.022 0.022 0.022 0.022 0.021 0.021 0.022 0.022 0.022 0.022 0.022
TRP01A0058_019 0.044 0.045 0.044 0.044 0.044 0.044 0.044 0.044 0.044 0.045 0.045 0.044 0.045 0.044 0.045
