 ph              0.0   1.0   2.0   3.0   4.0   5.0   6.0   7.0   8.0   9.0  10.0  11.0  12.0  13.0  14.0
GLN01A0159_001 0.000 0.000 0.000 0.000 0.000 0.000 0.000 0.000 0.000 0.000 0.000 0.000 0.000 0.000 0.000
GLN01A0159_002 0.142 0.142 0.143 0.143 0.143 0.143 0.143 0.143 0.143 0.143 0.143 0.142 0.143 0.143 0.142
GLN01A0159_003 0.309 0.310 0.309 0.309 0.308 0.310 0.309 0.309 0.309 0.310 0.309 0.308 0.309 0.308 0.310
GLN01A0159_004 0.084 0.083 0.084 0.083 0.084 0.083 0.084 0.084 0.085 0.083 0.084 0.084 0.084 0.084 0.084
GLN01A0159_005 0.009 0.009 0.009 0.009 0.009 0.009 0.009 0.009 0.009 0.009 0.009 0.009 0.009 0.009 0.009
GLN01A0159_006 0.043 0.043 0.043 0.043 0.043 0.043 0.043 0.043 0.043 0.043 0.043 0.043 0.043 0.043 0.043
GLN01A0159_007 0.159 0.159 0.158 0.158 0.158 0.158 0.158 0.158 0.158 0.158 0.157 0.160 0.159 0.159 0.158
GLN01A0159_008 0.084 0.083 0.084 0.084 0.084 0.084 0.084 0.084 0.084 0.084 0.084 0.084 0.083 0.084 0.084
GLN01A0159_009 0.012 0.012 0.012 0.013 0.012 0.013 0.013 0.012 0.012 0.012 0.012 0.012 0.013 0.012 0.013
GLN01A0159_010 0.010 0.010 0.010 0.010 0.009 0.010 0.010 0.010 0.010 0.010 0.010 0.010 0.010 0.010 0.010
GLN01A0159_011 0.148 0.148 0.148 0.149 0.149 0.148 0.148 0.148 0.148 0.148 0.148 0.148 0.147 0.148 0.149
