 ph              0.0   1.0   2.0   3.0   4.0   5.0   6.0   7.0   8.0   9.0  10.0  11.0  12.0  13.0  14.0
LEU01A0210_001 0.050 0.050 0.051 0.050 0.051 0.050 0.051 0.050 0.050 0.049 0.051 0.050 0.050 0.050 0.050
LEU01A0210_002 0.288 0.289 0.289 0.287 0.287 0.288 0.288 0.289 0.286 0.289 0.290 0.288 0.289 0.290 0.288
LEU01A0210_003 0.105 0.104 0.104 0.105 0.104 0.103 0.103 0.104 0.104 0.104 0.103 0.104 0.105 0.104 0.104
LEU01A0210_004 0.002 0.002 0.002 0.002 0.002 0.002 0.002 0.002 0.002 0.002 0.002 0.002 0.002 0.002 0.002
LEU01A0210_005 0.004 0.004 0.004 0.004 0.004 0.004 0.004 0.004 0.004 0.004 0.004 0.004 0.004 0.004 0.004
LEU01A0210_006 0.000 0.000 0.000 0.000 0.000 0.000 0.000 0.000 0.000 0.000 0.000 0.000 0.000 0.000 0.000
LEU01A0210_007 0.273 0.273 0.273 0.273 0.273 0.275 0.274 0.275 0.276 0.274 0.274 0.274 0.273 0.273 0.274
LEU01A0210_008 0.166 0.165 0.164 0.165 0.166 0.165 0.164 0.163 0.164 0.165 0.164 0.165 0.164 0.164 0.165
LEU01A0210_009 0.099 0.099 0.100 0.099 0.099 0.099 0.100 0.100 0.100 0.099 0.098 0.100 0.100 0.100 0.100
LEU01A0210_010 0.002 0.002 0.002 0.002 0.002 0.002 0.002 0.002 0.002 0.002 0.002 0.002 0.002 0.002 0.002
LEU01A0210_011 0.011 0.012 0.011 0.011 0.012 0.011 0.011 0.011 0.012 0.011 0.011 0.011 0.011 0.011 0.012
LEU01A0210_012 0.000 0.000 0.000 0.000 0.000 0.000 0.000 0.000 0.000 0.000 0.000 0.000 0.000 0.000 0.000
