 ph              0.0   1.0   2.0   3.0   4.0   5.0   6.0   7.0   8.0   9.0  10.0  11.0  12.0  13.0  14.0
GLU01A0017_001 0.002 0.002 0.002 0.001 0.000 0.000 0.000 0.000 0.000 0.000 0.000 0.000 0.000 0.000 0.000
GLU01A0017_002 0.006 0.006 0.006 0.006 0.003 0.000 0.000 0.000 0.000 0.000 0.000 0.000 0.000 0.000 0.000
GLU01A0017_003 0.066 0.066 0.065 0.060 0.033 0.007 0.000 0.000 0.000 0.000 0.000 0.000 0.000 0.000 0.000
GLU01A0017_004 0.002 0.002 0.002 0.002 0.001 0.000 0.000 0.000 0.000 0.000 0.000 0.000 0.000 0.000 0.000
GLU01A0017_005 0.010 0.010 0.010 0.010 0.005 0.000 0.000 0.000 0.000 0.000 0.000 0.000 0.000 0.000 0.000
GLU01A0017_006 0.004 0.004 0.004 0.004 0.002 0.000 0.000 0.000 0.000 0.000 0.000 0.000 0.000 0.000 0.000
GLU01A0017_007 0.144 0.143 0.143 0.131 0.072 0.015 0.003 0.000 0.000 0.000 0.000 0.000 0.000 0.000 0.000
GLU01A0017_008 0.075 0.075 0.074 0.068 0.037 0.008 0.001 0.000 0.000 0.000 0.000 0.000 0.000 0.000 0.000
GLU01A0017_009 0.064 0.064 0.063 0.058 0.032 0.007 0.000 0.000 0.000 0.000 0.000 0.000 0.000 0.000 0.000
GLU02A0017_010 0.011 0.011 0.011 0.010 0.006 0.001 0.000 0.000 0.000 0.000 0.000 0.000 0.000 0.000 0.000
GLU02A0017_011 0.007 0.008 0.007 0.007 0.004 0.000 0.000 0.000 0.000 0.000 0.000 0.000 0.000 0.000 0.000
GLU02A0017_012 0.007 0.007 0.007 0.007 0.004 0.000 0.000 0.000 0.000 0.000 0.000 0.000 0.000 0.000 0.000
GLU02A0017_013 0.015 0.015 0.015 0.014 0.007 0.002 0.000 0.000 0.000 0.000 0.000 0.000 0.000 0.000 0.000
GLU02A0017_014 0.156 0.157 0.155 0.141 0.077 0.016 0.003 0.000 0.000 0.000 0.000 0.000 0.000 0.000 0.000
GLU02A0017_015 0.014 0.014 0.014 0.013 0.007 0.001 0.000 0.000 0.000 0.000 0.000 0.000 0.000 0.000 0.000
GLU02A0017_016 0.003 0.003 0.003 0.002 0.001 0.000 0.000 0.000 0.000 0.000 0.000 0.000 0.000 0.000 0.000
GLU02A0017_017 0.006 0.006 0.006 0.006 0.003 0.000 0.000 0.000 0.000 0.000 0.000 0.000 0.000 0.000 0.000
GLU02A0017_018 0.177 0.177 0.174 0.160 0.088 0.018 0.003 0.000 0.000 0.000 0.000 0.000 0.000 0.000 0.000
GLU02A0017_019 0.100 0.099 0.100 0.092 0.051 0.011 0.002 0.000 0.000 0.000 0.000 0.000 0.000 0.000 0.000
GLU02A0017_020 0.129 0.131 0.127 0.117 0.064 0.014 0.002 0.000 0.000 0.000 0.000 0.000 0.000 0.000 0.000
GLU-1A0017_021 0.000 0.000 0.003 0.025 0.136 0.243 0.267 0.269 0.271 0.271 0.269 0.270 0.273 0.270 0.271
GLU-1A0017_022 0.000 0.000 0.003 0.026 0.139 0.251 0.274 0.278 0.279 0.279 0.278 0.278 0.278 0.278 0.278
GLU-1A0017_023 0.000 0.000 0.003 0.024 0.130 0.231 0.255 0.258 0.258 0.256 0.258 0.257 0.254 0.258 0.258
GLU-1A0017_024 0.000 0.000 0.002 0.018 0.098 0.175 0.190 0.194 0.192 0.194 0.195 0.194 0.195 0.195 0.193
