 ph              0.0   1.0   2.0   3.0   4.0   5.0   6.0   7.0   8.0   9.0  10.0  11.0  12.0  13.0  14.0
ILE01A0161_001 0.000 0.000 0.000 0.000 0.000 0.000 0.000 0.000 0.000 0.000 0.000 0.000 0.000 0.000 0.000
ILE01A0161_002 0.220 0.221 0.222 0.221 0.223 0.222 0.222 0.223 0.221 0.222 0.221 0.223 0.222 0.221 0.222
ILE01A0161_003 0.598 0.597 0.597 0.595 0.594 0.596 0.597 0.594 0.597 0.595 0.594 0.592 0.595 0.597 0.595
ILE01A0161_004 0.013 0.013 0.013 0.013 0.013 0.013 0.013 0.013 0.013 0.013 0.013 0.013 0.013 0.013 0.013
ILE01A0161_005 0.000 0.000 0.000 0.000 0.000 0.000 0.000 0.000 0.000 0.000 0.000 0.000 0.000 0.000 0.000
ILE01A0161_006 0.123 0.122 0.121 0.123 0.124 0.121 0.121 0.122 0.122 0.122 0.124 0.123 0.123 0.122 0.123
ILE01A0161_007 0.036 0.037 0.037 0.038 0.037 0.038 0.037 0.038 0.037 0.038 0.037 0.038 0.038 0.037 0.037
ILE01A0161_008 0.010 0.010 0.010 0.010 0.010 0.010 0.010 0.010 0.010 0.010 0.010 0.010 0.010 0.010 0.010
ILE01A0161_009 0.000 0.000 0.000 0.000 0.000 0.000 0.000 0.000 0.000 0.000 0.000 0.000 0.000 0.000 0.000
