 ph              0.0   1.0   2.0   3.0   4.0   5.0   6.0   7.0   8.0   9.0  10.0  11.0  12.0  13.0  14.0
LEU01A0144_001 0.386 0.384 0.385 0.386 0.384 0.387 0.387 0.385 0.387 0.384 0.384 0.386 0.383 0.385 0.384
LEU01A0144_002 0.179 0.179 0.179 0.177 0.178 0.177 0.178 0.178 0.178 0.179 0.178 0.178 0.180 0.177 0.178
LEU01A0144_003 0.122 0.122 0.122 0.122 0.122 0.121 0.120 0.122 0.121 0.121 0.122 0.121 0.121 0.122 0.122
LEU01A0144_004 0.185 0.187 0.186 0.186 0.186 0.186 0.186 0.186 0.185 0.185 0.186 0.185 0.185 0.185 0.187
LEU01A0144_005 0.000 0.000 0.000 0.000 0.000 0.000 0.000 0.000 0.000 0.000 0.000 0.000 0.000 0.000 0.000
LEU01A0144_006 0.004 0.003 0.004 0.003 0.003 0.003 0.003 0.003 0.003 0.004 0.004 0.004 0.003 0.003 0.003
LEU01A0144_007 0.014 0.014 0.014 0.014 0.014 0.014 0.014 0.014 0.014 0.014 0.014 0.014 0.014 0.014 0.014
LEU01A0144_008 0.022 0.022 0.022 0.022 0.021 0.021 0.022 0.022 0.022 0.022 0.021 0.022 0.022 0.022 0.022
LEU01A0144_009 0.029 0.028 0.028 0.028 0.028 0.028 0.028 0.028 0.028 0.029 0.029 0.029 0.029 0.029 0.029
LEU01A0144_010 0.058 0.058 0.058 0.059 0.060 0.058 0.059 0.059 0.059 0.059 0.059 0.059 0.059 0.059 0.059
LEU01A0144_011 0.003 0.003 0.003 0.003 0.003 0.003 0.002 0.003 0.002 0.003 0.003 0.003 0.002 0.002 0.003
LEU01A0144_012 0.000 0.000 0.000 0.000 0.000 0.000 0.000 0.000 0.000 0.000 0.000 0.000 0.000 0.000 0.000
