 ph              0.0   1.0   2.0   3.0   4.0   5.0   6.0   7.0   8.0   9.0  10.0  11.0  12.0  13.0  14.0
LEU01A0197_001 0.818 0.819 0.815 0.815 0.817 0.818 0.817 0.817 0.817 0.819 0.819 0.818 0.819 0.823 0.818
LEU01A0197_002 0.001 0.001 0.000 0.001 0.001 0.000 0.001 0.000 0.001 0.000 0.000 0.001 0.001 0.000 0.001
LEU01A0197_003 0.052 0.051 0.054 0.053 0.053 0.053 0.053 0.053 0.053 0.052 0.053 0.053 0.053 0.052 0.053
LEU01A0197_004 0.004 0.004 0.004 0.004 0.004 0.004 0.004 0.004 0.004 0.004 0.004 0.004 0.004 0.004 0.004
LEU01A0197_005 0.027 0.028 0.028 0.028 0.028 0.027 0.028 0.028 0.027 0.027 0.028 0.027 0.026 0.026 0.027
LEU01A0197_006 0.000 0.000 0.000 0.000 0.000 0.000 0.000 0.000 0.000 0.000 0.000 0.000 0.000 0.000 0.000
LEU01A0197_007 0.000 0.000 0.000 0.000 0.000 0.000 0.000 0.000 0.000 0.000 0.000 0.000 0.000 0.000 0.000
LEU01A0197_008 0.098 0.097 0.098 0.099 0.097 0.098 0.098 0.098 0.098 0.097 0.097 0.097 0.097 0.095 0.097
LEU01A0197_009 0.000 0.000 0.000 0.000 0.000 0.000 0.000 0.000 0.000 0.000 0.000 0.000 0.000 0.000 0.000
