 ph              0.0   1.0   2.0   3.0   4.0   5.0   6.0   7.0   8.0   9.0  10.0  11.0  12.0  13.0  14.0
HIS01A0142_001 0.000 0.000 0.000 0.000 0.000 0.000 0.000 0.000 0.000 0.000 0.000 0.000 0.000 0.000 0.000
HIS01A0142_002 0.000 0.000 0.000 0.000 0.000 0.000 0.000 0.004 0.011 0.013 0.013 0.013 0.014 0.014 0.013
HIS01A0142_003 0.000 0.000 0.000 0.000 0.000 0.000 0.000 0.007 0.019 0.022 0.022 0.022 0.023 0.022 0.022
HIS01A0142_004 0.000 0.000 0.000 0.000 0.000 0.000 0.005 0.024 0.063 0.073 0.076 0.076 0.077 0.076 0.076
HIS01A0142_005 0.000 0.000 0.000 0.000 0.000 0.003 0.017 0.083 0.207 0.244 0.251 0.254 0.251 0.256 0.253
HIS01A0142_006 0.000 0.000 0.000 0.000 0.000 0.000 0.000 0.000 0.000 0.000 0.000 0.000 0.000 0.000 0.000
HIS01A0142_007 0.000 0.000 0.000 0.000 0.000 0.000 0.000 0.000 0.000 0.000 0.000 0.001 0.000 0.001 0.000
HIS01A0142_008 0.000 0.000 0.000 0.000 0.000 0.000 0.000 0.000 0.000 0.000 0.000 0.000 0.000 0.000 0.000
HIS01A0142_009 0.000 0.000 0.000 0.000 0.000 0.000 0.000 0.000 0.000 0.000 0.000 0.000 0.000 0.000 0.000
HIS01A0142_010 0.000 0.000 0.000 0.000 0.000 0.000 0.000 0.000 0.000 0.000 0.000 0.000 0.000 0.000 0.000
HIS01A0142_011 0.000 0.000 0.000 0.000 0.000 0.000 0.000 0.000 0.000 0.000 0.000 0.000 0.000 0.000 0.000
HIS01A0142_012 0.000 0.000 0.000 0.000 0.000 0.000 0.000 0.000 0.000 0.000 0.000 0.000 0.000 0.000 0.000
HIS01A0142_013 0.000 0.000 0.000 0.000 0.000 0.000 0.000 0.006 0.016 0.020 0.019 0.020 0.020 0.020 0.020
HIS01A0142_014 0.000 0.000 0.000 0.000 0.000 0.000 0.000 0.002 0.006 0.007 0.007 0.007 0.007 0.007 0.007
HIS01A0142_015 0.000 0.000 0.000 0.000 0.000 0.000 0.000 0.000 0.000 0.000 0.000 0.000 0.000 0.000 0.000
HIS01A0142_016 0.000 0.000 0.000 0.000 0.000 0.000 0.000 0.002 0.005 0.006 0.006 0.006 0.006 0.007 0.007
HIS01A0142_017 0.000 0.000 0.000 0.000 0.000 0.000 0.000 0.000 0.001 0.002 0.002 0.002 0.002 0.002 0.002
HIS01A0142_018 0.000 0.000 0.000 0.000 0.000 0.000 0.000 0.000 0.000 0.000 0.000 0.000 0.000 0.000 0.000
HIS01A0142_019 0.000 0.000 0.000 0.000 0.000 0.000 0.000 0.000 0.000 0.000 0.000 0.000 0.000 0.000 0.000
HIS01A0142_020 0.000 0.000 0.000 0.000 0.000 0.000 0.000 0.000 0.000 0.000 0.000 0.000 0.000 0.000 0.000
HIS02A0142_021 0.000 0.000 0.000 0.000 0.000 0.000 0.000 0.000 0.000 0.000 0.000 0.000 0.000 0.000 0.000
HIS02A0142_022 0.000 0.000 0.000 0.000 0.000 0.000 0.000 0.000 0.000 0.000 0.000 0.000 0.000 0.000 0.000
HIS02A0142_023 0.000 0.000 0.000 0.000 0.000 0.000 0.002 0.009 0.024 0.028 0.028 0.029 0.029 0.028 0.028
HIS02A0142_024 0.000 0.000 0.000 0.000 0.000 0.000 0.000 0.000 0.000 0.000 0.000 0.000 0.000 0.000 0.000
HIS02A0142_025 0.000 0.000 0.000 0.000 0.000 0.000 0.000 0.000 0.002 0.002 0.002 0.002 0.002 0.002 0.002
HIS02A0142_026 0.000 0.000 0.000 0.000 0.000 0.000 0.000 0.000 0.000 0.001 0.001 0.001 0.001 0.000 0.001
HIS02A0142_027 0.000 0.000 0.000 0.000 0.000 0.000 0.000 0.000 0.000 0.000 0.000 0.000 0.000 0.000 0.000
HIS02A0142_028 0.000 0.000 0.000 0.000 0.000 0.000 0.000 0.000 0.000 0.000 0.000 0.000 0.000 0.000 0.000
HIS02A0142_029 0.000 0.000 0.000 0.000 0.000 0.000 0.000 0.000 0.000 0.000 0.000 0.000 0.000 0.000 0.000
HIS02A0142_030 0.000 0.000 0.000 0.000 0.000 0.000 0.000 0.000 0.000 0.000 0.000 0.000 0.000 0.000 0.000
HIS02A0142_031 0.000 0.000 0.000 0.000 0.000 0.000 0.000 0.003 0.007 0.008 0.009 0.009 0.009 0.009 0.009
HIS02A0142_032 0.000 0.000 0.000 0.000 0.000 0.000 0.000 0.000 0.000 0.000 0.000 0.000 0.000 0.000 0.000
HIS02A0142_033 0.000 0.000 0.000 0.000 0.000 0.000 0.000 0.000 0.000 0.000 0.000 0.000 0.000 0.000 0.000
HIS02A0142_034 0.000 0.000 0.000 0.000 0.000 0.000 0.006 0.029 0.075 0.089 0.091 0.090 0.092 0.090 0.091
HIS02A0142_035 0.000 0.000 0.000 0.000 0.000 0.000 0.000 0.006 0.015 0.017 0.017 0.018 0.018 0.018 0.018
HIS02A0142_036 0.000 0.000 0.000 0.000 0.000 0.005 0.029 0.139 0.348 0.417 0.428 0.427 0.427 0.428 0.429
HIS02A0142_037 0.000 0.000 0.000 0.000 0.000 0.000 0.000 0.003 0.008 0.009 0.009 0.009 0.009 0.009 0.009
HIS02A0142_038 0.000 0.000 0.000 0.000 0.000 0.000 0.000 0.000 0.000 0.000 0.000 0.000 0.000 0.000 0.000
HIS02A0142_039 0.000 0.000 0.000 0.000 0.000 0.000 0.000 0.004 0.011 0.013 0.013 0.013 0.013 0.012 0.013
HIS02A0142_040 0.000 0.000 0.000 0.000 0.000 0.000 0.000 0.000 0.000 0.000 0.000 0.000 0.000 0.000 0.000
HIS+1A0142_041 0.000 0.000 0.000 0.000 0.000 0.000 0.000 0.000 0.000 0.000 0.000 0.000 0.000 0.000 0.000
HIS+1A0142_042 0.010 0.010 0.010 0.010 0.010 0.010 0.010 0.007 0.002 0.000 0.000 0.000 0.000 0.000 0.000
HIS+1A0142_043 0.002 0.002 0.002 0.002 0.000 0.002 0.001 0.000 0.000 0.000 0.000 0.000 0.000 0.000 0.000
HIS+1A0142_044 0.000 0.000 0.000 0.000 0.000 0.000 0.000 0.000 0.000 0.000 0.000 0.000 0.000 0.000 0.000
HIS+1A0142_045 0.000 0.000 0.000 0.000 0.000 0.000 0.000 0.000 0.000 0.000 0.000 0.000 0.000 0.000 0.000
HIS+1A0142_046 0.032 0.030 0.032 0.031 0.030 0.031 0.029 0.020 0.006 0.000 0.000 0.000 0.000 0.000 0.000
HIS+1A0142_047 0.181 0.180 0.181 0.181 0.181 0.176 0.167 0.123 0.034 0.006 0.000 0.000 0.000 0.000 0.000
HIS+1A0142_048 0.026 0.025 0.027 0.026 0.026 0.026 0.025 0.018 0.005 0.000 0.000 0.000 0.000 0.000 0.000
HIS+1A0142_049 0.004 0.004 0.004 0.005 0.004 0.005 0.004 0.003 0.000 0.000 0.000 0.000 0.000 0.000 0.000
HIS+1A0142_050 0.000 0.000 0.000 0.000 0.000 0.000 0.000 0.000 0.000 0.000 0.000 0.000 0.000 0.000 0.000
HIS+1A0142_051 0.000 0.000 0.000 0.000 0.000 0.000 0.000 0.000 0.000 0.000 0.000 0.000 0.000 0.000 0.000
HIS+1A0142_052 0.000 0.000 0.000 0.000 0.000 0.000 0.000 0.000 0.000 0.000 0.000 0.000 0.000 0.000 0.000
HIS+1A0142_053 0.018 0.018 0.019 0.019 0.019 0.018 0.018 0.013 0.004 0.000 0.000 0.000 0.000 0.000 0.000
HIS+1A0142_054 0.690 0.696 0.690 0.690 0.694 0.687 0.651 0.468 0.127 0.024 0.004 0.000 0.000 0.000 0.000
HIS+1A0142_055 0.000 0.000 0.000 0.000 0.000 0.000 0.000 0.000 0.000 0.000 0.000 0.000 0.000 0.000 0.000
HIS+1A0142_056 0.000 0.000 0.000 0.000 0.000 0.000 0.000 0.000 0.000 0.000 0.000 0.000 0.000 0.000 0.000
HIS+1A0142_057 0.031 0.030 0.032 0.032 0.031 0.031 0.029 0.021 0.006 0.000 0.000 0.000 0.000 0.000 0.000
HIS+1A0142_058 0.005 0.005 0.005 0.005 0.004 0.005 0.004 0.003 0.000 0.000 0.000 0.000 0.000 0.000 0.000
HIS+1A0142_059 0.000 0.000 0.000 0.000 0.000 0.000 0.000 0.000 0.000 0.000 0.000 0.000 0.000 0.000 0.000
HIS+1A0142_060 0.000 0.000 0.000 0.000 0.000 0.000 0.000 0.000 0.000 0.000 0.000 0.000 0.000 0.000 0.000
