 ph              0.0   1.0   2.0   3.0   4.0   5.0   6.0   7.0   8.0   9.0  10.0  11.0  12.0  13.0  14.0
LEU01A0016_001 0.614 0.617 0.621 0.620 0.618 0.620 0.619 0.620 0.617 0.619 0.622 0.617 0.619 0.617 0.620
LEU01A0016_002 0.017 0.018 0.017 0.018 0.017 0.017 0.017 0.017 0.017 0.017 0.018 0.018 0.017 0.018 0.018
LEU01A0016_003 0.000 0.000 0.000 0.000 0.000 0.000 0.000 0.000 0.000 0.000 0.000 0.000 0.000 0.000 0.000
LEU01A0016_004 0.000 0.000 0.000 0.000 0.000 0.000 0.000 0.000 0.000 0.000 0.000 0.000 0.000 0.000 0.000
LEU01A0016_005 0.105 0.104 0.103 0.103 0.104 0.103 0.104 0.103 0.105 0.103 0.103 0.105 0.103 0.105 0.103
LEU01A0016_006 0.250 0.249 0.245 0.246 0.248 0.246 0.247 0.247 0.248 0.248 0.244 0.248 0.248 0.248 0.247
LEU01A0016_007 0.011 0.011 0.011 0.011 0.011 0.011 0.011 0.011 0.011 0.011 0.011 0.011 0.011 0.011 0.011
LEU01A0016_008 0.002 0.002 0.002 0.002 0.002 0.002 0.002 0.002 0.002 0.002 0.002 0.002 0.002 0.002 0.002
LEU01A0016_009 0.000 0.000 0.000 0.000 0.000 0.000 0.000 0.000 0.000 0.000 0.000 0.000 0.000 0.000 0.000
