 ph              0.0   1.0   2.0   3.0   4.0   5.0   6.0   7.0   8.0   9.0  10.0  11.0  12.0  13.0  14.0
ASP01A0213_001 0.000 0.000 0.000 0.000 0.000 0.000 0.000 0.000 0.000 0.000 0.000 0.000 0.000 0.000 0.000
ASP01A0213_002 0.008 0.008 0.007 0.006 0.003 0.000 0.000 0.000 0.000 0.000 0.000 0.000 0.000 0.000 0.000
ASP01A0213_003 0.024 0.024 0.024 0.021 0.010 0.001 0.000 0.000 0.000 0.000 0.000 0.000 0.000 0.000 0.000
ASP01A0213_004 0.000 0.000 0.000 0.000 0.000 0.000 0.000 0.000 0.000 0.000 0.000 0.000 0.000 0.000 0.000
ASP01A0213_005 0.193 0.193 0.191 0.168 0.078 0.013 0.002 0.000 0.000 0.000 0.000 0.000 0.000 0.000 0.000
ASP01A0213_006 0.306 0.305 0.300 0.267 0.123 0.021 0.003 0.000 0.000 0.000 0.000 0.000 0.000 0.000 0.000
ASP01A0213_007 0.003 0.003 0.003 0.003 0.001 0.000 0.000 0.000 0.000 0.000 0.000 0.000 0.000 0.000 0.000
ASP02A0213_008 0.000 0.000 0.000 0.000 0.000 0.000 0.000 0.000 0.000 0.000 0.000 0.000 0.000 0.000 0.000
ASP02A0213_009 0.011 0.011 0.011 0.010 0.004 0.000 0.000 0.000 0.000 0.000 0.000 0.000 0.000 0.000 0.000
ASP02A0213_010 0.001 0.001 0.001 0.001 0.000 0.000 0.000 0.000 0.000 0.000 0.000 0.000 0.000 0.000 0.000
ASP02A0213_011 0.214 0.214 0.211 0.185 0.087 0.015 0.002 0.000 0.000 0.000 0.000 0.000 0.000 0.000 0.000
ASP02A0213_012 0.031 0.030 0.030 0.026 0.012 0.002 0.000 0.000 0.000 0.000 0.000 0.000 0.000 0.000 0.000
ASP02A0213_013 0.018 0.018 0.018 0.015 0.007 0.001 0.000 0.000 0.000 0.000 0.000 0.000 0.000 0.000 0.000
ASP02A0213_014 0.192 0.193 0.188 0.168 0.078 0.013 0.002 0.000 0.000 0.000 0.000 0.000 0.000 0.000 0.000
ASP-1A0213_015 0.000 0.000 0.000 0.000 0.002 0.003 0.004 0.004 0.004 0.004 0.003 0.004 0.003 0.003 0.004
ASP-1A0213_016 0.000 0.000 0.008 0.070 0.318 0.493 0.531 0.535 0.536 0.534 0.536 0.530 0.536 0.531 0.532
ASP-1A0213_017 0.000 0.000 0.007 0.060 0.275 0.437 0.457 0.461 0.461 0.462 0.461 0.466 0.460 0.465 0.464
