 ph              0.0   1.0   2.0   3.0   4.0   5.0   6.0   7.0   8.0   9.0  10.0  11.0  12.0  13.0  14.0
HIS01A0181_001 0.000 0.000 0.000 0.000 0.000 0.000 0.001 0.009 0.021 0.026 0.026 0.026 0.026 0.026 0.026
HIS01A0181_002 0.000 0.000 0.000 0.000 0.000 0.000 0.002 0.014 0.034 0.040 0.039 0.041 0.040 0.041 0.041
HIS01A0181_003 0.000 0.000 0.000 0.000 0.000 0.000 0.001 0.010 0.023 0.027 0.028 0.027 0.027 0.028 0.027
HIS01A0181_004 0.000 0.000 0.000 0.000 0.000 0.000 0.002 0.013 0.030 0.035 0.036 0.037 0.036 0.036 0.036
HIS01A0181_005 0.000 0.000 0.000 0.000 0.000 0.000 0.004 0.028 0.068 0.081 0.081 0.081 0.081 0.080 0.080
HIS01A0181_006 0.000 0.000 0.000 0.000 0.000 0.000 0.000 0.000 0.000 0.000 0.000 0.000 0.000 0.000 0.000
HIS01A0181_007 0.000 0.000 0.000 0.000 0.000 0.000 0.001 0.007 0.018 0.021 0.021 0.021 0.020 0.021 0.021
HIS01A0181_008 0.000 0.000 0.000 0.000 0.000 0.000 0.000 0.000 0.000 0.000 0.000 0.000 0.000 0.000 0.000
HIS01A0181_009 0.000 0.000 0.000 0.000 0.000 0.000 0.000 0.000 0.000 0.000 0.000 0.000 0.000 0.000 0.000
HIS01A0181_010 0.000 0.000 0.000 0.000 0.000 0.000 0.000 0.000 0.000 0.000 0.000 0.000 0.000 0.000 0.000
HIS01A0181_011 0.000 0.000 0.000 0.000 0.000 0.000 0.000 0.000 0.000 0.000 0.000 0.000 0.000 0.000 0.000
HIS01A0181_012 0.000 0.000 0.000 0.000 0.000 0.000 0.006 0.039 0.094 0.109 0.112 0.111 0.112 0.112 0.113
HIS01A0181_013 0.000 0.000 0.000 0.000 0.000 0.000 0.000 0.000 0.000 0.000 0.000 0.000 0.000 0.000 0.000
HIS01A0181_014 0.000 0.000 0.000 0.000 0.000 0.000 0.000 0.000 0.002 0.003 0.003 0.003 0.003 0.003 0.003
HIS01A0181_015 0.000 0.000 0.000 0.000 0.000 0.000 0.000 0.000 0.000 0.000 0.000 0.000 0.000 0.000 0.000
HIS01A0181_016 0.000 0.000 0.000 0.000 0.000 0.000 0.000 0.000 0.000 0.000 0.000 0.000 0.000 0.000 0.000
HIS01A0181_017 0.000 0.000 0.000 0.000 0.000 0.000 0.000 0.000 0.000 0.000 0.000 0.000 0.000 0.000 0.000
HIS01A0181_018 0.000 0.000 0.000 0.000 0.000 0.000 0.000 0.000 0.000 0.000 0.000 0.000 0.000 0.000 0.000
HIS02A0181_019 0.000 0.000 0.000 0.000 0.000 0.000 0.001 0.009 0.021 0.024 0.025 0.025 0.025 0.025 0.025
HIS02A0181_020 0.000 0.000 0.000 0.000 0.000 0.000 0.002 0.012 0.028 0.032 0.033 0.033 0.033 0.032 0.033
HIS02A0181_021 0.000 0.000 0.000 0.000 0.000 0.000 0.005 0.030 0.073 0.083 0.086 0.086 0.086 0.086 0.085
HIS02A0181_022 0.000 0.000 0.000 0.000 0.000 0.000 0.003 0.022 0.053 0.061 0.064 0.064 0.063 0.064 0.064
HIS02A0181_023 0.000 0.000 0.000 0.000 0.000 0.000 0.009 0.061 0.145 0.168 0.173 0.174 0.173 0.174 0.172
HIS02A0181_024 0.000 0.000 0.000 0.000 0.000 0.000 0.000 0.000 0.000 0.000 0.000 0.000 0.000 0.000 0.000
HIS02A0181_025 0.000 0.000 0.000 0.000 0.000 0.000 0.000 0.000 0.000 0.000 0.000 0.000 0.000 0.000 0.000
HIS02A0181_026 0.000 0.000 0.000 0.000 0.000 0.000 0.000 0.000 0.002 0.002 0.003 0.003 0.003 0.003 0.003
HIS02A0181_027 0.000 0.000 0.000 0.000 0.000 0.000 0.002 0.016 0.037 0.044 0.044 0.044 0.045 0.044 0.045
HIS02A0181_028 0.000 0.000 0.000 0.000 0.000 0.000 0.000 0.000 0.000 0.001 0.001 0.001 0.001 0.001 0.001
HIS02A0181_029 0.000 0.000 0.000 0.000 0.000 0.000 0.000 0.000 0.000 0.000 0.000 0.000 0.000 0.000 0.000
HIS02A0181_030 0.000 0.000 0.000 0.000 0.000 0.000 0.000 0.000 0.000 0.000 0.000 0.000 0.000 0.000 0.000
HIS02A0181_031 0.000 0.000 0.000 0.000 0.000 0.010 0.012 0.079 0.187 0.218 0.222 0.220 0.222 0.222 0.223
HIS02A0181_032 0.000 0.000 0.000 0.000 0.000 0.000 0.000 0.000 0.000 0.000 0.000 0.000 0.000 0.000 0.000
HIS02A0181_033 0.000 0.000 0.000 0.000 0.000 0.000 0.000 0.000 0.002 0.003 0.003 0.003 0.003 0.003 0.003
HIS02A0181_034 0.000 0.000 0.000 0.000 0.000 0.000 0.000 0.000 0.000 0.000 0.000 0.000 0.000 0.000 0.000
HIS02A0181_035 0.000 0.000 0.000 0.000 0.000 0.000 0.000 0.000 0.000 0.000 0.000 0.000 0.000 0.000 0.000
HIS02A0181_036 0.000 0.000 0.000 0.000 0.000 0.000 0.000 0.000 0.000 0.000 0.000 0.000 0.000 0.000 0.000
HIS02A0181_037 0.000 0.000 0.000 0.000 0.000 0.000 0.000 0.000 0.000 0.000 0.000 0.000 0.000 0.000 0.000
HIS+1A0181_038 0.035 0.035 0.035 0.034 0.035 0.034 0.033 0.022 0.006 0.000 0.000 0.000 0.000 0.000 0.000
HIS+1A0181_039 0.353 0.352 0.350 0.354 0.352 0.348 0.335 0.229 0.056 0.008 0.000 0.000 0.000 0.000 0.000
HIS+1A0181_040 0.118 0.116 0.117 0.116 0.116 0.116 0.109 0.076 0.018 0.003 0.000 0.000 0.000 0.000 0.000
HIS+1A0181_041 0.000 0.000 0.000 0.000 0.000 0.000 0.000 0.000 0.000 0.000 0.000 0.000 0.000 0.000 0.000
HIS+1A0181_042 0.012 0.012 0.012 0.011 0.011 0.012 0.011 0.008 0.002 0.000 0.000 0.000 0.000 0.000 0.000
HIS+1A0181_043 0.000 0.000 0.000 0.000 0.000 0.000 0.000 0.000 0.000 0.000 0.000 0.000 0.000 0.000 0.000
HIS+1A0181_044 0.003 0.003 0.003 0.003 0.002 0.003 0.003 0.002 0.000 0.000 0.000 0.000 0.000 0.000 0.000
HIS+1A0181_045 0.000 0.000 0.000 0.000 0.000 0.000 0.000 0.000 0.000 0.000 0.000 0.000 0.000 0.000 0.000
HIS+1A0181_046 0.000 0.000 0.000 0.000 0.000 0.000 0.000 0.000 0.000 0.000 0.000 0.000 0.000 0.000 0.000
HIS+1A0181_047 0.000 0.000 0.000 0.000 0.000 0.000 0.000 0.000 0.000 0.000 0.000 0.000 0.000 0.000 0.000
HIS+1A0181_048 0.077 0.076 0.078 0.076 0.076 0.075 0.073 0.050 0.012 0.002 0.000 0.000 0.000 0.000 0.000
HIS+1A0181_049 0.072 0.070 0.072 0.071 0.070 0.069 0.066 0.047 0.011 0.002 0.000 0.000 0.000 0.000 0.000
HIS+1A0181_050 0.296 0.302 0.299 0.300 0.301 0.298 0.283 0.195 0.048 0.007 0.000 0.000 0.000 0.000 0.000
HIS+1A0181_051 0.000 0.000 0.000 0.000 0.000 0.000 0.000 0.000 0.000 0.000 0.000 0.000 0.000 0.000 0.000
HIS+1A0181_052 0.001 0.001 0.001 0.001 0.001 0.001 0.001 0.000 0.000 0.000 0.000 0.000 0.000 0.000 0.000
HIS+1A0181_053 0.033 0.032 0.032 0.032 0.033 0.032 0.032 0.021 0.005 0.000 0.000 0.000 0.000 0.000 0.000
HIS+1A0181_054 0.001 0.001 0.001 0.001 0.001 0.001 0.001 0.000 0.000 0.000 0.000 0.000 0.000 0.000 0.000
HIS+1A0181_055 0.000 0.000 0.000 0.000 0.000 0.000 0.000 0.000 0.000 0.000 0.000 0.000 0.000 0.000 0.000
HIS+1A0181_056 0.000 0.000 0.000 0.000 0.000 0.000 0.000 0.000 0.000 0.000 0.000 0.000 0.000 0.000 0.000
