 ph              0.0   1.0   2.0   3.0   4.0   5.0   6.0   7.0   8.0   9.0  10.0  11.0  12.0  13.0  14.0
ASN01A0149_001 0.341 0.344 0.344 0.342 0.341 0.342 0.344 0.341 0.341 0.341 0.343 0.343 0.344 0.345 0.342
ASN01A0149_002 0.032 0.032 0.031 0.032 0.032 0.032 0.032 0.032 0.032 0.031 0.031 0.031 0.032 0.031 0.031
ASN01A0149_003 0.000 0.000 0.000 0.000 0.000 0.000 0.000 0.000 0.000 0.001 0.000 0.000 0.001 0.000 0.000
ASN01A0149_004 0.082 0.082 0.081 0.082 0.082 0.082 0.082 0.082 0.083 0.082 0.082 0.083 0.082 0.082 0.082
ASN01A0149_005 0.001 0.000 0.000 0.000 0.000 0.000 0.000 0.000 0.000 0.000 0.000 0.000 0.000 0.000 0.000
ASN01A0149_006 0.007 0.007 0.007 0.007 0.007 0.007 0.007 0.007 0.007 0.007 0.007 0.007 0.007 0.007 0.007
ASN01A0149_007 0.103 0.103 0.103 0.102 0.103 0.104 0.103 0.104 0.104 0.103 0.104 0.103 0.103 0.104 0.103
ASN01A0149_008 0.000 0.000 0.000 0.000 0.000 0.000 0.000 0.000 0.000 0.000 0.000 0.000 0.000 0.000 0.000
ASN01A0149_009 0.039 0.039 0.039 0.039 0.039 0.039 0.039 0.039 0.039 0.039 0.039 0.040 0.039 0.039 0.039
ASN01A0149_010 0.031 0.031 0.030 0.030 0.031 0.030 0.030 0.031 0.031 0.031 0.031 0.030 0.030 0.030 0.030
ASN01A0149_011 0.054 0.054 0.054 0.054 0.055 0.054 0.054 0.054 0.055 0.054 0.054 0.054 0.055 0.053 0.054
ASN01A0149_012 0.017 0.017 0.017 0.017 0.017 0.017 0.017 0.017 0.017 0.017 0.017 0.017 0.017 0.017 0.017
ASN01A0149_013 0.293 0.290 0.292 0.294 0.293 0.292 0.292 0.292 0.290 0.293 0.292 0.291 0.290 0.291 0.293
ASN01A0149_014 0.000 0.000 0.000 0.000 0.000 0.000 0.000 0.000 0.000 0.000 0.000 0.000 0.000 0.000 0.000
