 ph              0.0   1.0   2.0   3.0   4.0   5.0   6.0   7.0   8.0   9.0  10.0  11.0  12.0  13.0  14.0
ASP01A0037_001 0.000 0.000 0.000 0.000 0.000 0.000 0.000 0.000 0.000 0.000 0.000 0.000 0.000 0.000 0.000
ASP01A0037_002 0.009 0.009 0.009 0.008 0.004 0.000 0.000 0.000 0.000 0.000 0.000 0.000 0.000 0.000 0.000
ASP01A0037_003 0.499 0.497 0.492 0.446 0.226 0.041 0.006 0.000 0.000 0.000 0.000 0.000 0.000 0.000 0.000
ASP01A0037_004 0.036 0.036 0.036 0.033 0.016 0.003 0.000 0.000 0.000 0.000 0.000 0.000 0.000 0.000 0.000
ASP01A0037_005 0.027 0.028 0.027 0.025 0.012 0.002 0.000 0.000 0.000 0.000 0.000 0.000 0.000 0.000 0.000
ASP02A0037_006 0.002 0.002 0.002 0.002 0.000 0.000 0.000 0.000 0.000 0.000 0.000 0.000 0.000 0.000 0.000
ASP02A0037_007 0.016 0.016 0.016 0.014 0.007 0.001 0.000 0.000 0.000 0.000 0.000 0.000 0.000 0.000 0.000
ASP02A0037_008 0.027 0.027 0.027 0.024 0.012 0.002 0.000 0.000 0.000 0.000 0.000 0.000 0.000 0.000 0.000
ASP02A0037_009 0.383 0.383 0.377 0.341 0.176 0.030 0.005 0.000 0.000 0.000 0.000 0.000 0.000 0.000 0.000
ASP-1A0037_010 0.000 0.000 0.000 0.010 0.049 0.083 0.090 0.092 0.089 0.093 0.092 0.096 0.089 0.090 0.094
ASP-1A0037_011 0.000 0.002 0.014 0.098 0.497 0.837 0.899 0.908 0.911 0.907 0.908 0.904 0.911 0.910 0.906
