 ph              0.0   1.0   2.0   3.0   4.0   5.0   6.0   7.0   8.0   9.0  10.0  11.0  12.0  13.0  14.0
ASN01A0185_001 0.179 0.179 0.177 0.178 0.178 0.179 0.178 0.179 0.179 0.177 0.178 0.179 0.178 0.178 0.178
ASN01A0185_002 0.141 0.143 0.144 0.143 0.143 0.142 0.142 0.143 0.142 0.143 0.142 0.142 0.143 0.142 0.142
ASN01A0185_003 0.336 0.337 0.338 0.339 0.338 0.341 0.338 0.336 0.336 0.340 0.337 0.335 0.338 0.339 0.338
ASN01A0185_004 0.014 0.013 0.013 0.014 0.014 0.013 0.013 0.014 0.014 0.013 0.013 0.014 0.014 0.014 0.013
ASN01A0185_005 0.007 0.007 0.007 0.007 0.007 0.007 0.007 0.007 0.007 0.007 0.007 0.007 0.007 0.007 0.007
ASN01A0185_006 0.000 0.000 0.000 0.000 0.000 0.000 0.000 0.000 0.000 0.000 0.000 0.000 0.000 0.000 0.000
ASN01A0185_007 0.000 0.000 0.000 0.000 0.000 0.000 0.000 0.000 0.000 0.000 0.000 0.000 0.000 0.000 0.000
ASN01A0185_008 0.246 0.245 0.245 0.245 0.244 0.243 0.246 0.245 0.247 0.244 0.247 0.247 0.245 0.245 0.245
ASN01A0185_009 0.003 0.002 0.002 0.003 0.002 0.002 0.002 0.003 0.002 0.002 0.002 0.003 0.002 0.003 0.002
ASN01A0185_010 0.073 0.072 0.072 0.071 0.071 0.071 0.072 0.072 0.072 0.071 0.072 0.072 0.071 0.071 0.072
ASN01A0185_011 0.000 0.000 0.000 0.000 0.000 0.000 0.000 0.000 0.000 0.000 0.000 0.000 0.000 0.000 0.000
ASN01A0185_012 0.001 0.001 0.001 0.001 0.001 0.001 0.001 0.001 0.001 0.001 0.001 0.001 0.001 0.001 0.001
