 ph              0.0   1.0   2.0   3.0   4.0   5.0   6.0   7.0   8.0   9.0  10.0  11.0  12.0  13.0  14.0
GLU01A0114_001 0.002 0.002 0.002 0.002 0.001 0.000 0.000 0.000 0.000 0.000 0.000 0.000 0.000 0.000 0.000
GLU01A0114_002 0.002 0.002 0.002 0.002 0.001 0.000 0.000 0.000 0.000 0.000 0.000 0.000 0.000 0.000 0.000
GLU01A0114_003 0.000 0.000 0.000 0.000 0.000 0.000 0.000 0.000 0.000 0.000 0.000 0.000 0.000 0.000 0.000
GLU01A0114_004 0.007 0.007 0.007 0.007 0.005 0.001 0.000 0.000 0.000 0.000 0.000 0.000 0.000 0.000 0.000
GLU01A0114_005 0.000 0.000 0.000 0.000 0.000 0.000 0.000 0.000 0.000 0.000 0.000 0.000 0.000 0.000 0.000
GLU01A0114_006 0.000 0.000 0.000 0.000 0.000 0.000 0.000 0.000 0.000 0.000 0.000 0.000 0.000 0.000 0.000
GLU01A0114_007 0.047 0.048 0.046 0.044 0.032 0.010 0.001 0.000 0.000 0.000 0.000 0.000 0.000 0.000 0.000
GLU01A0114_008 0.072 0.071 0.071 0.068 0.049 0.014 0.002 0.000 0.000 0.000 0.000 0.000 0.000 0.000 0.000
GLU01A0114_009 0.002 0.002 0.002 0.002 0.002 0.000 0.000 0.000 0.000 0.000 0.000 0.000 0.000 0.000 0.000
GLU01A0114_010 0.004 0.004 0.004 0.004 0.003 0.000 0.000 0.000 0.000 0.000 0.000 0.000 0.000 0.000 0.000
GLU01A0114_011 0.000 0.000 0.000 0.000 0.000 0.000 0.000 0.000 0.000 0.000 0.000 0.000 0.000 0.000 0.000
GLU01A0114_012 0.012 0.011 0.011 0.011 0.008 0.002 0.000 0.000 0.000 0.000 0.000 0.000 0.000 0.000 0.000
GLU01A0114_013 0.006 0.006 0.007 0.006 0.005 0.001 0.000 0.000 0.000 0.000 0.000 0.000 0.000 0.000 0.000
GLU01A0114_014 0.000 0.000 0.000 0.000 0.000 0.000 0.000 0.000 0.000 0.000 0.000 0.000 0.000 0.000 0.000
GLU01A0114_015 0.000 0.000 0.000 0.000 0.000 0.000 0.000 0.000 0.000 0.000 0.000 0.000 0.000 0.000 0.000
GLU01A0114_016 0.000 0.000 0.000 0.000 0.000 0.000 0.000 0.000 0.000 0.000 0.000 0.000 0.000 0.000 0.000
GLU01A0114_017 0.151 0.152 0.150 0.144 0.104 0.031 0.004 0.000 0.000 0.000 0.000 0.000 0.000 0.000 0.000
GLU01A0114_018 0.000 0.000 0.000 0.000 0.000 0.000 0.000 0.000 0.000 0.000 0.000 0.000 0.000 0.000 0.000
GLU01A0114_019 0.173 0.174 0.172 0.167 0.120 0.035 0.005 0.000 0.000 0.000 0.000 0.000 0.000 0.000 0.000
GLU02A0114_020 0.006 0.006 0.006 0.006 0.004 0.000 0.000 0.000 0.000 0.000 0.000 0.000 0.000 0.000 0.000
GLU02A0114_021 0.003 0.003 0.003 0.003 0.002 0.000 0.000 0.000 0.000 0.000 0.000 0.000 0.000 0.000 0.000
GLU02A0114_022 0.072 0.071 0.072 0.069 0.050 0.015 0.002 0.000 0.000 0.000 0.000 0.000 0.000 0.000 0.000
GLU02A0114_023 0.000 0.001 0.001 0.001 0.000 0.000 0.000 0.000 0.000 0.000 0.000 0.000 0.000 0.000 0.000
GLU02A0114_024 0.164 0.163 0.163 0.157 0.114 0.033 0.005 0.000 0.000 0.000 0.000 0.000 0.000 0.000 0.000
GLU02A0114_025 0.004 0.004 0.004 0.004 0.003 0.000 0.000 0.000 0.000 0.000 0.000 0.000 0.000 0.000 0.000
GLU02A0114_026 0.000 0.000 0.000 0.000 0.000 0.000 0.000 0.000 0.000 0.000 0.000 0.000 0.000 0.000 0.000
GLU02A0114_027 0.000 0.000 0.000 0.000 0.000 0.000 0.000 0.000 0.000 0.000 0.000 0.000 0.000 0.000 0.000
GLU02A0114_028 0.003 0.003 0.003 0.003 0.002 0.000 0.000 0.000 0.000 0.000 0.000 0.000 0.000 0.000 0.000
GLU02A0114_029 0.000 0.000 0.000 0.000 0.000 0.000 0.000 0.000 0.000 0.000 0.000 0.000 0.000 0.000 0.000
GLU02A0114_030 0.000 0.000 0.000 0.000 0.000 0.000 0.000 0.000 0.000 0.000 0.000 0.000 0.000 0.000 0.000
GLU02A0114_031 0.010 0.010 0.010 0.009 0.007 0.002 0.000 0.000 0.000 0.000 0.000 0.000 0.000 0.000 0.000
GLU02A0114_032 0.000 0.000 0.000 0.000 0.000 0.000 0.000 0.000 0.000 0.000 0.000 0.000 0.000 0.000 0.000
GLU02A0114_033 0.007 0.007 0.007 0.007 0.005 0.001 0.000 0.000 0.000 0.000 0.000 0.000 0.000 0.000 0.000
GLU02A0114_034 0.000 0.000 0.000 0.000 0.000 0.000 0.000 0.000 0.000 0.000 0.000 0.000 0.000 0.000 0.000
GLU02A0114_035 0.069 0.068 0.069 0.066 0.048 0.014 0.002 0.000 0.000 0.000 0.000 0.000 0.000 0.000 0.000
GLU02A0114_036 0.000 0.000 0.000 0.000 0.000 0.000 0.000 0.000 0.000 0.000 0.000 0.000 0.000 0.000 0.000
GLU02A0114_037 0.003 0.003 0.003 0.003 0.002 0.000 0.000 0.000 0.000 0.000 0.000 0.000 0.000 0.000 0.000
GLU02A0114_038 0.180 0.181 0.179 0.172 0.124 0.037 0.005 0.000 0.000 0.000 0.000 0.000 0.000 0.000 0.000
GLU-1A0114_039 0.000 0.000 0.002 0.016 0.116 0.300 0.362 0.369 0.372 0.375 0.374 0.372 0.372 0.372 0.374
GLU-1A0114_040 0.000 0.000 0.002 0.013 0.095 0.243 0.295 0.304 0.304 0.302 0.303 0.300 0.306 0.305 0.302
GLU-1A0114_041 0.000 0.000 0.001 0.010 0.075 0.193 0.235 0.243 0.240 0.240 0.240 0.242 0.239 0.240 0.239
GLU-1A0114_042 0.000 0.000 0.000 0.000 0.000 0.002 0.002 0.002 0.002 0.002 0.002 0.002 0.002 0.002 0.002
GLU-1A0114_043 0.000 0.000 0.000 0.002 0.013 0.033 0.041 0.042 0.041 0.042 0.041 0.042 0.042 0.041 0.042
GLU-1A0114_044 0.000 0.000 0.000 0.000 0.000 0.003 0.003 0.003 0.003 0.003 0.003 0.003 0.003 0.003 0.003
GLU-1A0114_045 0.000 0.000 0.000 0.002 0.011 0.029 0.036 0.036 0.037 0.037 0.036 0.038 0.036 0.037 0.037
