 ph              0.0   1.0   2.0   3.0   4.0   5.0   6.0   7.0   8.0   9.0  10.0  11.0  12.0  13.0  14.0
LEU01A0163_001 0.630 0.631 0.627 0.632 0.630 0.630 0.627 0.629 0.630 0.631 0.631 0.629 0.628 0.628 0.629
LEU01A0163_002 0.004 0.004 0.004 0.004 0.004 0.004 0.004 0.004 0.004 0.004 0.004 0.004 0.004 0.004 0.004
LEU01A0163_003 0.204 0.203 0.206 0.202 0.203 0.204 0.205 0.205 0.204 0.204 0.203 0.205 0.204 0.204 0.204
LEU01A0163_004 0.123 0.123 0.123 0.122 0.122 0.122 0.124 0.123 0.123 0.122 0.123 0.123 0.123 0.125 0.125
LEU01A0163_005 0.036 0.038 0.037 0.037 0.038 0.038 0.037 0.037 0.037 0.037 0.037 0.036 0.037 0.037 0.036
LEU01A0163_006 0.002 0.002 0.002 0.002 0.002 0.002 0.002 0.002 0.002 0.002 0.002 0.002 0.002 0.002 0.002
LEU01A0163_007 0.000 0.000 0.000 0.000 0.000 0.000 0.000 0.000 0.000 0.000 0.000 0.000 0.000 0.000 0.000
LEU01A0163_008 0.001 0.000 0.000 0.000 0.000 0.000 0.000 0.000 0.000 0.000 0.000 0.001 0.001 0.000 0.000
LEU01A0163_009 0.000 0.000 0.000 0.000 0.000 0.000 0.000 0.000 0.000 0.000 0.000 0.000 0.000 0.000 0.000
