 ph              0.0   1.0   2.0   3.0   4.0   5.0   6.0   7.0   8.0   9.0  10.0  11.0  12.0  13.0  14.0
TYR01A0154_001 0.441 0.438 0.443 0.438 0.440 0.439 0.434 0.442 0.422 0.326 0.098 0.013 0.001 0.000 0.000
TYR01A0154_002 0.000 0.000 0.000 0.000 0.000 0.000 0.000 0.000 0.000 0.000 0.000 0.000 0.000 0.000 0.000
TYR01A0154_003 0.000 0.001 0.000 0.000 0.000 0.000 0.001 0.000 0.000 0.000 0.000 0.000 0.000 0.000 0.000
TYR01A0154_004 0.001 0.002 0.001 0.000 0.001 0.001 0.000 0.000 0.001 0.000 0.000 0.000 0.000 0.000 0.000
TYR01A0154_005 0.009 0.010 0.010 0.010 0.010 0.010 0.009 0.010 0.010 0.008 0.002 0.000 0.000 0.000 0.000
TYR01A0154_006 0.000 0.000 0.000 0.000 0.000 0.000 0.000 0.000 0.000 0.000 0.000 0.000 0.000 0.000 0.000
TYR01A0154_007 0.548 0.549 0.545 0.552 0.549 0.550 0.555 0.543 0.531 0.405 0.123 0.016 0.003 0.000 0.000
TYR01A0154_008 0.000 0.000 0.000 0.000 0.000 0.000 0.000 0.000 0.000 0.000 0.000 0.000 0.000 0.000 0.000
TYR01A0154_009 0.000 0.000 0.000 0.000 0.000 0.000 0.000 0.000 0.000 0.000 0.000 0.000 0.000 0.000 0.000
TYR-1A0154_010 0.000 0.000 0.000 0.000 0.000 0.000 0.000 0.002 0.017 0.126 0.373 0.463 0.475 0.482 0.481
TYR-1A0154_011 0.000 0.000 0.000 0.000 0.000 0.000 0.000 0.000 0.000 0.000 0.000 0.000 0.000 0.000 0.000
TYR-1A0154_012 0.000 0.000 0.000 0.000 0.000 0.000 0.000 0.000 0.000 0.002 0.005 0.006 0.006 0.005 0.006
TYR-1A0154_013 0.000 0.000 0.000 0.000 0.000 0.000 0.000 0.002 0.018 0.134 0.398 0.499 0.513 0.511 0.510
TYR-1A0154_014 0.000 0.000 0.000 0.000 0.000 0.000 0.000 0.000 0.000 0.000 0.000 0.000 0.000 0.000 0.000
TYR-1A0154_015 0.000 0.000 0.000 0.000 0.000 0.000 0.000 0.000 0.000 0.000 0.000 0.000 0.000 0.000 0.000
TYR-1A0154_016 0.000 0.000 0.000 0.000 0.000 0.000 0.000 0.000 0.000 0.000 0.002 0.002 0.002 0.002 0.002
TYR-1A0154_017 0.000 0.000 0.000 0.000 0.000 0.000 0.000 0.000 0.000 0.000 0.000 0.000 0.000 0.000 0.000
TYR-1A0154_018 0.000 0.000 0.000 0.000 0.000 0.000 0.000 0.000 0.000 0.000 0.000 0.000 0.000 0.000 0.000
