 ph              0.0   1.0   2.0   3.0   4.0   5.0   6.0   7.0   8.0   9.0  10.0  11.0  12.0  13.0  14.0
HIS01A0199_001 0.000 0.000 0.000 0.000 0.000 0.000 0.003 0.015 0.032 0.036 0.036 0.036 0.036 0.036 0.037
HIS01A0199_002 0.000 0.000 0.000 0.000 0.000 0.000 0.004 0.024 0.050 0.056 0.058 0.058 0.059 0.058 0.057
HIS01A0199_003 0.000 0.000 0.000 0.000 0.000 0.000 0.004 0.023 0.047 0.053 0.054 0.054 0.053 0.054 0.053
HIS01A0199_004 0.000 0.000 0.000 0.000 0.000 0.000 0.000 0.000 0.000 0.000 0.000 0.000 0.000 0.000 0.000
HIS01A0199_005 0.000 0.000 0.000 0.000 0.000 0.000 0.000 0.000 0.000 0.000 0.000 0.000 0.000 0.000 0.000
HIS01A0199_006 0.000 0.000 0.000 0.000 0.000 0.000 0.000 0.000 0.000 0.001 0.001 0.000 0.001 0.001 0.000
HIS01A0199_007 0.000 0.000 0.000 0.000 0.000 0.000 0.000 0.000 0.000 0.000 0.000 0.000 0.000 0.000 0.000
HIS01A0199_008 0.000 0.000 0.000 0.000 0.000 0.000 0.000 0.000 0.001 0.001 0.002 0.002 0.002 0.002 0.002
HIS01A0199_009 0.000 0.000 0.000 0.000 0.000 0.000 0.003 0.014 0.029 0.033 0.033 0.034 0.034 0.034 0.033
HIS01A0199_010 0.000 0.000 0.000 0.000 0.000 0.000 0.003 0.018 0.038 0.042 0.043 0.043 0.043 0.042 0.043
HIS01A0199_011 0.000 0.000 0.000 0.000 0.000 0.000 0.000 0.000 0.002 0.002 0.002 0.002 0.002 0.002 0.002
HIS01A0199_012 0.000 0.000 0.000 0.000 0.000 0.000 0.004 0.021 0.043 0.049 0.049 0.050 0.050 0.050 0.049
HIS01A0199_013 0.000 0.000 0.000 0.000 0.000 0.000 0.000 0.000 0.000 0.000 0.000 0.000 0.000 0.000 0.000
HIS01A0199_014 0.000 0.000 0.000 0.000 0.000 0.000 0.000 0.000 0.000 0.000 0.000 0.000 0.000 0.000 0.000
HIS01A0199_015 0.000 0.000 0.000 0.000 0.000 0.000 0.000 0.000 0.000 0.000 0.000 0.000 0.000 0.000 0.000
HIS01A0199_016 0.000 0.000 0.000 0.000 0.000 0.000 0.000 0.003 0.006 0.006 0.006 0.007 0.007 0.007 0.007
HIS01A0199_017 0.000 0.000 0.000 0.000 0.000 0.000 0.000 0.001 0.002 0.003 0.003 0.003 0.003 0.003 0.003
HIS01A0199_018 0.000 0.000 0.000 0.000 0.000 0.000 0.004 0.021 0.044 0.048 0.050 0.050 0.050 0.050 0.050
HIS01A0199_019 0.000 0.000 0.000 0.000 0.000 0.000 0.002 0.009 0.018 0.021 0.021 0.021 0.021 0.021 0.021
HIS02A0199_020 0.000 0.000 0.000 0.000 0.000 0.014 0.010 0.059 0.122 0.136 0.138 0.140 0.138 0.140 0.139
HIS02A0199_021 0.000 0.000 0.000 0.000 0.000 0.000 0.004 0.026 0.053 0.060 0.060 0.061 0.061 0.060 0.060
HIS02A0199_022 0.000 0.000 0.000 0.000 0.000 0.000 0.006 0.036 0.073 0.082 0.084 0.083 0.083 0.084 0.084
HIS02A0199_023 0.000 0.000 0.000 0.000 0.000 0.000 0.000 0.000 0.000 0.000 0.000 0.000 0.000 0.000 0.000
HIS02A0199_024 0.000 0.000 0.000 0.000 0.000 0.000 0.000 0.000 0.002 0.002 0.002 0.002 0.002 0.002 0.002
HIS02A0199_025 0.000 0.000 0.000 0.000 0.000 0.000 0.000 0.000 0.002 0.002 0.002 0.003 0.002 0.002 0.003
HIS02A0199_026 0.000 0.000 0.000 0.000 0.000 0.000 0.000 0.000 0.000 0.000 0.000 0.000 0.000 0.000 0.000
HIS02A0199_027 0.000 0.000 0.000 0.000 0.000 0.000 0.004 0.024 0.049 0.055 0.055 0.056 0.056 0.057 0.056
HIS02A0199_028 0.000 0.000 0.000 0.000 0.000 0.000 0.007 0.039 0.080 0.090 0.091 0.091 0.092 0.092 0.092
HIS02A0199_029 0.000 0.000 0.000 0.000 0.000 0.000 0.000 0.000 0.000 0.000 0.000 0.000 0.000 0.000 0.000
HIS02A0199_030 0.000 0.000 0.000 0.000 0.000 0.000 0.000 0.000 0.000 0.000 0.000 0.000 0.000 0.000 0.000
HIS02A0199_031 0.000 0.000 0.000 0.000 0.000 0.000 0.000 0.000 0.001 0.001 0.001 0.001 0.000 0.001 0.001
HIS02A0199_032 0.000 0.000 0.000 0.000 0.000 0.000 0.002 0.013 0.027 0.031 0.031 0.031 0.031 0.031 0.031
HIS02A0199_033 0.000 0.000 0.000 0.000 0.000 0.000 0.000 0.000 0.000 0.000 0.000 0.000 0.000 0.000 0.000
HIS02A0199_034 0.000 0.000 0.000 0.000 0.000 0.000 0.000 0.000 0.000 0.000 0.000 0.000 0.000 0.000 0.000
HIS02A0199_035 0.000 0.000 0.000 0.000 0.000 0.000 0.006 0.035 0.070 0.079 0.080 0.080 0.080 0.081 0.080
HIS02A0199_036 0.000 0.000 0.000 0.000 0.000 0.000 0.000 0.001 0.002 0.003 0.003 0.003 0.003 0.003 0.003
HIS02A0199_037 0.000 0.000 0.000 0.000 0.000 0.000 0.000 0.000 0.000 0.000 0.000 0.000 0.000 0.000 0.000
HIS02A0199_038 0.000 0.000 0.000 0.000 0.000 0.000 0.000 0.003 0.006 0.007 0.007 0.007 0.007 0.007 0.007
HIS02A0199_039 0.000 0.000 0.000 0.000 0.000 0.000 0.006 0.035 0.073 0.083 0.085 0.084 0.084 0.083 0.085
HIS+1A0199_040 0.139 0.138 0.140 0.138 0.138 0.136 0.128 0.080 0.018 0.002 0.000 0.000 0.000 0.000 0.000
HIS+1A0199_041 0.179 0.177 0.177 0.179 0.178 0.173 0.166 0.103 0.023 0.003 0.000 0.000 0.000 0.000 0.000
HIS+1A0199_042 0.000 0.000 0.000 0.000 0.000 0.000 0.000 0.000 0.000 0.000 0.000 0.000 0.000 0.000 0.000
HIS+1A0199_043 0.000 0.000 0.000 0.000 0.000 0.000 0.000 0.000 0.000 0.000 0.000 0.000 0.000 0.000 0.000
HIS+1A0199_044 0.081 0.081 0.082 0.082 0.082 0.082 0.077 0.047 0.010 0.001 0.000 0.000 0.000 0.000 0.000
HIS+1A0199_045 0.162 0.161 0.160 0.161 0.158 0.159 0.150 0.094 0.021 0.003 0.000 0.000 0.000 0.000 0.000
HIS+1A0199_046 0.000 0.000 0.000 0.000 0.000 0.000 0.000 0.000 0.000 0.000 0.000 0.000 0.000 0.000 0.000
HIS+1A0199_047 0.002 0.002 0.002 0.002 0.002 0.002 0.002 0.001 0.000 0.000 0.000 0.000 0.000 0.000 0.000
HIS+1A0199_048 0.181 0.184 0.182 0.180 0.184 0.181 0.168 0.107 0.023 0.003 0.000 0.000 0.000 0.000 0.000
HIS+1A0199_049 0.074 0.075 0.074 0.074 0.075 0.073 0.069 0.043 0.009 0.000 0.000 0.000 0.000 0.000 0.000
HIS+1A0199_050 0.000 0.000 0.000 0.000 0.000 0.000 0.000 0.000 0.000 0.000 0.000 0.000 0.000 0.000 0.000
HIS+1A0199_051 0.003 0.003 0.002 0.002 0.003 0.002 0.002 0.001 0.000 0.000 0.000 0.000 0.000 0.000 0.000
HIS+1A0199_052 0.005 0.005 0.005 0.005 0.005 0.005 0.005 0.003 0.000 0.000 0.000 0.000 0.000 0.000 0.000
HIS+1A0199_053 0.000 0.000 0.000 0.000 0.000 0.000 0.000 0.000 0.000 0.000 0.000 0.000 0.000 0.000 0.000
HIS+1A0199_054 0.078 0.079 0.078 0.079 0.080 0.077 0.071 0.045 0.010 0.001 0.000 0.000 0.000 0.000 0.000
HIS+1A0199_055 0.003 0.003 0.003 0.003 0.003 0.003 0.003 0.002 0.000 0.000 0.000 0.000 0.000 0.000 0.000
HIS+1A0199_056 0.000 0.000 0.000 0.000 0.000 0.000 0.000 0.000 0.000 0.000 0.000 0.000 0.000 0.000 0.000
HIS+1A0199_057 0.000 0.000 0.000 0.000 0.000 0.000 0.000 0.000 0.000 0.000 0.000 0.000 0.000 0.000 0.000
HIS+1A0199_058 0.016 0.016 0.016 0.016 0.016 0.015 0.015 0.009 0.002 0.000 0.000 0.000 0.000 0.000 0.000
HIS+1A0199_059 0.077 0.076 0.077 0.076 0.077 0.076 0.071 0.044 0.010 0.001 0.000 0.000 0.000 0.000 0.000
