 ph              0.0   1.0   2.0   3.0   4.0   5.0   6.0   7.0   8.0   9.0  10.0  11.0  12.0  13.0  14.0
GLU01A0111_001 0.000 0.000 0.000 0.000 0.000 0.000 0.000 0.000 0.000 0.000 0.000 0.000 0.000 0.000 0.000
GLU01A0111_002 0.048 0.048 0.047 0.046 0.038 0.014 0.002 0.000 0.000 0.000 0.000 0.000 0.000 0.000 0.000
GLU01A0111_003 0.022 0.022 0.022 0.022 0.018 0.006 0.000 0.000 0.000 0.000 0.000 0.000 0.000 0.000 0.000
GLU01A0111_004 0.005 0.005 0.005 0.005 0.004 0.001 0.000 0.000 0.000 0.000 0.000 0.000 0.000 0.000 0.000
GLU01A0111_005 0.492 0.493 0.494 0.480 0.396 0.145 0.022 0.009 0.000 0.000 0.000 0.000 0.000 0.000 0.000
GLU01A0111_006 0.104 0.104 0.103 0.102 0.083 0.031 0.005 0.000 0.000 0.000 0.000 0.000 0.000 0.000 0.000
GLU02A0111_007 0.003 0.003 0.003 0.003 0.003 0.000 0.000 0.000 0.000 0.000 0.000 0.000 0.000 0.000 0.000
GLU02A0111_008 0.006 0.006 0.006 0.006 0.005 0.002 0.000 0.000 0.000 0.000 0.000 0.000 0.000 0.000 0.000
GLU02A0111_009 0.057 0.057 0.056 0.055 0.045 0.017 0.003 0.000 0.000 0.000 0.000 0.000 0.000 0.000 0.000
GLU02A0111_010 0.056 0.056 0.056 0.055 0.045 0.016 0.003 0.000 0.000 0.000 0.000 0.000 0.000 0.000 0.000
GLU02A0111_011 0.002 0.002 0.002 0.002 0.002 0.000 0.000 0.000 0.000 0.000 0.000 0.000 0.000 0.000 0.000
GLU02A0111_012 0.204 0.204 0.202 0.199 0.162 0.059 0.009 0.000 0.000 0.000 0.000 0.000 0.000 0.000 0.000
GLU-1A0111_013 0.000 0.000 0.000 0.008 0.065 0.231 0.313 0.320 0.320 0.326 0.325 0.323 0.331 0.323 0.327
GLU-1A0111_014 0.000 0.000 0.003 0.017 0.135 0.478 0.645 0.672 0.680 0.674 0.675 0.677 0.669 0.677 0.673
