 ph              0.0   1.0   2.0   3.0   4.0   5.0   6.0   7.0   8.0   9.0  10.0  11.0  12.0  13.0  14.0
PHE01A0320_001 0.392 0.391 0.390 0.391 0.390 0.391 0.390 0.392 0.392 0.391 0.390 0.391 0.391 0.389 0.389
PHE01A0320_002 0.235 0.237 0.236 0.236 0.235 0.236 0.236 0.235 0.233 0.235 0.236 0.236 0.235 0.236 0.237
PHE01A0320_003 0.000 0.000 0.000 0.000 0.000 0.000 0.000 0.000 0.000 0.000 0.000 0.000 0.000 0.000 0.000
PHE01A0320_004 0.349 0.348 0.349 0.349 0.351 0.348 0.350 0.348 0.350 0.350 0.349 0.350 0.350 0.350 0.350
PHE01A0320_005 0.002 0.002 0.002 0.002 0.002 0.002 0.002 0.002 0.002 0.002 0.002 0.002 0.002 0.002 0.002
PHE01A0320_006 0.023 0.023 0.023 0.023 0.023 0.023 0.022 0.023 0.023 0.023 0.024 0.023 0.023 0.023 0.023
PHE01A0320_007 0.000 0.000 0.000 0.000 0.000 0.000 0.000 0.000 0.000 0.000 0.000 0.000 0.000 0.000 0.000
PHE01A0320_008 0.000 0.000 0.000 0.000 0.000 0.000 0.000 0.000 0.000 0.000 0.000 0.000 0.000 0.000 0.000
PHE01A0320_009 0.000 0.000 0.000 0.000 0.000 0.000 0.000 0.000 0.000 0.000 0.000 0.000 0.000 0.000 0.000
