 ph              0.0   1.0   2.0   3.0   4.0   5.0   6.0   7.0   8.0   9.0  10.0  11.0  12.0  13.0  14.0
HIS01A0082_001 0.000 0.000 0.000 0.000 0.000 0.000 0.007 0.040 0.078 0.085 0.086 0.086 0.086 0.085 0.087
HIS01A0082_002 0.000 0.000 0.000 0.000 0.000 0.004 0.019 0.103 0.199 0.220 0.221 0.223 0.218 0.222 0.225
HIS01A0082_003 0.000 0.000 0.000 0.000 0.000 0.000 0.000 0.000 0.000 0.000 0.000 0.000 0.000 0.000 0.000
HIS01A0082_004 0.000 0.000 0.000 0.000 0.000 0.000 0.000 0.000 0.000 0.000 0.000 0.000 0.000 0.000 0.000
HIS01A0082_005 0.000 0.000 0.000 0.000 0.000 0.000 0.000 0.000 0.000 0.000 0.000 0.000 0.000 0.000 0.000
HIS01A0082_006 0.000 0.000 0.000 0.000 0.000 0.000 0.000 0.000 0.000 0.000 0.000 0.000 0.000 0.000 0.000
HIS01A0082_007 0.000 0.000 0.000 0.000 0.000 0.000 0.000 0.000 0.002 0.002 0.002 0.002 0.002 0.002 0.002
HIS01A0082_008 0.000 0.000 0.000 0.000 0.000 0.000 0.000 0.000 0.000 0.000 0.000 0.000 0.000 0.000 0.000
HIS01A0082_009 0.000 0.000 0.000 0.000 0.000 0.000 0.000 0.000 0.000 0.000 0.000 0.000 0.000 0.000 0.000
HIS01A0082_010 0.000 0.000 0.000 0.000 0.000 0.000 0.002 0.009 0.018 0.020 0.020 0.020 0.020 0.020 0.020
HIS01A0082_011 0.000 0.000 0.000 0.000 0.000 0.000 0.000 0.000 0.000 0.000 0.000 0.000 0.000 0.000 0.000
HIS01A0082_012 0.000 0.000 0.000 0.000 0.000 0.000 0.000 0.002 0.004 0.004 0.004 0.004 0.004 0.004 0.004
HIS01A0082_013 0.000 0.000 0.000 0.000 0.000 0.000 0.000 0.000 0.000 0.000 0.000 0.000 0.000 0.000 0.000
HIS01A0082_014 0.000 0.000 0.000 0.000 0.000 0.000 0.000 0.000 0.000 0.000 0.000 0.000 0.000 0.000 0.000
HIS01A0082_015 0.000 0.000 0.000 0.000 0.000 0.000 0.006 0.032 0.061 0.069 0.069 0.070 0.072 0.069 0.069
HIS01A0082_016 0.000 0.000 0.000 0.000 0.000 0.000 0.001 0.006 0.012 0.014 0.014 0.014 0.014 0.014 0.014
HIS01A0082_017 0.000 0.000 0.000 0.000 0.000 0.000 0.000 0.000 0.000 0.000 0.000 0.000 0.000 0.000 0.000
HIS01A0082_018 0.000 0.000 0.000 0.000 0.000 0.000 0.000 0.000 0.000 0.000 0.000 0.000 0.000 0.000 0.000
HIS01A0082_019 0.000 0.000 0.000 0.000 0.000 0.000 0.000 0.000 0.000 0.000 0.000 0.000 0.000 0.000 0.000
HIS02A0082_020 0.000 0.000 0.000 0.000 0.000 0.003 0.014 0.078 0.152 0.167 0.169 0.168 0.168 0.170 0.167
HIS02A0082_021 0.000 0.000 0.000 0.000 0.000 0.006 0.025 0.131 0.250 0.280 0.285 0.284 0.288 0.286 0.284
HIS02A0082_022 0.000 0.000 0.000 0.000 0.000 0.000 0.000 0.000 0.000 0.000 0.000 0.000 0.000 0.000 0.000
HIS02A0082_023 0.000 0.000 0.000 0.000 0.000 0.000 0.000 0.002 0.004 0.004 0.004 0.004 0.004 0.004 0.004
HIS02A0082_024 0.000 0.000 0.000 0.000 0.000 0.000 0.007 0.037 0.073 0.078 0.081 0.081 0.080 0.081 0.080
HIS02A0082_025 0.000 0.000 0.000 0.000 0.000 0.000 0.000 0.000 0.000 0.000 0.000 0.000 0.000 0.000 0.000
HIS02A0082_026 0.000 0.000 0.000 0.000 0.000 0.000 0.000 0.001 0.002 0.002 0.002 0.002 0.002 0.002 0.002
HIS02A0082_027 0.000 0.000 0.000 0.000 0.000 0.000 0.000 0.000 0.000 0.000 0.000 0.000 0.000 0.000 0.000
HIS02A0082_028 0.000 0.000 0.000 0.000 0.000 0.000 0.000 0.000 0.000 0.000 0.000 0.000 0.000 0.000 0.000
HIS02A0082_029 0.000 0.000 0.000 0.000 0.000 0.000 0.000 0.000 0.000 0.000 0.000 0.000 0.000 0.000 0.000
HIS02A0082_030 0.000 0.000 0.000 0.000 0.000 0.000 0.000 0.000 0.000 0.000 0.000 0.000 0.000 0.000 0.000
HIS02A0082_031 0.000 0.000 0.000 0.000 0.000 0.000 0.000 0.000 0.000 0.000 0.000 0.000 0.000 0.000 0.000
HIS02A0082_032 0.000 0.000 0.000 0.000 0.000 0.000 0.000 0.000 0.000 0.000 0.000 0.000 0.000 0.000 0.000
HIS02A0082_033 0.000 0.000 0.000 0.000 0.000 0.000 0.000 0.000 0.000 0.000 0.000 0.000 0.000 0.000 0.000
HIS02A0082_034 0.000 0.000 0.000 0.000 0.000 0.000 0.000 0.005 0.009 0.011 0.011 0.011 0.010 0.011 0.011
HIS02A0082_035 0.000 0.000 0.000 0.000 0.000 0.000 0.003 0.015 0.028 0.031 0.031 0.032 0.031 0.031 0.031
HIS02A0082_036 0.000 0.000 0.000 0.000 0.000 0.000 0.000 0.000 0.000 0.000 0.000 0.000 0.000 0.000 0.000
HIS02A0082_037 0.000 0.000 0.000 0.000 0.000 0.000 0.000 0.000 0.000 0.000 0.000 0.000 0.000 0.000 0.000
HIS02A0082_038 0.000 0.000 0.000 0.000 0.000 0.000 0.000 0.000 0.000 0.000 0.000 0.000 0.000 0.000 0.000
HIS+1A0082_039 0.288 0.287 0.288 0.284 0.288 0.282 0.264 0.155 0.032 0.004 0.000 0.000 0.000 0.000 0.000
HIS+1A0082_040 0.000 0.000 0.000 0.001 0.000 0.000 0.000 0.000 0.000 0.000 0.000 0.000 0.000 0.000 0.000
HIS+1A0082_041 0.007 0.007 0.007 0.007 0.006 0.007 0.006 0.004 0.000 0.000 0.000 0.000 0.000 0.000 0.000
HIS+1A0082_042 0.000 0.000 0.000 0.000 0.000 0.000 0.000 0.000 0.000 0.000 0.000 0.000 0.000 0.000 0.000
HIS+1A0082_043 0.325 0.325 0.322 0.327 0.326 0.320 0.300 0.173 0.035 0.004 0.000 0.000 0.000 0.000 0.000
HIS+1A0082_044 0.000 0.000 0.000 0.000 0.000 0.000 0.000 0.000 0.000 0.000 0.000 0.000 0.000 0.000 0.000
HIS+1A0082_045 0.212 0.212 0.213 0.212 0.212 0.211 0.195 0.115 0.023 0.003 0.000 0.000 0.000 0.000 0.000
HIS+1A0082_046 0.006 0.006 0.006 0.006 0.006 0.006 0.006 0.003 0.000 0.000 0.000 0.000 0.000 0.000 0.000
HIS+1A0082_047 0.000 0.000 0.000 0.000 0.000 0.000 0.000 0.000 0.000 0.000 0.000 0.000 0.000 0.000 0.000
HIS+1A0082_048 0.000 0.000 0.000 0.000 0.000 0.000 0.000 0.000 0.000 0.000 0.000 0.000 0.000 0.000 0.000
HIS+1A0082_049 0.114 0.113 0.114 0.115 0.112 0.112 0.101 0.060 0.013 0.002 0.000 0.000 0.000 0.000 0.000
HIS+1A0082_050 0.000 0.000 0.000 0.000 0.000 0.000 0.000 0.000 0.000 0.000 0.000 0.000 0.000 0.000 0.000
HIS+1A0082_051 0.000 0.000 0.000 0.000 0.000 0.000 0.000 0.000 0.000 0.000 0.000 0.000 0.000 0.000 0.000
HIS+1A0082_052 0.000 0.000 0.000 0.000 0.000 0.000 0.000 0.000 0.000 0.000 0.000 0.000 0.000 0.000 0.000
HIS+1A0082_053 0.000 0.000 0.000 0.000 0.000 0.000 0.000 0.000 0.000 0.000 0.000 0.000 0.000 0.000 0.000
HIS+1A0082_054 0.000 0.000 0.000 0.000 0.000 0.000 0.000 0.000 0.000 0.000 0.000 0.000 0.000 0.000 0.000
HIS+1A0082_055 0.000 0.000 0.000 0.000 0.000 0.000 0.000 0.000 0.000 0.000 0.000 0.000 0.000 0.000 0.000
HIS+1A0082_056 0.049 0.049 0.050 0.049 0.050 0.049 0.044 0.027 0.006 0.000 0.000 0.000 0.000 0.000 0.000
HIS+1A0082_057 0.000 0.000 0.000 0.000 0.000 0.000 0.000 0.000 0.000 0.000 0.000 0.000 0.000 0.000 0.000
