 ph              0.0   1.0   2.0   3.0   4.0   5.0   6.0   7.0   8.0   9.0  10.0  11.0  12.0  13.0  14.0
ASN01A0091_001 0.587 0.585 0.585 0.580 0.585 0.584 0.588 0.585 0.584 0.585 0.584 0.584 0.586 0.585 0.587
ASN01A0091_002 0.013 0.013 0.013 0.013 0.014 0.013 0.013 0.013 0.013 0.013 0.013 0.013 0.013 0.013 0.013
ASN01A0091_003 0.005 0.005 0.005 0.005 0.005 0.005 0.005 0.005 0.005 0.005 0.005 0.005 0.005 0.005 0.005
ASN01A0091_004 0.002 0.002 0.003 0.003 0.002 0.002 0.002 0.003 0.003 0.003 0.002 0.003 0.002 0.003 0.003
ASN01A0091_005 0.058 0.059 0.059 0.058 0.058 0.059 0.057 0.059 0.058 0.059 0.058 0.059 0.057 0.059 0.059
ASN01A0091_006 0.010 0.010 0.010 0.010 0.010 0.010 0.010 0.010 0.010 0.010 0.010 0.010 0.010 0.010 0.010
ASN01A0091_007 0.299 0.299 0.299 0.305 0.300 0.300 0.300 0.299 0.301 0.300 0.301 0.300 0.300 0.299 0.298
ASN01A0091_008 0.005 0.005 0.005 0.005 0.005 0.005 0.005 0.005 0.005 0.005 0.005 0.005 0.005 0.005 0.005
ASN01A0091_009 0.021 0.021 0.021 0.021 0.021 0.021 0.020 0.021 0.021 0.021 0.021 0.021 0.021 0.021 0.021
