 ph              0.0   1.0   2.0   3.0   4.0   5.0   6.0   7.0   8.0   9.0  10.0  11.0  12.0  13.0  14.0
GLU01A0144_001 0.000 0.000 0.000 0.000 0.000 0.000 0.000 0.000 0.000 0.000 0.000 0.000 0.000 0.000 0.000
GLU01A0144_002 0.001 0.001 0.001 0.001 0.000 0.000 0.000 0.000 0.000 0.000 0.000 0.000 0.000 0.000 0.000
GLU01A0144_003 0.001 0.001 0.001 0.001 0.000 0.000 0.000 0.000 0.000 0.000 0.000 0.000 0.000 0.000 0.000
GLU01A0144_004 0.000 0.000 0.000 0.000 0.000 0.000 0.000 0.000 0.000 0.000 0.000 0.000 0.000 0.000 0.000
GLU01A0144_005 0.112 0.111 0.111 0.105 0.080 0.024 0.007 0.000 0.000 0.000 0.000 0.000 0.000 0.000 0.000
GLU01A0144_006 0.000 0.000 0.000 0.000 0.000 0.000 0.000 0.000 0.000 0.000 0.000 0.000 0.000 0.000 0.000
GLU01A0144_007 0.000 0.000 0.000 0.000 0.000 0.000 0.000 0.000 0.000 0.000 0.000 0.000 0.000 0.000 0.000
GLU01A0144_008 0.002 0.002 0.002 0.002 0.002 0.000 0.000 0.000 0.000 0.000 0.000 0.000 0.000 0.000 0.000
GLU01A0144_009 0.002 0.002 0.002 0.002 0.001 0.000 0.000 0.000 0.000 0.000 0.000 0.000 0.000 0.000 0.000
GLU01A0144_010 0.001 0.001 0.001 0.001 0.000 0.000 0.000 0.000 0.000 0.000 0.000 0.000 0.000 0.000 0.000
GLU01A0144_011 0.013 0.013 0.013 0.013 0.009 0.003 0.000 0.000 0.000 0.000 0.000 0.000 0.000 0.000 0.000
GLU01A0144_012 0.005 0.005 0.005 0.005 0.003 0.000 0.000 0.000 0.000 0.000 0.000 0.000 0.000 0.000 0.000
GLU01A0144_013 0.001 0.001 0.001 0.001 0.000 0.000 0.000 0.000 0.000 0.000 0.000 0.000 0.000 0.000 0.000
GLU01A0144_014 0.000 0.000 0.000 0.000 0.000 0.000 0.000 0.000 0.000 0.000 0.000 0.000 0.000 0.000 0.000
GLU01A0144_015 0.000 0.000 0.000 0.000 0.000 0.000 0.000 0.000 0.000 0.000 0.000 0.000 0.000 0.000 0.000
GLU01A0144_016 0.013 0.013 0.013 0.012 0.009 0.003 0.000 0.000 0.000 0.000 0.000 0.000 0.000 0.000 0.000
GLU01A0144_017 0.037 0.037 0.036 0.035 0.026 0.008 0.003 0.000 0.000 0.000 0.000 0.000 0.000 0.000 0.000
GLU01A0144_018 0.026 0.026 0.026 0.025 0.019 0.006 0.000 0.000 0.000 0.000 0.000 0.000 0.000 0.000 0.000
GLU01A0144_019 0.025 0.025 0.025 0.025 0.018 0.005 0.000 0.000 0.000 0.000 0.000 0.000 0.000 0.000 0.000
GLU01A0144_020 0.222 0.220 0.220 0.215 0.161 0.048 0.015 0.000 0.000 0.000 0.000 0.000 0.000 0.000 0.000
GLU01A0144_021 0.018 0.018 0.019 0.018 0.013 0.004 0.000 0.000 0.000 0.000 0.000 0.000 0.000 0.000 0.000
GLU01A0144_022 0.022 0.021 0.021 0.021 0.015 0.005 0.000 0.000 0.000 0.000 0.000 0.000 0.000 0.000 0.000
GLU01A0144_023 0.025 0.025 0.025 0.024 0.018 0.005 0.000 0.000 0.000 0.000 0.000 0.000 0.000 0.000 0.000
GLU01A0144_024 0.018 0.018 0.018 0.017 0.013 0.004 0.000 0.000 0.000 0.000 0.000 0.000 0.000 0.000 0.000
GLU02A0144_025 0.000 0.000 0.000 0.000 0.000 0.000 0.000 0.000 0.000 0.000 0.000 0.000 0.000 0.000 0.000
GLU02A0144_026 0.000 0.000 0.000 0.000 0.000 0.000 0.000 0.000 0.000 0.000 0.000 0.000 0.000 0.000 0.000
GLU02A0144_027 0.009 0.010 0.009 0.009 0.007 0.002 0.000 0.000 0.000 0.000 0.000 0.000 0.000 0.000 0.000
GLU02A0144_028 0.000 0.000 0.000 0.000 0.000 0.000 0.000 0.000 0.000 0.000 0.000 0.000 0.000 0.000 0.000
GLU02A0144_029 0.002 0.001 0.001 0.001 0.000 0.000 0.000 0.000 0.000 0.000 0.000 0.000 0.000 0.000 0.000
GLU02A0144_030 0.002 0.002 0.002 0.002 0.002 0.000 0.000 0.000 0.000 0.000 0.000 0.000 0.000 0.000 0.000
GLU02A0144_031 0.000 0.000 0.000 0.000 0.000 0.000 0.000 0.000 0.000 0.000 0.000 0.000 0.000 0.000 0.000
GLU02A0144_032 0.027 0.027 0.027 0.026 0.020 0.006 0.000 0.000 0.000 0.000 0.000 0.000 0.000 0.000 0.000
GLU02A0144_033 0.000 0.000 0.000 0.000 0.000 0.000 0.000 0.000 0.000 0.000 0.000 0.000 0.000 0.000 0.000
GLU02A0144_034 0.002 0.002 0.002 0.002 0.002 0.000 0.000 0.000 0.000 0.000 0.000 0.000 0.000 0.000 0.000
GLU02A0144_035 0.000 0.000 0.000 0.000 0.000 0.000 0.000 0.000 0.000 0.000 0.000 0.000 0.000 0.000 0.000
GLU02A0144_036 0.003 0.003 0.003 0.003 0.002 0.000 0.000 0.000 0.000 0.000 0.000 0.000 0.000 0.000 0.000
GLU02A0144_037 0.010 0.010 0.009 0.009 0.007 0.002 0.000 0.000 0.000 0.000 0.000 0.000 0.000 0.000 0.000
GLU02A0144_038 0.002 0.002 0.002 0.002 0.002 0.000 0.000 0.000 0.000 0.000 0.000 0.000 0.000 0.000 0.000
GLU02A0144_039 0.027 0.027 0.028 0.026 0.020 0.006 0.000 0.000 0.000 0.000 0.000 0.000 0.000 0.000 0.000
GLU02A0144_040 0.031 0.031 0.031 0.030 0.023 0.007 0.000 0.000 0.000 0.000 0.000 0.000 0.000 0.000 0.000
GLU02A0144_041 0.009 0.009 0.009 0.009 0.007 0.002 0.000 0.000 0.000 0.000 0.000 0.000 0.000 0.000 0.000
GLU02A0144_042 0.006 0.006 0.007 0.006 0.004 0.001 0.000 0.000 0.000 0.000 0.000 0.000 0.000 0.000 0.000
GLU02A0144_043 0.034 0.034 0.034 0.032 0.024 0.007 0.000 0.000 0.000 0.000 0.000 0.000 0.000 0.000 0.000
GLU02A0144_044 0.045 0.045 0.046 0.044 0.032 0.010 0.003 0.000 0.000 0.000 0.000 0.000 0.000 0.000 0.000
GLU02A0144_045 0.087 0.088 0.089 0.084 0.063 0.019 0.006 0.000 0.000 0.000 0.000 0.000 0.000 0.000 0.000
GLU02A0144_046 0.122 0.123 0.122 0.117 0.087 0.027 0.008 0.000 0.000 0.000 0.000 0.000 0.000 0.000 0.000
GLU02A0144_047 0.037 0.036 0.037 0.035 0.026 0.008 0.000 0.000 0.000 0.000 0.000 0.000 0.000 0.000 0.000
GLU02A0144_048 0.000 0.000 0.000 0.000 0.000 0.000 0.000 0.000 0.000 0.000 0.000 0.000 0.000 0.000 0.000
GLU-1A0144_049 0.000 0.000 0.000 0.000 0.000 0.000 0.000 0.000 0.000 0.000 0.000 0.000 0.000 0.000 0.000
GLU-1A0144_050 0.000 0.000 0.000 0.003 0.019 0.054 0.065 0.068 0.069 0.068 0.068 0.067 0.068 0.068 0.067
GLU-1A0144_051 0.000 0.000 0.000 0.003 0.020 0.057 0.069 0.072 0.072 0.073 0.072 0.072 0.071 0.072 0.072
GLU-1A0144_052 0.000 0.000 0.000 0.006 0.042 0.115 0.141 0.148 0.147 0.146 0.146 0.147 0.147 0.147 0.144
GLU-1A0144_053 0.000 0.000 0.000 0.008 0.063 0.172 0.207 0.219 0.218 0.219 0.220 0.219 0.220 0.218 0.220
GLU-1A0144_054 0.000 0.000 0.000 0.004 0.030 0.083 0.101 0.105 0.107 0.104 0.104 0.105 0.105 0.106 0.105
GLU-1A0144_055 0.000 0.000 0.000 0.007 0.053 0.148 0.178 0.185 0.186 0.187 0.188 0.187 0.187 0.187 0.187
GLU-1A0144_056 0.000 0.000 0.000 0.008 0.057 0.160 0.196 0.203 0.202 0.203 0.203 0.203 0.203 0.203 0.205
