 ph              0.0   1.0   2.0   3.0   4.0   5.0   6.0   7.0   8.0   9.0  10.0  11.0  12.0  13.0  14.0
PHE01A0064_001 0.021 0.020 0.020 0.020 0.020 0.020 0.020 0.020 0.020 0.019 0.021 0.020 0.020 0.020 0.020
PHE01A0064_002 0.463 0.465 0.464 0.464 0.463 0.463 0.464 0.461 0.467 0.465 0.461 0.465 0.465 0.464 0.461
PHE01A0064_003 0.266 0.266 0.268 0.267 0.266 0.266 0.267 0.266 0.263 0.266 0.266 0.268 0.266 0.267 0.267
PHE01A0064_004 0.064 0.064 0.063 0.063 0.064 0.065 0.064 0.065 0.063 0.064 0.064 0.063 0.064 0.064 0.064
PHE01A0064_005 0.076 0.076 0.075 0.076 0.076 0.076 0.076 0.077 0.076 0.076 0.077 0.075 0.076 0.076 0.077
PHE01A0064_006 0.016 0.016 0.016 0.017 0.017 0.017 0.016 0.017 0.017 0.017 0.016 0.017 0.017 0.017 0.017
PHE01A0064_007 0.091 0.091 0.091 0.091 0.092 0.090 0.090 0.092 0.091 0.091 0.092 0.090 0.090 0.090 0.091
PHE01A0064_008 0.000 0.000 0.000 0.000 0.000 0.000 0.000 0.000 0.000 0.000 0.000 0.000 0.000 0.000 0.000
PHE01A0064_009 0.000 0.000 0.000 0.000 0.000 0.000 0.000 0.000 0.000 0.000 0.000 0.000 0.000 0.000 0.000
PHE01A0064_010 0.000 0.000 0.000 0.000 0.000 0.000 0.000 0.000 0.000 0.000 0.000 0.000 0.000 0.000 0.000
PHE01A0064_011 0.002 0.002 0.002 0.002 0.002 0.002 0.002 0.002 0.002 0.002 0.002 0.002 0.002 0.002 0.002
PHE01A0064_012 0.000 0.000 0.000 0.000 0.000 0.000 0.000 0.000 0.000 0.000 0.000 0.000 0.000 0.000 0.000
PHE01A0064_013 0.000 0.000 0.000 0.000 0.000 0.000 0.000 0.000 0.000 0.000 0.000 0.000 0.000 0.000 0.000
PHE01A0064_014 0.000 0.000 0.000 0.000 0.000 0.000 0.000 0.000 0.000 0.000 0.000 0.000 0.000 0.000 0.000
PHE01A0064_015 0.000 0.000 0.000 0.000 0.000 0.000 0.000 0.000 0.000 0.000 0.000 0.000 0.000 0.000 0.000
PHE01A0064_016 0.000 0.000 0.000 0.000 0.000 0.000 0.000 0.000 0.000 0.000 0.000 0.000 0.000 0.000 0.000
PHE01A0064_017 0.000 0.000 0.000 0.000 0.000 0.000 0.000 0.000 0.000 0.000 0.000 0.000 0.000 0.000 0.000
PHE01A0064_018 0.000 0.000 0.000 0.000 0.000 0.000 0.000 0.000 0.000 0.000 0.000 0.000 0.000 0.000 0.000
PHE01A0064_019 0.000 0.000 0.000 0.000 0.000 0.000 0.000 0.000 0.000 0.000 0.000 0.000 0.000 0.000 0.000
PHE01A0064_020 0.000 0.000 0.000 0.000 0.000 0.000 0.000 0.000 0.000 0.000 0.000 0.000 0.000 0.000 0.000
