 ph              0.0   1.0   2.0   3.0   4.0   5.0   6.0   7.0   8.0   9.0  10.0  11.0  12.0  13.0  14.0
TYR01A0151_001 0.000 0.000 0.000 0.000 0.000 0.000 0.000 0.000 0.000 0.000 0.000 0.000 0.000 0.000 0.000
TYR01A0151_002 0.473 0.474 0.472 0.474 0.474 0.478 0.473 0.476 0.460 0.368 0.124 0.016 0.002 0.000 0.000
TYR01A0151_003 0.523 0.521 0.523 0.522 0.522 0.518 0.522 0.516 0.507 0.403 0.136 0.018 0.002 0.000 0.000
TYR01A0151_004 0.000 0.000 0.000 0.000 0.000 0.000 0.000 0.000 0.000 0.000 0.000 0.000 0.000 0.000 0.000
TYR01A0151_005 0.004 0.005 0.005 0.004 0.004 0.004 0.004 0.005 0.004 0.003 0.000 0.000 0.000 0.000 0.000
TYR01A0151_006 0.000 0.000 0.000 0.000 0.000 0.000 0.000 0.000 0.000 0.000 0.000 0.000 0.000 0.000 0.000
TYR01A0151_007 0.000 0.000 0.000 0.000 0.000 0.000 0.001 0.000 0.000 0.000 0.000 0.000 0.000 0.000 0.000
TYR01A0151_008 0.000 0.000 0.000 0.000 0.000 0.000 0.000 0.000 0.000 0.000 0.000 0.000 0.000 0.000 0.000
TYR-1A0151_009 0.000 0.000 0.000 0.000 0.000 0.000 0.000 0.000 0.000 0.000 0.000 0.000 0.000 0.000 0.000
TYR-1A0151_010 0.000 0.000 0.000 0.000 0.000 0.000 0.000 0.000 0.000 0.000 0.000 0.000 0.000 0.000 0.000
TYR-1A0151_011 0.000 0.000 0.000 0.000 0.000 0.000 0.000 0.000 0.000 0.000 0.000 0.000 0.000 0.000 0.000
TYR-1A0151_012 0.000 0.000 0.000 0.000 0.000 0.000 0.000 0.001 0.017 0.132 0.434 0.563 0.584 0.586 0.586
TYR-1A0151_013 0.000 0.000 0.000 0.000 0.000 0.000 0.000 0.000 0.000 0.000 0.000 0.000 0.000 0.000 0.000
TYR-1A0151_014 0.000 0.000 0.000 0.000 0.000 0.000 0.000 0.000 0.000 0.000 0.000 0.000 0.000 0.000 0.000
TYR-1A0151_015 0.000 0.000 0.000 0.000 0.000 0.000 0.000 0.001 0.012 0.092 0.302 0.398 0.408 0.408 0.408
TYR-1A0151_016 0.000 0.000 0.000 0.000 0.000 0.000 0.000 0.000 0.000 0.001 0.004 0.005 0.005 0.005 0.006
