 ph              0.0   1.0   2.0   3.0   4.0   5.0   6.0   7.0   8.0   9.0  10.0  11.0  12.0  13.0  14.0
HIS01A0252_001 0.000 0.000 0.000 0.000 0.000 0.000 0.003 0.018 0.035 0.039 0.040 0.040 0.040 0.040 0.040
HIS01A0252_002 0.000 0.000 0.000 0.000 0.000 0.000 0.002 0.011 0.023 0.026 0.026 0.026 0.026 0.026 0.026
HIS01A0252_003 0.000 0.000 0.000 0.000 0.000 0.000 0.006 0.032 0.063 0.071 0.072 0.072 0.071 0.072 0.072
HIS01A0252_004 0.000 0.000 0.000 0.000 0.000 0.000 0.004 0.022 0.043 0.047 0.048 0.047 0.049 0.048 0.048
HIS01A0252_005 0.000 0.000 0.000 0.000 0.000 0.000 0.000 0.000 0.000 0.000 0.000 0.000 0.000 0.000 0.000
HIS01A0252_006 0.000 0.000 0.000 0.000 0.000 0.000 0.000 0.000 0.001 0.001 0.001 0.001 0.000 0.001 0.001
HIS01A0252_007 0.000 0.000 0.000 0.000 0.000 0.000 0.000 0.000 0.000 0.000 0.000 0.000 0.000 0.000 0.000
HIS01A0252_008 0.000 0.000 0.000 0.000 0.000 0.000 0.000 0.000 0.000 0.000 0.000 0.000 0.000 0.000 0.000
HIS01A0252_009 0.000 0.000 0.000 0.000 0.000 0.000 0.000 0.000 0.000 0.000 0.000 0.000 0.000 0.000 0.000
HIS01A0252_010 0.000 0.000 0.000 0.000 0.000 0.000 0.000 0.000 0.000 0.000 0.000 0.000 0.000 0.000 0.000
HIS01A0252_011 0.000 0.000 0.000 0.000 0.000 0.000 0.000 0.000 0.001 0.002 0.002 0.002 0.002 0.002 0.002
HIS01A0252_012 0.000 0.000 0.000 0.000 0.000 0.000 0.000 0.000 0.000 0.000 0.000 0.000 0.000 0.000 0.000
HIS01A0252_013 0.000 0.000 0.000 0.000 0.000 0.003 0.012 0.068 0.132 0.147 0.148 0.148 0.149 0.150 0.148
HIS01A0252_014 0.000 0.000 0.000 0.000 0.000 0.000 0.000 0.000 0.000 0.000 0.000 0.000 0.000 0.000 0.000
HIS01A0252_015 0.000 0.000 0.000 0.000 0.000 0.000 0.000 0.001 0.003 0.003 0.003 0.003 0.003 0.003 0.003
HIS01A0252_016 0.000 0.000 0.000 0.000 0.000 0.000 0.000 0.000 0.002 0.002 0.002 0.002 0.002 0.002 0.002
HIS01A0252_017 0.000 0.000 0.000 0.000 0.000 0.000 0.000 0.000 0.000 0.000 0.000 0.000 0.000 0.000 0.000
HIS02A0252_018 0.000 0.000 0.000 0.000 0.000 0.000 0.004 0.023 0.045 0.050 0.051 0.051 0.051 0.051 0.051
HIS02A0252_019 0.000 0.000 0.000 0.000 0.000 0.000 0.003 0.014 0.027 0.030 0.031 0.031 0.031 0.031 0.031
HIS02A0252_020 0.000 0.000 0.000 0.000 0.000 0.000 0.000 0.000 0.000 0.000 0.000 0.000 0.000 0.000 0.000
HIS02A0252_021 0.000 0.000 0.000 0.000 0.000 0.000 0.000 0.001 0.002 0.002 0.003 0.002 0.002 0.002 0.002
HIS02A0252_022 0.000 0.000 0.000 0.000 0.000 0.004 0.016 0.089 0.174 0.195 0.196 0.197 0.197 0.197 0.199
HIS02A0252_023 0.000 0.000 0.000 0.000 0.000 0.000 0.006 0.032 0.062 0.070 0.071 0.070 0.071 0.071 0.070
HIS02A0252_024 0.000 0.000 0.000 0.000 0.000 0.000 0.000 0.000 0.002 0.002 0.002 0.002 0.002 0.002 0.002
HIS02A0252_025 0.000 0.000 0.000 0.000 0.000 0.000 0.000 0.000 0.002 0.002 0.002 0.002 0.002 0.002 0.002
HIS02A0252_026 0.000 0.000 0.000 0.000 0.000 0.006 0.024 0.135 0.262 0.295 0.296 0.298 0.297 0.297 0.297
HIS02A0252_027 0.000 0.000 0.000 0.000 0.000 0.000 0.000 0.000 0.000 0.000 0.000 0.000 0.000 0.000 0.000
HIS02A0252_028 0.000 0.000 0.000 0.000 0.000 0.000 0.000 0.000 0.001 0.002 0.002 0.002 0.002 0.001 0.002
HIS02A0252_029 0.000 0.000 0.000 0.000 0.000 0.000 0.000 0.000 0.000 0.000 0.000 0.000 0.000 0.000 0.000
HIS02A0252_030 0.000 0.000 0.000 0.000 0.000 0.000 0.000 0.000 0.000 0.000 0.000 0.000 0.000 0.000 0.000
HIS02A0252_031 0.000 0.000 0.000 0.000 0.000 0.000 0.000 0.000 0.000 0.000 0.000 0.000 0.000 0.000 0.000
HIS02A0252_032 0.000 0.000 0.000 0.000 0.000 0.000 0.000 0.000 0.000 0.000 0.000 0.000 0.000 0.000 0.000
HIS02A0252_033 0.000 0.000 0.000 0.000 0.000 0.000 0.000 0.000 0.000 0.000 0.000 0.000 0.000 0.000 0.000
HIS02A0252_034 0.000 0.000 0.000 0.000 0.000 0.000 0.000 0.001 0.003 0.003 0.003 0.003 0.003 0.003 0.003
HIS+1A0252_035 0.150 0.149 0.150 0.149 0.150 0.147 0.138 0.082 0.018 0.002 0.000 0.000 0.000 0.000 0.000
HIS+1A0252_036 0.000 0.000 0.000 0.000 0.000 0.000 0.000 0.000 0.000 0.000 0.000 0.000 0.000 0.000 0.000
HIS+1A0252_037 0.199 0.198 0.198 0.198 0.198 0.196 0.182 0.109 0.024 0.003 0.000 0.000 0.000 0.000 0.000
HIS+1A0252_038 0.169 0.170 0.170 0.170 0.169 0.169 0.156 0.094 0.020 0.002 0.000 0.000 0.000 0.000 0.000
HIS+1A0252_039 0.003 0.003 0.003 0.003 0.003 0.003 0.003 0.001 0.000 0.000 0.000 0.000 0.000 0.000 0.000
HIS+1A0252_040 0.002 0.002 0.002 0.002 0.002 0.002 0.002 0.000 0.000 0.000 0.000 0.000 0.000 0.000 0.000
HIS+1A0252_041 0.000 0.000 0.000 0.000 0.000 0.000 0.000 0.000 0.000 0.000 0.000 0.000 0.000 0.000 0.000
HIS+1A0252_042 0.000 0.000 0.000 0.000 0.000 0.000 0.000 0.000 0.000 0.000 0.000 0.000 0.000 0.000 0.000
HIS+1A0252_043 0.005 0.005 0.005 0.005 0.005 0.005 0.004 0.003 0.000 0.000 0.000 0.000 0.000 0.000 0.000
HIS+1A0252_044 0.270 0.271 0.271 0.271 0.271 0.266 0.248 0.150 0.033 0.004 0.000 0.000 0.000 0.000 0.000
HIS+1A0252_045 0.000 0.000 0.000 0.000 0.000 0.000 0.000 0.000 0.000 0.000 0.000 0.000 0.000 0.000 0.000
HIS+1A0252_046 0.003 0.003 0.003 0.003 0.003 0.003 0.003 0.002 0.000 0.000 0.000 0.000 0.000 0.000 0.000
HIS+1A0252_047 0.192 0.191 0.190 0.193 0.190 0.189 0.178 0.106 0.023 0.003 0.000 0.000 0.000 0.000 0.000
HIS+1A0252_048 0.000 0.000 0.000 0.000 0.000 0.000 0.000 0.000 0.000 0.000 0.000 0.000 0.000 0.000 0.000
HIS+1A0252_049 0.006 0.006 0.006 0.006 0.006 0.006 0.006 0.003 0.000 0.000 0.000 0.000 0.000 0.000 0.000
HIS+1A0252_050 0.002 0.002 0.002 0.002 0.002 0.002 0.002 0.001 0.000 0.000 0.000 0.000 0.000 0.000 0.000
HIS+1A0252_051 0.000 0.000 0.000 0.000 0.000 0.000 0.000 0.000 0.000 0.000 0.000 0.000 0.000 0.000 0.000
