 ph              0.0   1.0   2.0   3.0   4.0   5.0   6.0   7.0   8.0   9.0  10.0  11.0  12.0  13.0  14.0
TYR01A0265_001 0.892 0.892 0.894 0.890 0.892 0.892 0.894 0.888 0.872 0.722 0.270 0.037 0.006 0.000 0.000
TYR01A0265_002 0.002 0.002 0.002 0.002 0.002 0.002 0.002 0.002 0.002 0.002 0.000 0.000 0.000 0.000 0.000
TYR01A0265_003 0.000 0.000 0.000 0.000 0.000 0.000 0.000 0.000 0.000 0.000 0.000 0.000 0.000 0.000 0.000
TYR01A0265_004 0.106 0.106 0.104 0.107 0.106 0.105 0.104 0.106 0.103 0.084 0.032 0.004 0.000 0.000 0.000
TYR01A0265_005 0.000 0.000 0.000 0.000 0.000 0.000 0.000 0.000 0.000 0.000 0.000 0.000 0.000 0.000 0.000
TYR-1A0265_006 0.000 0.000 0.000 0.000 0.000 0.000 0.000 0.003 0.020 0.169 0.609 0.837 0.868 0.870 0.869
TYR-1A0265_007 0.000 0.000 0.000 0.000 0.000 0.000 0.000 0.000 0.000 0.000 0.000 0.000 0.000 0.000 0.000
TYR-1A0265_008 0.000 0.000 0.000 0.000 0.000 0.000 0.000 0.000 0.000 0.000 0.000 0.002 0.002 0.002 0.002
TYR-1A0265_009 0.000 0.000 0.000 0.000 0.000 0.000 0.000 0.000 0.000 0.000 0.003 0.003 0.004 0.004 0.004
TYR-1A0265_010 0.000 0.000 0.000 0.000 0.000 0.000 0.000 0.000 0.003 0.023 0.086 0.116 0.119 0.125 0.125
