 ph              0.0   1.0   2.0   3.0   4.0   5.0   6.0   7.0   8.0   9.0  10.0  11.0  12.0  13.0  14.0
CYS01A0049_001 0.257 0.253 0.255 0.255 0.253 0.256 0.253 0.243 0.165 0.039 0.005 0.000 0.000 0.000 0.000
CYS01A0049_002 0.082 0.082 0.083 0.083 0.083 0.082 0.082 0.077 0.053 0.012 0.001 0.000 0.000 0.000 0.000
CYS01A0049_003 0.230 0.229 0.229 0.229 0.229 0.228 0.227 0.217 0.148 0.036 0.004 0.000 0.000 0.000 0.000
CYS01A0049_004 0.247 0.250 0.248 0.247 0.248 0.247 0.247 0.234 0.160 0.039 0.005 0.000 0.000 0.000 0.000
CYS01A0049_005 0.088 0.089 0.089 0.089 0.089 0.089 0.088 0.084 0.057 0.014 0.002 0.000 0.000 0.000 0.000
CYS01A0049_006 0.096 0.097 0.097 0.097 0.097 0.098 0.097 0.091 0.063 0.015 0.002 0.000 0.000 0.000 0.000
CYS01A0049_007 0.000 0.000 0.000 0.000 0.000 0.000 0.000 0.000 0.000 0.000 0.000 0.000 0.000 0.000 0.000
CYS01A0049_008 0.000 0.000 0.000 0.000 0.000 0.000 0.000 0.000 0.000 0.000 0.000 0.000 0.000 0.000 0.000
CYS01A0049_009 0.000 0.001 0.000 0.000 0.000 0.001 0.001 0.001 0.000 0.000 0.000 0.000 0.000 0.000 0.000
CYS01A0049_010 0.000 0.000 0.000 0.000 0.000 0.000 0.000 0.000 0.000 0.000 0.000 0.000 0.000 0.000 0.000
CYS01A0049_011 0.000 0.000 0.000 0.000 0.000 0.000 0.000 0.000 0.000 0.000 0.000 0.000 0.000 0.000 0.000
CYS01A0049_012 0.000 0.000 0.000 0.000 0.000 0.000 0.000 0.000 0.000 0.000 0.000 0.000 0.000 0.000 0.000
CYS01A0049_013 0.000 0.000 0.000 0.000 0.000 0.000 0.000 0.000 0.000 0.000 0.000 0.000 0.000 0.000 0.000
CYS01A0049_014 0.000 0.000 0.000 0.000 0.000 0.000 0.000 0.000 0.000 0.000 0.000 0.000 0.000 0.000 0.000
CYS-1A0049_015 0.000 0.000 0.000 0.000 0.000 0.000 0.003 0.031 0.212 0.505 0.585 0.597 0.596 0.599 0.598
CYS-1A0049_016 0.000 0.000 0.000 0.000 0.000 0.000 0.000 0.000 0.000 0.000 0.000 0.000 0.000 0.000 0.000
CYS-1A0049_017 0.000 0.000 0.000 0.000 0.000 0.000 0.002 0.021 0.142 0.338 0.394 0.400 0.400 0.398 0.399
CYS-1A0049_018 0.000 0.000 0.000 0.000 0.000 0.000 0.000 0.000 0.000 0.002 0.003 0.003 0.004 0.003 0.003
