 ph              0.0   1.0   2.0   3.0   4.0   5.0   6.0   7.0   8.0   9.0  10.0  11.0  12.0  13.0  14.0
LYS01A0212_001 0.000 0.000 0.000 0.000 0.000 0.000 0.000 0.000 0.002 0.021 0.121 0.357 0.442 0.457 0.465
LYS01A0212_002 0.000 0.000 0.000 0.000 0.000 0.000 0.000 0.000 0.000 0.000 0.007 0.021 0.027 0.027 0.027
LYS01A0212_003 0.000 0.000 0.000 0.000 0.000 0.000 0.000 0.000 0.000 0.000 0.000 0.000 0.000 0.000 0.000
LYS01A0212_004 0.000 0.000 0.000 0.000 0.000 0.000 0.000 0.000 0.000 0.000 0.000 0.000 0.000 0.000 0.000
LYS01A0212_005 0.000 0.000 0.000 0.000 0.000 0.000 0.000 0.000 0.000 0.000 0.000 0.000 0.000 0.000 0.000
LYS01A0212_006 0.000 0.000 0.000 0.000 0.000 0.000 0.000 0.000 0.000 0.000 0.004 0.011 0.015 0.015 0.015
LYS01A0212_007 0.000 0.000 0.000 0.000 0.000 0.000 0.000 0.000 0.000 0.000 0.003 0.008 0.010 0.010 0.010
LYS01A0212_008 0.000 0.000 0.000 0.000 0.000 0.000 0.000 0.000 0.000 0.000 0.001 0.004 0.005 0.005 0.005
LYS01A0212_009 0.000 0.000 0.000 0.000 0.000 0.000 0.000 0.000 0.000 0.000 0.000 0.000 0.000 0.000 0.000
LYS01A0212_010 0.000 0.000 0.000 0.000 0.000 0.000 0.000 0.000 0.000 0.000 0.000 0.000 0.000 0.000 0.000
LYS01A0212_011 0.000 0.000 0.000 0.000 0.000 0.000 0.000 0.000 0.000 0.000 0.000 0.000 0.000 0.000 0.000
LYS01A0212_012 0.000 0.000 0.000 0.000 0.000 0.000 0.000 0.000 0.002 0.020 0.124 0.356 0.455 0.467 0.463
LYS01A0212_013 0.000 0.000 0.000 0.000 0.000 0.000 0.000 0.000 0.000 0.000 0.000 0.002 0.003 0.003 0.003
LYS01A0212_014 0.000 0.000 0.000 0.000 0.000 0.000 0.000 0.000 0.000 0.000 0.000 0.000 0.000 0.000 0.000
LYS01A0212_015 0.000 0.000 0.000 0.000 0.000 0.000 0.000 0.000 0.000 0.000 0.001 0.003 0.004 0.004 0.004
LYS01A0212_016 0.000 0.000 0.000 0.000 0.000 0.000 0.000 0.000 0.000 0.000 0.000 0.000 0.000 0.000 0.000
LYS01A0212_017 0.000 0.000 0.000 0.000 0.000 0.000 0.000 0.000 0.000 0.000 0.000 0.000 0.000 0.000 0.000
LYS01A0212_018 0.000 0.000 0.000 0.000 0.000 0.000 0.000 0.000 0.000 0.000 0.002 0.005 0.006 0.006 0.007
LYS01A0212_019 0.000 0.000 0.000 0.000 0.000 0.000 0.000 0.000 0.000 0.000 0.000 0.000 0.000 0.000 0.000
LYS01A0212_020 0.000 0.000 0.000 0.000 0.000 0.000 0.000 0.000 0.000 0.000 0.000 0.000 0.000 0.000 0.000
LYS+1A0212_021 0.380 0.380 0.378 0.383 0.386 0.384 0.378 0.375 0.378 0.363 0.278 0.090 0.013 0.001 0.000
LYS+1A0212_022 0.000 0.000 0.000 0.000 0.000 0.000 0.000 0.000 0.000 0.000 0.000 0.000 0.000 0.000 0.000
LYS+1A0212_023 0.534 0.533 0.537 0.530 0.527 0.528 0.533 0.537 0.527 0.510 0.393 0.124 0.018 0.002 0.000
LYS+1A0212_024 0.017 0.017 0.016 0.017 0.017 0.017 0.017 0.017 0.017 0.016 0.013 0.004 0.000 0.000 0.000
LYS+1A0212_025 0.018 0.017 0.017 0.018 0.018 0.018 0.018 0.018 0.018 0.017 0.013 0.004 0.000 0.000 0.000
LYS+1A0212_026 0.003 0.004 0.003 0.004 0.004 0.004 0.004 0.003 0.004 0.003 0.003 0.000 0.000 0.000 0.000
LYS+1A0212_027 0.000 0.000 0.000 0.000 0.000 0.000 0.000 0.000 0.000 0.000 0.000 0.000 0.000 0.000 0.000
LYS+1A0212_028 0.003 0.003 0.004 0.004 0.004 0.004 0.004 0.004 0.004 0.003 0.003 0.000 0.000 0.000 0.000
LYS+1A0212_029 0.034 0.035 0.034 0.034 0.035 0.035 0.034 0.035 0.036 0.034 0.026 0.008 0.001 0.000 0.000
LYS+1A0212_030 0.000 0.000 0.000 0.000 0.000 0.000 0.000 0.000 0.000 0.000 0.000 0.000 0.000 0.000 0.000
LYS+1A0212_031 0.000 0.000 0.000 0.000 0.000 0.000 0.000 0.000 0.000 0.000 0.000 0.000 0.000 0.000 0.000
LYS+1A0212_032 0.000 0.000 0.000 0.000 0.000 0.000 0.000 0.000 0.000 0.000 0.000 0.000 0.000 0.000 0.000
LYS+1A0212_033 0.003 0.003 0.003 0.003 0.003 0.003 0.003 0.003 0.003 0.003 0.002 0.000 0.000 0.000 0.000
LYS+1A0212_034 0.008 0.008 0.008 0.008 0.008 0.008 0.009 0.008 0.009 0.008 0.006 0.002 0.000 0.000 0.000
LYS+1A0212_035 0.000 0.000 0.000 0.000 0.000 0.000 0.000 0.000 0.000 0.000 0.000 0.000 0.000 0.000 0.000
LYS+1A0212_036 0.000 0.000 0.000 0.000 0.000 0.000 0.000 0.000 0.000 0.000 0.000 0.000 0.000 0.000 0.000
LYS+1A0212_037 0.000 0.000 0.000 0.000 0.000 0.000 0.000 0.000 0.000 0.000 0.000 0.000 0.000 0.000 0.000
LYS+1A0212_038 0.000 0.000 0.000 0.000 0.000 0.000 0.000 0.000 0.000 0.000 0.000 0.000 0.000 0.000 0.000
LYS+1A0212_039 0.000 0.000 0.000 0.000 0.000 0.000 0.000 0.000 0.000 0.000 0.000 0.000 0.000 0.000 0.000
LYS+1A0212_040 0.000 0.000 0.000 0.000 0.000 0.000 0.000 0.000 0.000 0.000 0.000 0.000 0.000 0.000 0.000
