 ph              0.0   1.0   2.0   3.0   4.0   5.0   6.0   7.0   8.0   9.0  10.0  11.0  12.0  13.0  14.0
GLU01A0225_001 0.000 0.000 0.000 0.000 0.000 0.000 0.000 0.000 0.000 0.000 0.000 0.000 0.000 0.000 0.000
GLU01A0225_002 0.008 0.008 0.007 0.007 0.003 0.000 0.000 0.000 0.000 0.000 0.000 0.000 0.000 0.000 0.000
GLU01A0225_003 0.002 0.002 0.002 0.002 0.000 0.000 0.000 0.000 0.000 0.000 0.000 0.000 0.000 0.000 0.000
GLU01A0225_004 0.005 0.006 0.005 0.005 0.002 0.000 0.000 0.000 0.000 0.000 0.000 0.000 0.000 0.000 0.000
GLU01A0225_005 0.010 0.011 0.010 0.009 0.005 0.000 0.000 0.000 0.000 0.000 0.000 0.000 0.000 0.000 0.000
GLU01A0225_006 0.214 0.217 0.215 0.194 0.097 0.021 0.004 0.000 0.000 0.000 0.000 0.000 0.000 0.000 0.000
GLU01A0225_007 0.013 0.014 0.014 0.012 0.006 0.001 0.000 0.000 0.000 0.000 0.000 0.000 0.000 0.000 0.000
GLU01A0225_008 0.000 0.000 0.000 0.000 0.000 0.000 0.000 0.000 0.000 0.000 0.000 0.000 0.000 0.000 0.000
GLU01A0225_009 0.019 0.020 0.019 0.017 0.009 0.002 0.000 0.000 0.000 0.000 0.000 0.000 0.000 0.000 0.000
GLU01A0225_010 0.000 0.000 0.000 0.000 0.000 0.000 0.000 0.000 0.000 0.000 0.000 0.000 0.000 0.000 0.000
GLU01A0225_011 0.009 0.010 0.010 0.008 0.004 0.000 0.000 0.000 0.000 0.000 0.000 0.000 0.000 0.000 0.000
GLU01A0225_012 0.004 0.004 0.004 0.003 0.002 0.000 0.000 0.000 0.000 0.000 0.000 0.000 0.000 0.000 0.000
GLU01A0225_013 0.229 0.228 0.225 0.201 0.102 0.022 0.004 0.000 0.000 0.000 0.000 0.000 0.000 0.000 0.000
GLU01A0225_014 0.119 0.117 0.115 0.105 0.053 0.011 0.002 0.000 0.000 0.000 0.000 0.000 0.000 0.000 0.000
GLU02A0225_015 0.002 0.002 0.002 0.002 0.000 0.000 0.000 0.000 0.000 0.000 0.000 0.000 0.000 0.000 0.000
GLU02A0225_016 0.008 0.008 0.008 0.007 0.003 0.000 0.000 0.000 0.000 0.000 0.000 0.000 0.000 0.000 0.000
GLU02A0225_017 0.005 0.005 0.005 0.004 0.002 0.000 0.000 0.000 0.000 0.000 0.000 0.000 0.000 0.000 0.000
GLU02A0225_018 0.017 0.018 0.018 0.016 0.008 0.002 0.000 0.000 0.000 0.000 0.000 0.000 0.000 0.000 0.000
GLU02A0225_019 0.020 0.020 0.020 0.018 0.009 0.002 0.000 0.000 0.000 0.000 0.000 0.000 0.000 0.000 0.000
GLU02A0225_020 0.004 0.004 0.004 0.003 0.002 0.000 0.000 0.000 0.000 0.000 0.000 0.000 0.000 0.000 0.000
GLU02A0225_021 0.003 0.003 0.003 0.003 0.001 0.000 0.000 0.000 0.000 0.000 0.000 0.000 0.000 0.000 0.000
GLU02A0225_022 0.002 0.002 0.002 0.002 0.000 0.000 0.000 0.000 0.000 0.000 0.000 0.000 0.000 0.000 0.000
GLU02A0225_023 0.005 0.005 0.005 0.005 0.002 0.000 0.000 0.000 0.000 0.000 0.000 0.000 0.000 0.000 0.000
GLU02A0225_024 0.010 0.011 0.010 0.009 0.005 0.000 0.000 0.000 0.000 0.000 0.000 0.000 0.000 0.000 0.000
GLU02A0225_025 0.035 0.035 0.034 0.031 0.016 0.003 0.000 0.000 0.000 0.000 0.000 0.000 0.000 0.000 0.000
GLU02A0225_026 0.195 0.193 0.189 0.170 0.087 0.018 0.004 0.000 0.000 0.000 0.000 0.000 0.000 0.000 0.000
GLU02A0225_027 0.061 0.060 0.060 0.054 0.028 0.006 0.000 0.000 0.000 0.000 0.000 0.000 0.000 0.000 0.000
GLU-1A0225_028 0.000 0.000 0.000 0.004 0.019 0.032 0.035 0.035 0.035 0.036 0.035 0.036 0.035 0.035 0.035
GLU-1A0225_029 0.000 0.000 0.000 0.007 0.034 0.055 0.061 0.063 0.062 0.062 0.063 0.062 0.062 0.062 0.062
GLU-1A0225_030 0.000 0.000 0.002 0.014 0.068 0.111 0.121 0.122 0.123 0.123 0.122 0.123 0.123 0.120 0.123
GLU-1A0225_031 0.000 0.000 0.009 0.059 0.289 0.479 0.517 0.523 0.524 0.523 0.526 0.523 0.526 0.526 0.525
GLU-1A0225_032 0.000 0.000 0.004 0.029 0.142 0.234 0.252 0.257 0.256 0.256 0.255 0.256 0.254 0.257 0.255
