 ph              0.0   1.0   2.0   3.0   4.0   5.0   6.0   7.0   8.0   9.0  10.0  11.0  12.0  13.0  14.0
PHE01A0226_001 0.575 0.574 0.577 0.576 0.575 0.574 0.580 0.576 0.576 0.576 0.578 0.571 0.574 0.573 0.573
PHE01A0226_002 0.020 0.020 0.020 0.020 0.020 0.020 0.020 0.020 0.020 0.020 0.021 0.021 0.021 0.021 0.021
PHE01A0226_003 0.000 0.000 0.000 0.000 0.000 0.000 0.000 0.000 0.000 0.000 0.000 0.000 0.000 0.000 0.000
PHE01A0226_004 0.372 0.373 0.370 0.371 0.371 0.375 0.367 0.370 0.371 0.371 0.370 0.374 0.372 0.371 0.373
PHE01A0226_005 0.000 0.000 0.001 0.001 0.001 0.000 0.000 0.001 0.000 0.001 0.000 0.001 0.000 0.001 0.000
PHE01A0226_006 0.007 0.007 0.007 0.007 0.007 0.007 0.007 0.007 0.007 0.007 0.007 0.007 0.007 0.007 0.007
PHE01A0226_007 0.000 0.000 0.000 0.000 0.000 0.000 0.000 0.000 0.000 0.000 0.000 0.000 0.000 0.000 0.000
PHE01A0226_008 0.000 0.000 0.000 0.000 0.000 0.000 0.000 0.000 0.000 0.000 0.000 0.000 0.000 0.000 0.000
PHE01A0226_009 0.026 0.025 0.026 0.025 0.026 0.025 0.025 0.026 0.025 0.025 0.025 0.025 0.025 0.026 0.026
