 ph              0.0   1.0   2.0   3.0   4.0   5.0   6.0   7.0   8.0   9.0  10.0  11.0  12.0  13.0  14.0
GLU01A0034_001 0.000 0.000 0.000 0.000 0.000 0.000 0.000 0.000 0.000 0.000 0.000 0.000 0.000 0.000 0.000
GLU01A0034_002 0.002 0.002 0.002 0.002 0.000 0.000 0.000 0.000 0.000 0.000 0.000 0.000 0.000 0.000 0.000
GLU01A0034_003 0.023 0.023 0.023 0.021 0.012 0.003 0.000 0.000 0.000 0.000 0.000 0.000 0.000 0.000 0.000
GLU01A0034_004 0.013 0.014 0.013 0.012 0.007 0.002 0.000 0.000 0.000 0.000 0.000 0.000 0.000 0.000 0.000
GLU01A0034_005 0.026 0.026 0.026 0.024 0.014 0.003 0.000 0.000 0.000 0.000 0.000 0.000 0.000 0.000 0.000
GLU01A0034_006 0.000 0.000 0.000 0.000 0.000 0.000 0.000 0.000 0.000 0.000 0.000 0.000 0.000 0.000 0.000
GLU01A0034_007 0.000 0.000 0.000 0.000 0.000 0.000 0.000 0.000 0.000 0.000 0.000 0.000 0.000 0.000 0.000
GLU01A0034_008 0.000 0.000 0.000 0.000 0.000 0.000 0.000 0.000 0.000 0.000 0.000 0.000 0.000 0.000 0.000
GLU01A0034_009 0.012 0.012 0.011 0.011 0.006 0.001 0.000 0.000 0.000 0.000 0.000 0.000 0.000 0.000 0.000
GLU01A0034_010 0.000 0.000 0.000 0.000 0.000 0.000 0.000 0.000 0.000 0.000 0.000 0.000 0.000 0.000 0.000
GLU01A0034_011 0.000 0.000 0.000 0.000 0.000 0.000 0.000 0.000 0.000 0.000 0.000 0.000 0.000 0.000 0.000
GLU01A0034_012 0.008 0.008 0.008 0.008 0.004 0.000 0.000 0.000 0.000 0.000 0.000 0.000 0.000 0.000 0.000
GLU01A0034_013 0.000 0.000 0.000 0.000 0.000 0.000 0.000 0.000 0.000 0.000 0.000 0.000 0.000 0.000 0.000
GLU01A0034_014 0.283 0.285 0.282 0.260 0.151 0.035 0.011 0.000 0.000 0.000 0.000 0.000 0.000 0.000 0.000
GLU01A0034_015 0.005 0.004 0.005 0.004 0.002 0.000 0.000 0.000 0.000 0.000 0.000 0.000 0.000 0.000 0.000
GLU01A0034_016 0.122 0.121 0.119 0.111 0.064 0.015 0.000 0.000 0.000 0.000 0.000 0.000 0.000 0.000 0.000
GLU01A0034_017 0.002 0.002 0.002 0.002 0.001 0.000 0.000 0.000 0.000 0.000 0.000 0.000 0.000 0.000 0.000
GLU01A0034_018 0.002 0.002 0.002 0.002 0.000 0.000 0.000 0.000 0.000 0.000 0.000 0.000 0.000 0.000 0.000
GLU01A0034_019 0.036 0.036 0.035 0.032 0.019 0.004 0.000 0.000 0.000 0.000 0.000 0.000 0.000 0.000 0.000
GLU02A0034_020 0.003 0.003 0.003 0.002 0.001 0.000 0.000 0.000 0.000 0.000 0.000 0.000 0.000 0.000 0.000
GLU02A0034_021 0.010 0.010 0.010 0.009 0.005 0.001 0.000 0.000 0.000 0.000 0.000 0.000 0.000 0.000 0.000
GLU02A0034_022 0.010 0.010 0.010 0.009 0.005 0.000 0.000 0.000 0.000 0.000 0.000 0.000 0.000 0.000 0.000
GLU02A0034_023 0.000 0.000 0.000 0.000 0.000 0.000 0.000 0.000 0.000 0.000 0.000 0.000 0.000 0.000 0.000
GLU02A0034_024 0.000 0.000 0.000 0.000 0.000 0.000 0.000 0.000 0.000 0.000 0.000 0.000 0.000 0.000 0.000
GLU02A0034_025 0.025 0.025 0.024 0.022 0.013 0.003 0.000 0.000 0.000 0.000 0.000 0.000 0.000 0.000 0.000
GLU02A0034_026 0.002 0.002 0.002 0.001 0.000 0.000 0.000 0.000 0.000 0.000 0.000 0.000 0.000 0.000 0.000
GLU02A0034_027 0.015 0.015 0.015 0.013 0.008 0.002 0.000 0.000 0.000 0.000 0.000 0.000 0.000 0.000 0.000
GLU02A0034_028 0.006 0.005 0.005 0.005 0.003 0.000 0.000 0.000 0.000 0.000 0.000 0.000 0.000 0.000 0.000
GLU02A0034_029 0.000 0.000 0.000 0.000 0.000 0.000 0.000 0.000 0.000 0.000 0.000 0.000 0.000 0.000 0.000
GLU02A0034_030 0.003 0.004 0.003 0.003 0.002 0.000 0.000 0.000 0.000 0.000 0.000 0.000 0.000 0.000 0.000
GLU02A0034_031 0.009 0.010 0.010 0.009 0.005 0.000 0.000 0.000 0.000 0.000 0.000 0.000 0.000 0.000 0.000
GLU02A0034_032 0.000 0.000 0.000 0.000 0.000 0.000 0.000 0.000 0.000 0.000 0.000 0.000 0.000 0.000 0.000
GLU02A0034_033 0.001 0.001 0.001 0.000 0.000 0.000 0.000 0.000 0.000 0.000 0.000 0.000 0.000 0.000 0.000
GLU02A0034_034 0.099 0.099 0.098 0.091 0.053 0.012 0.004 0.000 0.000 0.000 0.000 0.000 0.000 0.000 0.000
GLU02A0034_035 0.002 0.002 0.002 0.002 0.001 0.000 0.000 0.000 0.000 0.000 0.000 0.000 0.000 0.000 0.000
GLU02A0034_036 0.002 0.002 0.002 0.002 0.001 0.000 0.000 0.000 0.000 0.000 0.000 0.000 0.000 0.000 0.000
GLU02A0034_037 0.003 0.003 0.003 0.002 0.001 0.000 0.000 0.000 0.000 0.000 0.000 0.000 0.000 0.000 0.000
GLU02A0034_038 0.073 0.074 0.072 0.068 0.039 0.009 0.000 0.000 0.000 0.000 0.000 0.000 0.000 0.000 0.000
GLU02A0034_039 0.168 0.167 0.166 0.152 0.089 0.020 0.006 0.000 0.000 0.000 0.000 0.000 0.000 0.000 0.000
GLU02A0034_040 0.035 0.034 0.034 0.032 0.019 0.004 0.000 0.000 0.000 0.000 0.000 0.000 0.000 0.000 0.000
GLU-1A0034_041 0.000 0.000 0.000 0.006 0.031 0.060 0.065 0.066 0.066 0.066 0.064 0.066 0.066 0.065 0.066
GLU-1A0034_042 0.000 0.000 0.004 0.030 0.160 0.303 0.330 0.338 0.338 0.339 0.341 0.338 0.338 0.338 0.340
GLU-1A0034_043 0.000 0.000 0.005 0.032 0.171 0.320 0.358 0.363 0.366 0.365 0.362 0.364 0.366 0.365 0.362
GLU-1A0034_044 0.000 0.000 0.000 0.000 0.003 0.006 0.007 0.007 0.007 0.007 0.007 0.007 0.007 0.007 0.007
GLU-1A0034_045 0.000 0.000 0.000 0.002 0.010 0.019 0.021 0.022 0.021 0.021 0.021 0.022 0.022 0.021 0.022
GLU-1A0034_046 0.000 0.000 0.000 0.001 0.006 0.012 0.013 0.014 0.014 0.014 0.014 0.013 0.013 0.013 0.013
GLU-1A0034_047 0.000 0.000 0.000 0.000 0.004 0.007 0.008 0.008 0.008 0.009 0.009 0.009 0.008 0.008 0.008
GLU-1A0034_048 0.000 0.000 0.002 0.016 0.086 0.159 0.177 0.183 0.180 0.180 0.182 0.181 0.180 0.182 0.181
