 ph              0.0   1.0   2.0   3.0   4.0   5.0   6.0   7.0   8.0   9.0  10.0  11.0  12.0  13.0  14.0
LEU01A0228_001 0.000 0.000 0.000 0.000 0.000 0.000 0.000 0.000 0.000 0.000 0.000 0.000 0.000 0.000 0.000
LEU01A0228_002 0.256 0.258 0.256 0.258 0.255 0.256 0.256 0.258 0.257 0.256 0.258 0.257 0.258 0.255 0.258
LEU01A0228_003 0.030 0.030 0.030 0.029 0.030 0.030 0.030 0.029 0.029 0.029 0.029 0.029 0.029 0.030 0.029
LEU01A0228_004 0.000 0.000 0.000 0.000 0.000 0.000 0.000 0.000 0.000 0.000 0.000 0.000 0.000 0.000 0.000
LEU01A0228_005 0.222 0.222 0.222 0.221 0.222 0.221 0.222 0.220 0.222 0.221 0.221 0.221 0.221 0.220 0.221
LEU01A0228_006 0.270 0.268 0.268 0.268 0.269 0.270 0.270 0.270 0.270 0.270 0.271 0.270 0.269 0.270 0.269
LEU01A0228_007 0.097 0.097 0.097 0.097 0.097 0.098 0.096 0.097 0.097 0.097 0.096 0.097 0.097 0.097 0.097
LEU01A0228_008 0.000 0.000 0.000 0.000 0.000 0.000 0.000 0.000 0.000 0.000 0.000 0.000 0.000 0.000 0.000
LEU01A0228_009 0.006 0.006 0.006 0.006 0.006 0.006 0.006 0.006 0.006 0.006 0.006 0.006 0.006 0.006 0.006
LEU01A0228_010 0.100 0.099 0.100 0.101 0.101 0.100 0.101 0.101 0.100 0.101 0.099 0.100 0.101 0.101 0.100
LEU01A0228_011 0.000 0.000 0.000 0.000 0.000 0.000 0.000 0.000 0.000 0.000 0.000 0.000 0.000 0.000 0.000
LEU01A0228_012 0.020 0.020 0.020 0.019 0.020 0.020 0.020 0.019 0.019 0.019 0.020 0.019 0.019 0.020 0.020
LEU01A0228_013 0.000 0.000 0.000 0.000 0.000 0.000 0.000 0.000 0.000 0.000 0.000 0.000 0.000 0.000 0.000
LEU01A0228_014 0.000 0.000 0.000 0.000 0.000 0.000 0.000 0.000 0.000 0.000 0.000 0.000 0.000 0.000 0.000
LEU01A0228_015 0.000 0.000 0.000 0.000 0.000 0.000 0.000 0.000 0.000 0.000 0.000 0.000 0.000 0.000 0.000
LEU01A0228_016 0.000 0.000 0.000 0.000 0.000 0.000 0.000 0.000 0.000 0.000 0.000 0.000 0.000 0.000 0.000
