 ph              0.0   1.0   2.0   3.0   4.0   5.0   6.0   7.0   8.0   9.0  10.0  11.0  12.0  13.0  14.0
TYR01A0203_001 0.127 0.127 0.126 0.128 0.126 0.126 0.127 0.126 0.121 0.092 0.026 0.004 0.000 0.000 0.000
TYR01A0203_002 0.001 0.001 0.002 0.002 0.002 0.001 0.001 0.002 0.001 0.000 0.000 0.000 0.000 0.000 0.000
TYR01A0203_003 0.029 0.030 0.029 0.029 0.029 0.029 0.030 0.029 0.028 0.021 0.006 0.000 0.000 0.000 0.000
TYR01A0203_004 0.000 0.000 0.000 0.000 0.000 0.000 0.000 0.000 0.000 0.000 0.000 0.000 0.000 0.000 0.000
TYR01A0203_005 0.000 0.000 0.000 0.000 0.000 0.000 0.000 0.000 0.000 0.000 0.000 0.000 0.000 0.000 0.000
TYR01A0203_006 0.480 0.482 0.483 0.483 0.480 0.484 0.482 0.480 0.463 0.348 0.101 0.014 0.004 0.000 0.000
TYR01A0203_007 0.000 0.000 0.000 0.000 0.000 0.000 0.000 0.000 0.000 0.000 0.000 0.000 0.000 0.000 0.000
TYR01A0203_008 0.349 0.347 0.347 0.345 0.350 0.346 0.347 0.346 0.335 0.251 0.072 0.010 0.000 0.000 0.000
TYR01A0203_009 0.000 0.000 0.000 0.000 0.000 0.000 0.000 0.000 0.000 0.000 0.000 0.000 0.000 0.000 0.000
TYR01A0203_010 0.013 0.013 0.013 0.013 0.013 0.013 0.013 0.013 0.013 0.009 0.003 0.000 0.000 0.000 0.000
TYR-1A0203_011 0.000 0.000 0.000 0.000 0.000 0.000 0.000 0.000 0.003 0.020 0.057 0.070 0.072 0.073 0.072
TYR-1A0203_012 0.000 0.000 0.000 0.000 0.000 0.000 0.000 0.003 0.018 0.125 0.357 0.438 0.451 0.450 0.452
TYR-1A0203_013 0.000 0.000 0.000 0.000 0.000 0.000 0.000 0.000 0.000 0.000 0.001 0.002 0.002 0.002 0.002
TYR-1A0203_014 0.000 0.000 0.000 0.000 0.000 0.000 0.000 0.000 0.002 0.013 0.036 0.045 0.045 0.046 0.045
TYR-1A0203_015 0.000 0.000 0.000 0.000 0.000 0.000 0.000 0.000 0.000 0.000 0.000 0.000 0.000 0.000 0.000
TYR-1A0203_016 0.000 0.000 0.000 0.000 0.000 0.000 0.000 0.000 0.000 0.000 0.000 0.000 0.000 0.000 0.000
TYR-1A0203_017 0.000 0.000 0.000 0.000 0.000 0.000 0.000 0.003 0.016 0.115 0.328 0.402 0.411 0.414 0.414
TYR-1A0203_018 0.000 0.000 0.000 0.000 0.000 0.000 0.000 0.000 0.000 0.000 0.000 0.000 0.000 0.000 0.000
TYR-1A0203_019 0.000 0.000 0.000 0.000 0.000 0.000 0.000 0.000 0.000 0.000 0.000 0.000 0.000 0.000 0.000
TYR-1A0203_020 0.000 0.000 0.000 0.000 0.000 0.000 0.000 0.000 0.000 0.004 0.012 0.015 0.016 0.016 0.016
