 ph              0.0   1.0   2.0   3.0   4.0   5.0   6.0   7.0   8.0   9.0  10.0  11.0  12.0  13.0  14.0
GLU01A0186_001 0.000 0.000 0.000 0.000 0.000 0.000 0.000 0.000 0.000 0.000 0.000 0.000 0.000 0.000 0.000
GLU01A0186_002 0.000 0.000 0.000 0.000 0.000 0.000 0.000 0.000 0.000 0.000 0.000 0.000 0.000 0.000 0.000
GLU01A0186_003 0.171 0.171 0.168 0.158 0.096 0.021 0.004 0.000 0.000 0.000 0.000 0.000 0.000 0.000 0.000
GLU01A0186_004 0.011 0.011 0.011 0.010 0.006 0.001 0.000 0.000 0.000 0.000 0.000 0.000 0.000 0.000 0.000
GLU01A0186_005 0.003 0.003 0.003 0.003 0.002 0.000 0.000 0.000 0.000 0.000 0.000 0.000 0.000 0.000 0.000
GLU01A0186_006 0.008 0.008 0.008 0.008 0.005 0.000 0.000 0.000 0.000 0.000 0.000 0.000 0.000 0.000 0.000
GLU01A0186_007 0.050 0.050 0.051 0.047 0.028 0.007 0.000 0.000 0.000 0.000 0.000 0.000 0.000 0.000 0.000
GLU01A0186_008 0.211 0.209 0.209 0.194 0.118 0.027 0.004 0.000 0.000 0.000 0.000 0.000 0.000 0.000 0.000
GLU02A0186_009 0.000 0.000 0.000 0.000 0.000 0.000 0.000 0.000 0.000 0.000 0.000 0.000 0.000 0.000 0.000
GLU02A0186_010 0.003 0.003 0.003 0.003 0.002 0.000 0.000 0.000 0.000 0.000 0.000 0.000 0.000 0.000 0.000
GLU02A0186_011 0.019 0.020 0.020 0.018 0.011 0.002 0.000 0.000 0.000 0.000 0.000 0.000 0.000 0.000 0.000
GLU02A0186_012 0.000 0.000 0.000 0.000 0.000 0.000 0.000 0.000 0.000 0.000 0.000 0.000 0.000 0.000 0.000
GLU02A0186_013 0.269 0.271 0.267 0.249 0.153 0.033 0.005 0.000 0.000 0.000 0.000 0.000 0.000 0.000 0.000
GLU02A0186_014 0.175 0.176 0.175 0.164 0.100 0.023 0.004 0.000 0.000 0.000 0.000 0.000 0.000 0.000 0.000
GLU02A0186_015 0.007 0.007 0.007 0.007 0.004 0.000 0.000 0.000 0.000 0.000 0.000 0.000 0.000 0.000 0.000
GLU02A0186_016 0.071 0.071 0.071 0.066 0.040 0.009 0.000 0.000 0.000 0.000 0.000 0.000 0.000 0.000 0.000
GLU-1A0186_017 0.000 0.000 0.000 0.000 0.000 0.000 0.000 0.000 0.000 0.000 0.000 0.000 0.000 0.000 0.000
GLU-1A0186_018 0.000 0.000 0.002 0.016 0.098 0.199 0.222 0.225 0.226 0.229 0.226 0.227 0.227 0.226 0.229
GLU-1A0186_019 0.000 0.000 0.006 0.056 0.338 0.677 0.761 0.775 0.774 0.771 0.774 0.773 0.773 0.774 0.771
