 ph              0.0   1.0   2.0   3.0   4.0   5.0   6.0   7.0   8.0   9.0  10.0  11.0  12.0  13.0  14.0
TYR01A0327_001 0.205 0.205 0.206 0.205 0.205 0.205 0.204 0.203 0.196 0.141 0.038 0.005 0.000 0.000 0.000
TYR01A0327_002 0.000 0.000 0.000 0.000 0.000 0.000 0.000 0.000 0.000 0.000 0.000 0.000 0.000 0.000 0.000
TYR01A0327_003 0.000 0.000 0.000 0.000 0.000 0.000 0.000 0.000 0.000 0.000 0.000 0.000 0.000 0.000 0.000
TYR01A0327_004 0.193 0.193 0.194 0.193 0.195 0.194 0.195 0.190 0.183 0.132 0.036 0.005 0.000 0.000 0.000
TYR01A0327_005 0.000 0.000 0.000 0.000 0.000 0.000 0.000 0.000 0.000 0.000 0.000 0.000 0.000 0.000 0.000
TYR01A0327_006 0.000 0.000 0.000 0.000 0.000 0.000 0.000 0.000 0.000 0.000 0.000 0.000 0.000 0.000 0.000
TYR01A0327_007 0.061 0.061 0.061 0.062 0.061 0.061 0.061 0.060 0.057 0.042 0.011 0.002 0.000 0.000 0.000
TYR01A0327_008 0.000 0.000 0.000 0.000 0.000 0.000 0.000 0.000 0.000 0.000 0.000 0.000 0.000 0.000 0.000
TYR01A0327_009 0.097 0.097 0.097 0.097 0.097 0.097 0.097 0.096 0.093 0.067 0.018 0.002 0.000 0.000 0.000
TYR01A0327_010 0.000 0.000 0.000 0.000 0.000 0.000 0.000 0.000 0.000 0.000 0.000 0.000 0.000 0.000 0.000
TYR01A0327_011 0.420 0.421 0.419 0.420 0.419 0.420 0.420 0.420 0.402 0.288 0.077 0.010 0.000 0.000 0.000
TYR01A0327_012 0.000 0.000 0.000 0.000 0.000 0.000 0.000 0.000 0.000 0.000 0.000 0.000 0.000 0.000 0.000
TYR01A0327_013 0.000 0.000 0.000 0.000 0.000 0.000 0.000 0.000 0.000 0.000 0.000 0.000 0.000 0.000 0.000
TYR01A0327_014 0.000 0.000 0.000 0.000 0.000 0.000 0.000 0.000 0.000 0.000 0.000 0.000 0.000 0.000 0.000
TYR01A0327_015 0.000 0.000 0.000 0.000 0.000 0.000 0.000 0.000 0.000 0.000 0.000 0.000 0.000 0.000 0.000
TYR01A0327_016 0.005 0.005 0.005 0.005 0.005 0.005 0.005 0.005 0.005 0.003 0.000 0.000 0.000 0.000 0.000
TYR01A0327_017 0.019 0.018 0.019 0.019 0.019 0.018 0.018 0.019 0.017 0.013 0.003 0.000 0.000 0.000 0.000
TYR01A0327_018 0.000 0.000 0.000 0.000 0.000 0.000 0.000 0.000 0.000 0.000 0.000 0.000 0.000 0.000 0.000
TYR01A0327_019 0.000 0.000 0.000 0.000 0.000 0.000 0.000 0.000 0.000 0.000 0.000 0.000 0.000 0.000 0.000
TYR-1A0327_020 0.000 0.000 0.000 0.000 0.000 0.000 0.000 0.002 0.014 0.092 0.239 0.282 0.291 0.293 0.291
TYR-1A0327_021 0.000 0.000 0.000 0.000 0.000 0.000 0.000 0.000 0.000 0.000 0.000 0.000 0.000 0.000 0.000
TYR-1A0327_022 0.000 0.000 0.000 0.000 0.000 0.000 0.000 0.000 0.000 0.000 0.000 0.000 0.000 0.000 0.000
TYR-1A0327_023 0.000 0.000 0.000 0.000 0.000 0.000 0.000 0.004 0.026 0.168 0.438 0.526 0.538 0.536 0.537
TYR-1A0327_024 0.000 0.000 0.000 0.000 0.000 0.000 0.000 0.000 0.000 0.000 0.000 0.000 0.000 0.000 0.000
TYR-1A0327_025 0.000 0.000 0.000 0.000 0.000 0.000 0.000 0.000 0.000 0.000 0.000 0.000 0.000 0.000 0.000
TYR-1A0327_026 0.000 0.000 0.000 0.000 0.000 0.000 0.000 0.000 0.000 0.000 0.000 0.000 0.000 0.000 0.000
TYR-1A0327_027 0.000 0.000 0.000 0.000 0.000 0.000 0.000 0.000 0.000 0.000 0.000 0.000 0.000 0.000 0.000
TYR-1A0327_028 0.000 0.000 0.000 0.000 0.000 0.000 0.000 0.000 0.004 0.026 0.069 0.083 0.085 0.085 0.085
TYR-1A0327_029 0.000 0.000 0.000 0.000 0.000 0.000 0.000 0.000 0.000 0.002 0.006 0.007 0.007 0.007 0.007
TYR-1A0327_030 0.000 0.000 0.000 0.000 0.000 0.000 0.000 0.000 0.000 0.000 0.000 0.000 0.000 0.000 0.000
TYR-1A0327_031 0.000 0.000 0.000 0.000 0.000 0.000 0.000 0.000 0.000 0.000 0.000 0.000 0.000 0.000 0.000
TYR-1A0327_032 0.000 0.000 0.000 0.000 0.000 0.000 0.000 0.000 0.000 0.000 0.000 0.000 0.000 0.000 0.000
TYR-1A0327_033 0.000 0.000 0.000 0.000 0.000 0.000 0.000 0.000 0.000 0.007 0.018 0.022 0.023 0.023 0.022
TYR-1A0327_034 0.000 0.000 0.000 0.000 0.000 0.000 0.000 0.000 0.000 0.000 0.000 0.000 0.000 0.000 0.000
TYR-1A0327_035 0.000 0.000 0.000 0.000 0.000 0.000 0.000 0.000 0.000 0.000 0.000 0.001 0.000 0.001 0.001
TYR-1A0327_036 0.000 0.000 0.000 0.000 0.000 0.000 0.000 0.000 0.003 0.017 0.046 0.055 0.056 0.056 0.055
TYR-1A0327_037 0.000 0.000 0.000 0.000 0.000 0.000 0.000 0.000 0.000 0.000 0.000 0.000 0.000 0.000 0.000
