 ph              0.0   1.0   2.0   3.0   4.0   5.0   6.0   7.0   8.0   9.0  10.0  11.0  12.0  13.0  14.0
LYS01A0107_001 0.000 0.000 0.000 0.000 0.000 0.000 0.000 0.000 0.000 0.000 0.000 0.002 0.003 0.003 0.003
LYS01A0107_002 0.000 0.000 0.000 0.000 0.000 0.000 0.000 0.000 0.000 0.000 0.003 0.010 0.013 0.013 0.013
LYS01A0107_003 0.000 0.000 0.000 0.000 0.000 0.000 0.000 0.000 0.000 0.000 0.000 0.002 0.002 0.002 0.002
LYS01A0107_004 0.000 0.000 0.000 0.000 0.000 0.000 0.000 0.000 0.000 0.000 0.000 0.003 0.003 0.004 0.004
LYS01A0107_005 0.000 0.000 0.000 0.000 0.000 0.000 0.000 0.000 0.000 0.000 0.000 0.000 0.000 0.000 0.000
LYS01A0107_006 0.000 0.000 0.000 0.000 0.000 0.000 0.000 0.000 0.000 0.000 0.004 0.015 0.021 0.020 0.021
LYS01A0107_007 0.000 0.000 0.000 0.000 0.000 0.000 0.000 0.000 0.000 0.000 0.000 0.002 0.003 0.003 0.003
LYS01A0107_008 0.000 0.000 0.000 0.000 0.000 0.000 0.000 0.000 0.000 0.000 0.000 0.000 0.000 0.000 0.000
LYS01A0107_009 0.000 0.000 0.000 0.000 0.000 0.000 0.000 0.000 0.000 0.000 0.000 0.000 0.000 0.000 0.000
LYS01A0107_010 0.000 0.000 0.000 0.000 0.000 0.000 0.000 0.000 0.000 0.000 0.000 0.000 0.000 0.000 0.000
LYS01A0107_011 0.000 0.000 0.000 0.000 0.000 0.000 0.000 0.000 0.000 0.000 0.000 0.000 0.000 0.000 0.000
LYS01A0107_012 0.000 0.000 0.000 0.000 0.000 0.000 0.000 0.000 0.000 0.000 0.002 0.005 0.007 0.007 0.007
LYS01A0107_013 0.000 0.000 0.000 0.000 0.000 0.000 0.000 0.000 0.000 0.003 0.018 0.059 0.080 0.083 0.085
LYS01A0107_014 0.000 0.000 0.000 0.000 0.000 0.000 0.000 0.000 0.000 0.000 0.001 0.005 0.006 0.006 0.006
LYS01A0107_015 0.000 0.000 0.000 0.000 0.000 0.000 0.000 0.000 0.005 0.025 0.164 0.528 0.718 0.751 0.750
LYS01A0107_016 0.000 0.000 0.000 0.000 0.000 0.000 0.000 0.000 0.000 0.003 0.022 0.074 0.098 0.101 0.106
LYS01A0107_017 0.000 0.000 0.000 0.000 0.000 0.000 0.000 0.000 0.000 0.000 0.000 0.000 0.000 0.000 0.000
LYS01A0107_018 0.000 0.000 0.000 0.000 0.000 0.000 0.000 0.000 0.000 0.000 0.000 0.000 0.000 0.000 0.000
LYS01A0107_019 0.000 0.000 0.000 0.000 0.000 0.000 0.000 0.000 0.000 0.000 0.000 0.000 0.000 0.000 0.000
LYS01A0107_020 0.000 0.000 0.000 0.000 0.000 0.000 0.000 0.000 0.000 0.000 0.000 0.000 0.000 0.000 0.000
LYS+1A0107_021 0.002 0.002 0.002 0.002 0.002 0.002 0.002 0.002 0.002 0.002 0.001 0.000 0.000 0.000 0.000
LYS+1A0107_022 0.002 0.002 0.002 0.002 0.002 0.002 0.002 0.002 0.002 0.002 0.002 0.000 0.000 0.000 0.000
LYS+1A0107_023 0.000 0.000 0.000 0.000 0.000 0.000 0.000 0.000 0.000 0.000 0.000 0.000 0.000 0.000 0.000
LYS+1A0107_024 0.005 0.005 0.006 0.005 0.005 0.005 0.005 0.005 0.005 0.005 0.004 0.002 0.000 0.000 0.000
LYS+1A0107_025 0.002 0.002 0.003 0.002 0.002 0.002 0.003 0.003 0.002 0.002 0.002 0.000 0.000 0.000 0.000
LYS+1A0107_026 0.000 0.000 0.000 0.000 0.000 0.000 0.000 0.000 0.000 0.000 0.000 0.000 0.000 0.000 0.000
LYS+1A0107_027 0.000 0.000 0.000 0.000 0.000 0.000 0.000 0.000 0.000 0.000 0.000 0.000 0.000 0.000 0.000
LYS+1A0107_028 0.000 0.000 0.000 0.000 0.000 0.000 0.000 0.000 0.000 0.000 0.000 0.000 0.000 0.000 0.000
LYS+1A0107_029 0.000 0.000 0.000 0.000 0.000 0.000 0.000 0.000 0.000 0.000 0.000 0.000 0.000 0.000 0.000
LYS+1A0107_030 0.000 0.000 0.000 0.000 0.000 0.000 0.000 0.000 0.000 0.000 0.000 0.000 0.000 0.000 0.000
LYS+1A0107_031 0.009 0.008 0.008 0.008 0.008 0.009 0.009 0.009 0.009 0.008 0.007 0.003 0.000 0.000 0.000
LYS+1A0107_032 0.000 0.000 0.000 0.000 0.000 0.000 0.000 0.000 0.000 0.000 0.000 0.000 0.000 0.000 0.000
LYS+1A0107_033 0.002 0.002 0.002 0.002 0.002 0.002 0.002 0.002 0.002 0.002 0.002 0.000 0.000 0.000 0.000
LYS+1A0107_034 0.018 0.017 0.017 0.016 0.017 0.017 0.018 0.018 0.017 0.017 0.013 0.005 0.000 0.000 0.000
LYS+1A0107_035 0.083 0.083 0.084 0.085 0.083 0.082 0.082 0.084 0.081 0.081 0.067 0.025 0.004 0.000 0.000
LYS+1A0107_036 0.793 0.799 0.792 0.795 0.796 0.798 0.792 0.794 0.793 0.769 0.626 0.238 0.038 0.006 0.000
LYS+1A0107_037 0.004 0.003 0.003 0.003 0.003 0.003 0.004 0.003 0.003 0.003 0.003 0.000 0.000 0.000 0.000
LYS+1A0107_038 0.080 0.077 0.081 0.079 0.079 0.077 0.080 0.078 0.079 0.078 0.061 0.024 0.004 0.000 0.000
LYS+1A0107_039 0.000 0.000 0.000 0.000 0.000 0.000 0.000 0.000 0.000 0.000 0.000 0.000 0.000 0.000 0.000
LYS+1A0107_040 0.000 0.000 0.000 0.000 0.000 0.000 0.000 0.000 0.000 0.000 0.000 0.000 0.000 0.000 0.000
