 ph              0.0   1.0   2.0   3.0   4.0   5.0   6.0   7.0   8.0   9.0  10.0  11.0  12.0  13.0  14.0
ASP01A0155_001 0.000 0.000 0.000 0.000 0.000 0.000 0.000 0.000 0.000 0.000 0.000 0.000 0.000 0.000 0.000
ASP01A0155_002 0.026 0.026 0.026 0.023 0.013 0.002 0.000 0.000 0.000 0.000 0.000 0.000 0.000 0.000 0.000
ASP01A0155_003 0.070 0.071 0.070 0.065 0.036 0.007 0.000 0.000 0.000 0.000 0.000 0.000 0.000 0.000 0.000
ASP01A0155_004 0.066 0.068 0.066 0.061 0.033 0.006 0.000 0.000 0.000 0.000 0.000 0.000 0.000 0.000 0.000
ASP01A0155_005 0.059 0.058 0.057 0.054 0.030 0.006 0.000 0.000 0.000 0.000 0.000 0.000 0.000 0.000 0.000
ASP01A0155_006 0.002 0.002 0.002 0.002 0.001 0.000 0.000 0.000 0.000 0.000 0.000 0.000 0.000 0.000 0.000
ASP02A0155_007 0.018 0.018 0.018 0.017 0.009 0.002 0.000 0.000 0.000 0.000 0.000 0.000 0.000 0.000 0.000
ASP02A0155_008 0.001 0.001 0.000 0.000 0.000 0.000 0.000 0.000 0.000 0.000 0.000 0.000 0.000 0.000 0.000
ASP02A0155_009 0.026 0.026 0.025 0.024 0.013 0.002 0.000 0.000 0.000 0.000 0.000 0.000 0.000 0.000 0.000
ASP02A0155_010 0.207 0.208 0.207 0.189 0.106 0.019 0.005 0.000 0.000 0.000 0.000 0.000 0.000 0.000 0.000
ASP02A0155_011 0.526 0.521 0.518 0.476 0.264 0.048 0.012 0.000 0.000 0.000 0.000 0.000 0.000 0.000 0.000
ASP-1A0155_012 0.000 0.000 0.006 0.055 0.307 0.560 0.610 0.623 0.617 0.616 0.623 0.628 0.622 0.622 0.622
ASP-1A0155_013 0.000 0.000 0.004 0.034 0.188 0.348 0.373 0.377 0.383 0.384 0.377 0.372 0.378 0.378 0.378
