 ph              0.0   1.0   2.0   3.0   4.0   5.0   6.0   7.0   8.0   9.0  10.0  11.0  12.0  13.0  14.0
TYR01A0185_001 0.084 0.081 0.081 0.084 0.082 0.084 0.085 0.085 0.079 0.053 0.013 0.002 0.000 0.000 0.000
TYR01A0185_002 0.000 0.000 0.000 0.000 0.000 0.000 0.000 0.000 0.000 0.000 0.000 0.000 0.000 0.000 0.000
TYR01A0185_003 0.000 0.000 0.000 0.000 0.000 0.000 0.000 0.000 0.000 0.000 0.000 0.000 0.000 0.000 0.000
TYR01A0185_004 0.000 0.000 0.000 0.000 0.000 0.000 0.000 0.000 0.000 0.000 0.000 0.000 0.000 0.000 0.000
TYR01A0185_005 0.000 0.000 0.000 0.000 0.000 0.000 0.000 0.000 0.000 0.000 0.000 0.000 0.000 0.000 0.000
TYR01A0185_006 0.000 0.000 0.000 0.000 0.000 0.000 0.000 0.000 0.000 0.000 0.000 0.000 0.000 0.000 0.000
TYR01A0185_007 0.003 0.002 0.002 0.003 0.003 0.003 0.003 0.003 0.003 0.002 0.000 0.000 0.000 0.000 0.000
TYR01A0185_008 0.909 0.913 0.912 0.909 0.911 0.909 0.908 0.900 0.860 0.576 0.143 0.017 0.002 0.000 0.000
TYR01A0185_009 0.005 0.004 0.004 0.004 0.004 0.004 0.004 0.004 0.004 0.003 0.000 0.000 0.000 0.000 0.000
TYR-1A0185_010 0.000 0.000 0.000 0.000 0.000 0.000 0.000 0.000 0.004 0.027 0.060 0.072 0.072 0.068 0.072
TYR-1A0185_011 0.000 0.000 0.000 0.000 0.000 0.000 0.000 0.000 0.000 0.000 0.000 0.000 0.000 0.000 0.000
TYR-1A0185_012 0.000 0.000 0.000 0.000 0.000 0.000 0.000 0.007 0.050 0.340 0.780 0.905 0.920 0.927 0.923
TYR-1A0185_013 0.000 0.000 0.000 0.000 0.000 0.000 0.000 0.000 0.000 0.000 0.003 0.003 0.003 0.003 0.003
TYR-1A0185_014 0.000 0.000 0.000 0.000 0.000 0.000 0.000 0.000 0.000 0.000 0.000 0.000 0.000 0.000 0.000
TYR-1A0185_015 0.000 0.000 0.000 0.000 0.000 0.000 0.000 0.000 0.000 0.000 0.000 0.000 0.000 0.000 0.000
TYR-1A0185_016 0.000 0.000 0.000 0.000 0.000 0.000 0.000 0.000 0.000 0.000 0.000 0.000 0.000 0.000 0.000
TYR-1A0185_017 0.000 0.000 0.000 0.000 0.000 0.000 0.000 0.000 0.000 0.000 0.002 0.002 0.002 0.001 0.002
TYR-1A0185_018 0.000 0.000 0.000 0.000 0.000 0.000 0.000 0.000 0.000 0.000 0.000 0.000 0.000 0.000 0.000
