 ph              0.0   1.0   2.0   3.0   4.0   5.0   6.0   7.0   8.0   9.0  10.0  11.0  12.0  13.0  14.0
GLU01A0006_001 0.002 0.002 0.002 0.002 0.001 0.000 0.000 0.000 0.000 0.000 0.000 0.000 0.000 0.000 0.000
GLU01A0006_002 0.003 0.003 0.003 0.003 0.003 0.000 0.000 0.000 0.000 0.000 0.000 0.000 0.000 0.000 0.000
GLU01A0006_003 0.001 0.000 0.001 0.000 0.000 0.000 0.000 0.000 0.000 0.000 0.000 0.000 0.000 0.000 0.000
GLU01A0006_004 0.024 0.024 0.023 0.023 0.018 0.006 0.000 0.000 0.000 0.000 0.000 0.000 0.000 0.000 0.000
GLU01A0006_005 0.001 0.001 0.001 0.001 0.000 0.000 0.000 0.000 0.000 0.000 0.000 0.000 0.000 0.000 0.000
GLU01A0006_006 0.000 0.000 0.000 0.000 0.000 0.000 0.000 0.000 0.000 0.000 0.000 0.000 0.000 0.000 0.000
GLU01A0006_007 0.000 0.000 0.000 0.000 0.000 0.000 0.000 0.000 0.000 0.000 0.000 0.000 0.000 0.000 0.000
GLU01A0006_008 0.027 0.026 0.027 0.026 0.020 0.007 0.000 0.000 0.000 0.000 0.000 0.000 0.000 0.000 0.000
GLU01A0006_009 0.015 0.015 0.015 0.015 0.012 0.004 0.000 0.000 0.000 0.000 0.000 0.000 0.000 0.000 0.000
GLU01A0006_010 0.000 0.000 0.000 0.000 0.000 0.000 0.000 0.000 0.000 0.000 0.000 0.000 0.000 0.000 0.000
GLU01A0006_011 0.002 0.002 0.002 0.002 0.002 0.000 0.000 0.000 0.000 0.000 0.000 0.000 0.000 0.000 0.000
GLU01A0006_012 0.003 0.003 0.003 0.003 0.002 0.000 0.000 0.000 0.000 0.000 0.000 0.000 0.000 0.000 0.000
GLU01A0006_013 0.000 0.000 0.000 0.000 0.000 0.000 0.000 0.000 0.000 0.000 0.000 0.000 0.000 0.000 0.000
GLU01A0006_014 0.009 0.009 0.009 0.008 0.007 0.002 0.000 0.000 0.000 0.000 0.000 0.000 0.000 0.000 0.000
GLU01A0006_015 0.000 0.000 0.000 0.000 0.000 0.000 0.000 0.000 0.000 0.000 0.000 0.000 0.000 0.000 0.000
GLU01A0006_016 0.000 0.000 0.000 0.000 0.000 0.000 0.000 0.000 0.000 0.000 0.000 0.000 0.000 0.000 0.000
GLU01A0006_017 0.002 0.002 0.002 0.002 0.001 0.000 0.000 0.000 0.000 0.000 0.000 0.000 0.000 0.000 0.000
GLU01A0006_018 0.000 0.000 0.000 0.000 0.000 0.000 0.000 0.000 0.000 0.000 0.000 0.000 0.000 0.000 0.000
GLU01A0006_019 0.000 0.000 0.000 0.000 0.000 0.000 0.000 0.000 0.000 0.000 0.000 0.000 0.000 0.000 0.000
GLU01A0006_020 0.043 0.043 0.042 0.042 0.033 0.011 0.002 0.000 0.000 0.000 0.000 0.000 0.000 0.000 0.000
GLU01A0006_021 0.050 0.049 0.049 0.048 0.038 0.013 0.003 0.000 0.000 0.000 0.000 0.000 0.000 0.000 0.000
GLU01A0006_022 0.000 0.000 0.000 0.000 0.000 0.000 0.000 0.000 0.000 0.000 0.000 0.000 0.000 0.000 0.000
GLU01A0006_023 0.003 0.003 0.003 0.003 0.002 0.000 0.000 0.000 0.000 0.000 0.000 0.000 0.000 0.000 0.000
GLU01A0006_024 0.175 0.177 0.175 0.171 0.135 0.048 0.010 0.000 0.000 0.000 0.000 0.000 0.000 0.000 0.000
GLU01A0006_025 0.126 0.125 0.124 0.121 0.095 0.034 0.007 0.000 0.000 0.000 0.000 0.000 0.000 0.000 0.000
GLU01A0006_026 0.015 0.015 0.015 0.014 0.011 0.004 0.000 0.000 0.000 0.000 0.000 0.000 0.000 0.000 0.000
GLU01A0006_027 0.000 0.000 0.000 0.000 0.000 0.000 0.000 0.000 0.000 0.000 0.000 0.000 0.000 0.000 0.000
GLU01A0006_028 0.007 0.007 0.007 0.007 0.005 0.002 0.000 0.000 0.000 0.000 0.000 0.000 0.000 0.000 0.000
GLU02A0006_029 0.000 0.000 0.000 0.000 0.000 0.000 0.000 0.000 0.000 0.000 0.000 0.000 0.000 0.000 0.000
GLU02A0006_030 0.001 0.000 0.001 0.001 0.000 0.000 0.000 0.000 0.000 0.000 0.000 0.000 0.000 0.000 0.000
GLU02A0006_031 0.006 0.006 0.006 0.006 0.005 0.002 0.000 0.000 0.000 0.000 0.000 0.000 0.000 0.000 0.000
GLU02A0006_032 0.000 0.000 0.000 0.000 0.000 0.000 0.000 0.000 0.000 0.000 0.000 0.000 0.000 0.000 0.000
GLU02A0006_033 0.018 0.018 0.017 0.017 0.014 0.005 0.000 0.000 0.000 0.000 0.000 0.000 0.000 0.000 0.000
GLU02A0006_034 0.127 0.127 0.126 0.122 0.096 0.034 0.008 0.000 0.000 0.000 0.000 0.000 0.000 0.000 0.000
GLU02A0006_035 0.000 0.000 0.000 0.000 0.000 0.000 0.000 0.000 0.000 0.000 0.000 0.000 0.000 0.000 0.000
GLU02A0006_036 0.006 0.006 0.006 0.005 0.004 0.001 0.000 0.000 0.000 0.000 0.000 0.000 0.000 0.000 0.000
GLU02A0006_037 0.027 0.027 0.027 0.026 0.021 0.008 0.000 0.000 0.000 0.000 0.000 0.000 0.000 0.000 0.000
GLU02A0006_038 0.004 0.004 0.004 0.004 0.003 0.000 0.000 0.000 0.000 0.000 0.000 0.000 0.000 0.000 0.000
GLU02A0006_039 0.002 0.002 0.002 0.002 0.002 0.000 0.000 0.000 0.000 0.000 0.000 0.000 0.000 0.000 0.000
GLU02A0006_040 0.000 0.000 0.000 0.000 0.000 0.000 0.000 0.000 0.000 0.000 0.000 0.000 0.000 0.000 0.000
GLU02A0006_041 0.006 0.006 0.006 0.006 0.005 0.002 0.000 0.000 0.000 0.000 0.000 0.000 0.000 0.000 0.000
GLU02A0006_042 0.003 0.003 0.003 0.003 0.003 0.000 0.000 0.000 0.000 0.000 0.000 0.000 0.000 0.000 0.000
GLU02A0006_043 0.000 0.000 0.000 0.000 0.000 0.000 0.000 0.000 0.000 0.000 0.000 0.000 0.000 0.000 0.000
GLU02A0006_044 0.000 0.000 0.000 0.000 0.000 0.000 0.000 0.000 0.000 0.000 0.000 0.000 0.000 0.000 0.000
GLU02A0006_045 0.000 0.000 0.000 0.000 0.000 0.000 0.000 0.000 0.000 0.000 0.000 0.000 0.000 0.000 0.000
GLU02A0006_046 0.000 0.000 0.000 0.000 0.000 0.000 0.000 0.000 0.000 0.000 0.000 0.000 0.000 0.000 0.000
GLU02A0006_047 0.000 0.000 0.000 0.000 0.000 0.000 0.000 0.000 0.000 0.000 0.000 0.000 0.000 0.000 0.000
GLU02A0006_048 0.000 0.000 0.000 0.000 0.000 0.000 0.000 0.000 0.000 0.000 0.000 0.000 0.000 0.000 0.000
GLU02A0006_049 0.038 0.038 0.039 0.037 0.030 0.010 0.002 0.000 0.000 0.000 0.000 0.000 0.000 0.000 0.000
GLU02A0006_050 0.109 0.109 0.109 0.105 0.083 0.029 0.006 0.000 0.000 0.000 0.000 0.000 0.000 0.000 0.000
GLU02A0006_051 0.000 0.000 0.000 0.000 0.000 0.000 0.000 0.000 0.000 0.000 0.000 0.000 0.000 0.000 0.000
GLU02A0006_052 0.002 0.002 0.002 0.002 0.001 0.000 0.000 0.000 0.000 0.000 0.000 0.000 0.000 0.000 0.000
GLU02A0006_053 0.007 0.007 0.007 0.007 0.006 0.002 0.000 0.000 0.000 0.000 0.000 0.000 0.000 0.000 0.000
GLU02A0006_054 0.118 0.119 0.118 0.115 0.092 0.032 0.007 0.000 0.000 0.000 0.000 0.000 0.000 0.000 0.000
GLU02A0006_055 0.016 0.015 0.015 0.015 0.012 0.004 0.000 0.000 0.000 0.000 0.000 0.000 0.000 0.000 0.000
GLU02A0006_056 0.001 0.001 0.001 0.001 0.000 0.000 0.000 0.000 0.000 0.000 0.000 0.000 0.000 0.000 0.000
GLU02A0006_057 0.000 0.000 0.000 0.000 0.000 0.000 0.000 0.000 0.000 0.000 0.000 0.000 0.000 0.000 0.000
GLU-1A0006_058 0.000 0.000 0.000 0.002 0.013 0.039 0.050 0.053 0.053 0.052 0.053 0.053 0.053 0.053 0.052
GLU-1A0006_059 0.000 0.000 0.000 0.000 0.000 0.002 0.002 0.002 0.002 0.002 0.002 0.002 0.002 0.002 0.002
GLU-1A0006_060 0.000 0.000 0.000 0.010 0.070 0.214 0.278 0.290 0.290 0.293 0.291 0.292 0.292 0.291 0.290
GLU-1A0006_061 0.000 0.000 0.006 0.013 0.089 0.274 0.352 0.372 0.370 0.372 0.371 0.371 0.368 0.371 0.372
GLU-1A0006_062 0.000 0.000 0.000 0.004 0.027 0.085 0.109 0.115 0.114 0.113 0.114 0.113 0.113 0.115 0.116
GLU-1A0006_063 0.000 0.000 0.000 0.000 0.000 0.001 0.002 0.002 0.002 0.002 0.002 0.002 0.002 0.002 0.002
GLU-1A0006_064 0.000 0.000 0.000 0.001 0.010 0.029 0.038 0.039 0.041 0.039 0.040 0.040 0.040 0.040 0.039
GLU-1A0006_065 0.000 0.000 0.000 0.000 0.004 0.012 0.015 0.016 0.016 0.016 0.017 0.016 0.016 0.016 0.017
GLU-1A0006_066 0.000 0.000 0.000 0.000 0.000 0.002 0.002 0.003 0.002 0.003 0.003 0.003 0.003 0.003 0.003
GLU-1A0006_067 0.000 0.000 0.000 0.000 0.000 0.000 0.000 0.000 0.000 0.000 0.000 0.000 0.000 0.000 0.000
GLU-1A0006_068 0.000 0.000 0.000 0.002 0.016 0.048 0.062 0.064 0.067 0.065 0.065 0.064 0.065 0.065 0.064
GLU-1A0006_069 0.000 0.000 0.000 0.000 0.003 0.009 0.012 0.012 0.012 0.012 0.012 0.012 0.013 0.012 0.012
GLU-1A0006_070 0.000 0.000 0.000 0.000 0.000 0.000 0.000 0.000 0.000 0.000 0.000 0.000 0.000 0.000 0.000
GLU-1A0006_071 0.000 0.000 0.000 0.001 0.007 0.022 0.030 0.031 0.030 0.031 0.030 0.031 0.032 0.031 0.031
