 ph              0.0   1.0   2.0   3.0   4.0   5.0   6.0   7.0   8.0   9.0  10.0  11.0  12.0  13.0  14.0
PHE01A0223_001 0.714 0.715 0.715 0.714 0.713 0.714 0.711 0.713 0.717 0.714 0.714 0.712 0.715 0.713 0.714
PHE01A0223_002 0.062 0.063 0.063 0.063 0.063 0.063 0.063 0.063 0.062 0.063 0.062 0.063 0.062 0.063 0.062
PHE01A0223_003 0.000 0.000 0.000 0.000 0.000 0.000 0.000 0.000 0.000 0.000 0.000 0.000 0.000 0.000 0.000
PHE01A0223_004 0.148 0.147 0.147 0.146 0.149 0.147 0.149 0.148 0.146 0.147 0.149 0.148 0.145 0.148 0.147
PHE01A0223_005 0.002 0.002 0.002 0.002 0.002 0.002 0.002 0.002 0.002 0.002 0.002 0.002 0.002 0.002 0.002
PHE01A0223_006 0.074 0.074 0.074 0.075 0.074 0.074 0.075 0.074 0.073 0.074 0.074 0.075 0.075 0.074 0.074
PHE01A0223_007 0.000 0.000 0.000 0.000 0.000 0.000 0.000 0.000 0.000 0.000 0.000 0.000 0.000 0.000 0.000
PHE01A0223_008 0.000 0.000 0.000 0.000 0.000 0.000 0.000 0.000 0.000 0.000 0.000 0.000 0.000 0.000 0.000
PHE01A0223_009 0.000 0.000 0.000 0.000 0.000 0.000 0.000 0.000 0.000 0.000 0.000 0.000 0.000 0.000 0.000
