 ph              0.0   1.0   2.0   3.0   4.0   5.0   6.0   7.0   8.0   9.0  10.0  11.0  12.0  13.0  14.0
TYR01A0185_001 0.082 0.088 0.083 0.081 0.083 0.083 0.085 0.087 0.079 0.054 0.013 0.002 0.000 0.000 0.000
TYR01A0185_002 0.000 0.000 0.000 0.000 0.000 0.000 0.000 0.000 0.000 0.000 0.000 0.000 0.000 0.000 0.000
TYR01A0185_003 0.003 0.003 0.003 0.003 0.003 0.003 0.003 0.004 0.003 0.002 0.000 0.000 0.000 0.000 0.000
TYR01A0185_004 0.005 0.005 0.005 0.005 0.005 0.005 0.005 0.005 0.005 0.003 0.000 0.000 0.000 0.000 0.000
TYR01A0185_005 0.000 0.000 0.000 0.000 0.000 0.000 0.000 0.000 0.000 0.000 0.000 0.000 0.000 0.000 0.000
TYR01A0185_006 0.000 0.000 0.000 0.000 0.000 0.000 0.000 0.000 0.000 0.000 0.000 0.000 0.000 0.000 0.000
TYR01A0185_007 0.000 0.000 0.000 0.000 0.000 0.000 0.000 0.000 0.000 0.000 0.000 0.000 0.000 0.000 0.000
TYR01A0185_008 0.911 0.904 0.909 0.910 0.909 0.908 0.907 0.898 0.856 0.574 0.145 0.017 0.002 0.000 0.000
TYR01A0185_009 0.000 0.000 0.000 0.000 0.000 0.000 0.000 0.000 0.000 0.000 0.000 0.000 0.000 0.000 0.000
TYR-1A0185_010 0.000 0.000 0.000 0.000 0.000 0.000 0.000 0.000 0.004 0.026 0.061 0.072 0.070 0.071 0.071
TYR-1A0185_011 0.000 0.000 0.000 0.000 0.000 0.000 0.000 0.000 0.000 0.000 0.000 0.000 0.000 0.000 0.000
TYR-1A0185_012 0.000 0.000 0.000 0.000 0.000 0.000 0.000 0.000 0.000 0.000 0.002 0.003 0.003 0.003 0.004
TYR-1A0185_013 0.000 0.000 0.000 0.000 0.000 0.000 0.000 0.000 0.000 0.000 0.000 0.000 0.000 0.000 0.000
TYR-1A0185_014 0.000 0.000 0.000 0.000 0.000 0.000 0.000 0.000 0.000 0.000 0.000 0.000 0.000 0.000 0.000
TYR-1A0185_015 0.000 0.000 0.000 0.000 0.000 0.000 0.000 0.007 0.052 0.339 0.775 0.904 0.921 0.921 0.921
TYR-1A0185_016 0.000 0.000 0.000 0.000 0.000 0.000 0.000 0.000 0.000 0.000 0.000 0.000 0.000 0.000 0.000
TYR-1A0185_017 0.000 0.000 0.000 0.000 0.000 0.000 0.000 0.000 0.000 0.002 0.003 0.004 0.004 0.004 0.004
TYR-1A0185_018 0.000 0.000 0.000 0.000 0.000 0.000 0.000 0.000 0.000 0.000 0.000 0.000 0.000 0.000 0.000
