 ph              0.0   1.0   2.0   3.0   4.0   5.0   6.0   7.0   8.0   9.0  10.0  11.0  12.0  13.0  14.0
ASP01A0318_001 0.000 0.000 0.000 0.000 0.000 0.000 0.000 0.000 0.000 0.000 0.000 0.000 0.000 0.000 0.000
ASP01A0318_002 0.017 0.017 0.017 0.016 0.010 0.002 0.000 0.000 0.000 0.000 0.000 0.000 0.000 0.000 0.000
ASP01A0318_003 0.026 0.027 0.026 0.025 0.015 0.003 0.000 0.000 0.000 0.000 0.000 0.000 0.000 0.000 0.000
ASP01A0318_004 0.357 0.360 0.353 0.328 0.197 0.044 0.009 0.000 0.000 0.000 0.000 0.000 0.000 0.000 0.000
ASP01A0318_005 0.000 0.000 0.000 0.000 0.000 0.000 0.000 0.000 0.000 0.000 0.000 0.000 0.000 0.000 0.000
ASP01A0318_006 0.002 0.002 0.002 0.002 0.001 0.000 0.000 0.000 0.000 0.000 0.000 0.000 0.000 0.000 0.000
ASP01A0318_007 0.006 0.006 0.006 0.006 0.003 0.000 0.000 0.000 0.000 0.000 0.000 0.000 0.000 0.000 0.000
ASP01A0318_008 0.005 0.005 0.005 0.005 0.003 0.000 0.000 0.000 0.000 0.000 0.000 0.000 0.000 0.000 0.000
ASP02A0318_009 0.005 0.005 0.005 0.004 0.003 0.000 0.000 0.000 0.000 0.000 0.000 0.000 0.000 0.000 0.000
ASP02A0318_010 0.065 0.066 0.066 0.062 0.037 0.008 0.000 0.000 0.000 0.000 0.000 0.000 0.000 0.000 0.000
ASP02A0318_011 0.003 0.003 0.003 0.002 0.002 0.000 0.000 0.000 0.000 0.000 0.000 0.000 0.000 0.000 0.000
ASP02A0318_012 0.021 0.021 0.021 0.019 0.012 0.003 0.000 0.000 0.000 0.000 0.000 0.000 0.000 0.000 0.000
ASP02A0318_013 0.001 0.001 0.001 0.001 0.000 0.000 0.000 0.000 0.000 0.000 0.000 0.000 0.000 0.000 0.000
ASP02A0318_014 0.000 0.000 0.000 0.000 0.000 0.000 0.000 0.000 0.000 0.000 0.000 0.000 0.000 0.000 0.000
ASP02A0318_015 0.440 0.434 0.434 0.400 0.242 0.053 0.011 0.000 0.000 0.000 0.000 0.000 0.000 0.000 0.000
ASP02A0318_016 0.048 0.049 0.048 0.045 0.027 0.006 0.000 0.000 0.000 0.000 0.000 0.000 0.000 0.000 0.000
ASP02A0318_017 0.004 0.004 0.004 0.004 0.002 0.000 0.000 0.000 0.000 0.000 0.000 0.000 0.000 0.000 0.000
ASP-1A0318_018 0.000 0.000 0.000 0.007 0.038 0.076 0.086 0.085 0.086 0.085 0.088 0.086 0.086 0.085 0.086
ASP-1A0318_019 0.000 0.000 0.008 0.057 0.314 0.619 0.684 0.700 0.704 0.700 0.697 0.700 0.700 0.704 0.698
ASP-1A0318_020 0.000 0.000 0.002 0.016 0.089 0.174 0.195 0.199 0.196 0.200 0.200 0.198 0.199 0.196 0.201
ASP-1A0318_021 0.000 0.000 0.000 0.000 0.007 0.013 0.015 0.015 0.015 0.016 0.015 0.016 0.015 0.016 0.015
