 ph              0.0   1.0   2.0   3.0   4.0   5.0   6.0   7.0   8.0   9.0  10.0  11.0  12.0  13.0  14.0
ASP01A0037_001 0.000 0.000 0.000 0.000 0.000 0.000 0.000 0.000 0.000 0.000 0.000 0.000 0.000 0.000 0.000
ASP01A0037_002 0.006 0.006 0.006 0.006 0.004 0.000 0.000 0.000 0.000 0.000 0.000 0.000 0.000 0.000 0.000
ASP01A0037_003 0.000 0.000 0.000 0.000 0.000 0.000 0.000 0.000 0.000 0.000 0.000 0.000 0.000 0.000 0.000
ASP01A0037_004 0.023 0.023 0.023 0.021 0.015 0.004 0.000 0.000 0.000 0.000 0.000 0.000 0.000 0.000 0.000
ASP01A0037_005 0.328 0.330 0.324 0.310 0.209 0.050 0.007 0.000 0.000 0.000 0.000 0.000 0.000 0.000 0.000
ASP01A0037_006 0.329 0.329 0.329 0.312 0.210 0.050 0.007 0.000 0.000 0.000 0.000 0.000 0.000 0.000 0.000
ASP02A0037_007 0.001 0.001 0.001 0.001 0.000 0.000 0.000 0.000 0.000 0.000 0.000 0.000 0.000 0.000 0.000
ASP02A0037_008 0.018 0.017 0.017 0.016 0.011 0.003 0.000 0.000 0.000 0.000 0.000 0.000 0.000 0.000 0.000
ASP02A0037_009 0.269 0.268 0.267 0.255 0.173 0.041 0.005 0.000 0.000 0.000 0.000 0.000 0.000 0.000 0.000
ASP02A0037_010 0.014 0.014 0.014 0.013 0.009 0.002 0.000 0.000 0.000 0.000 0.000 0.000 0.000 0.000 0.000
ASP02A0037_011 0.012 0.012 0.011 0.011 0.007 0.002 0.000 0.000 0.000 0.000 0.000 0.000 0.000 0.000 0.000
ASP-1A0037_012 0.000 0.000 0.000 0.008 0.053 0.123 0.140 0.145 0.143 0.145 0.146 0.151 0.144 0.153 0.143
ASP-1A0037_013 0.000 0.000 0.007 0.046 0.309 0.726 0.840 0.854 0.857 0.855 0.854 0.849 0.856 0.847 0.857
