 ph              0.0   1.0   2.0   3.0   4.0   5.0   6.0   7.0   8.0   9.0  10.0  11.0  12.0  13.0  14.0
LEU01A0060_001 0.733 0.732 0.734 0.736 0.734 0.735 0.731 0.732 0.733 0.733 0.735 0.734 0.737 0.736 0.732
LEU01A0060_002 0.004 0.005 0.005 0.004 0.004 0.004 0.004 0.005 0.004 0.004 0.004 0.005 0.004 0.004 0.005
LEU01A0060_003 0.004 0.004 0.004 0.004 0.004 0.004 0.004 0.004 0.004 0.004 0.004 0.004 0.004 0.004 0.004
LEU01A0060_004 0.169 0.171 0.169 0.168 0.169 0.167 0.172 0.169 0.169 0.170 0.168 0.168 0.168 0.168 0.170
LEU01A0060_005 0.082 0.080 0.080 0.080 0.081 0.081 0.081 0.082 0.080 0.081 0.081 0.081 0.080 0.080 0.082
LEU01A0060_006 0.000 0.000 0.000 0.000 0.000 0.000 0.000 0.000 0.000 0.000 0.000 0.000 0.000 0.000 0.000
LEU01A0060_007 0.001 0.001 0.002 0.001 0.000 0.001 0.001 0.002 0.001 0.001 0.001 0.001 0.001 0.001 0.001
LEU01A0060_008 0.007 0.007 0.007 0.006 0.007 0.007 0.007 0.007 0.007 0.007 0.007 0.007 0.006 0.007 0.007
LEU01A0060_009 0.000 0.000 0.000 0.000 0.000 0.000 0.000 0.000 0.000 0.000 0.000 0.000 0.000 0.000 0.000
LEU01A0060_010 0.000 0.000 0.000 0.000 0.000 0.000 0.000 0.000 0.000 0.000 0.000 0.000 0.000 0.000 0.000
LEU01A0060_011 0.000 0.000 0.000 0.000 0.000 0.000 0.000 0.000 0.000 0.000 0.000 0.000 0.000 0.000 0.000
