 ph              0.0   1.0   2.0   3.0   4.0   5.0   6.0   7.0   8.0   9.0  10.0  11.0  12.0  13.0  14.0
LYS01A0113_001 0.000 0.000 0.000 0.000 0.000 0.000 0.000 0.000 0.008 0.019 0.108 0.300 0.364 0.373 0.375
LYS01A0113_002 0.000 0.000 0.000 0.000 0.000 0.000 0.000 0.000 0.000 0.008 0.046 0.128 0.154 0.158 0.160
LYS01A0113_003 0.000 0.000 0.000 0.000 0.000 0.000 0.000 0.000 0.000 0.000 0.005 0.013 0.016 0.017 0.016
LYS01A0113_004 0.000 0.000 0.000 0.000 0.000 0.000 0.000 0.000 0.000 0.000 0.000 0.000 0.000 0.000 0.000
LYS01A0113_005 0.000 0.000 0.000 0.000 0.000 0.000 0.000 0.000 0.000 0.000 0.003 0.008 0.009 0.009 0.010
LYS01A0113_006 0.000 0.000 0.000 0.000 0.000 0.000 0.000 0.000 0.000 0.000 0.000 0.000 0.000 0.001 0.000
LYS01A0113_007 0.000 0.000 0.000 0.000 0.000 0.000 0.000 0.000 0.000 0.003 0.017 0.047 0.058 0.059 0.059
LYS01A0113_008 0.000 0.000 0.000 0.000 0.000 0.000 0.000 0.000 0.000 0.000 0.004 0.011 0.013 0.013 0.014
LYS01A0113_009 0.000 0.000 0.000 0.000 0.000 0.000 0.000 0.000 0.000 0.000 0.000 0.000 0.000 0.000 0.000
LYS01A0113_010 0.000 0.000 0.000 0.000 0.000 0.000 0.000 0.000 0.000 0.010 0.056 0.154 0.188 0.193 0.194
LYS01A0113_011 0.000 0.000 0.000 0.000 0.000 0.000 0.000 0.000 0.000 0.000 0.003 0.010 0.012 0.012 0.012
LYS01A0113_012 0.000 0.000 0.000 0.000 0.000 0.000 0.000 0.000 0.000 0.000 0.000 0.000 0.000 0.000 0.000
LYS01A0113_013 0.000 0.000 0.000 0.000 0.000 0.000 0.000 0.000 0.000 0.000 0.000 0.000 0.000 0.000 0.000
LYS01A0113_014 0.000 0.000 0.000 0.000 0.000 0.000 0.000 0.000 0.000 0.000 0.000 0.002 0.002 0.002 0.002
LYS01A0113_015 0.000 0.000 0.000 0.000 0.000 0.000 0.000 0.000 0.000 0.007 0.043 0.117 0.143 0.147 0.147
LYS01A0113_016 0.000 0.000 0.000 0.000 0.000 0.000 0.000 0.000 0.000 0.000 0.000 0.000 0.000 0.000 0.000
LYS01A0113_017 0.000 0.000 0.000 0.000 0.000 0.000 0.000 0.000 0.000 0.000 0.002 0.005 0.006 0.006 0.006
LYS01A0113_018 0.000 0.000 0.000 0.000 0.000 0.000 0.000 0.000 0.000 0.000 0.002 0.004 0.005 0.005 0.005
LYS01A0113_019 0.000 0.000 0.000 0.000 0.000 0.000 0.000 0.000 0.000 0.000 0.000 0.000 0.000 0.000 0.000
LYS01A0113_020 0.000 0.000 0.000 0.000 0.000 0.000 0.000 0.000 0.000 0.000 0.000 0.000 0.000 0.000 0.000
LYS+1A0113_021 0.476 0.473 0.476 0.473 0.477 0.477 0.471 0.474 0.470 0.449 0.338 0.097 0.015 0.005 0.000
LYS+1A0113_022 0.213 0.214 0.210 0.213 0.213 0.212 0.215 0.210 0.213 0.202 0.151 0.043 0.007 0.000 0.000
LYS+1A0113_023 0.007 0.007 0.007 0.007 0.007 0.007 0.007 0.007 0.007 0.007 0.005 0.001 0.000 0.000 0.000
LYS+1A0113_024 0.013 0.013 0.013 0.013 0.013 0.013 0.013 0.013 0.013 0.012 0.009 0.003 0.000 0.000 0.000
LYS+1A0113_025 0.000 0.000 0.000 0.000 0.000 0.000 0.000 0.000 0.000 0.000 0.000 0.000 0.000 0.000 0.000
LYS+1A0113_026 0.000 0.000 0.000 0.000 0.000 0.000 0.000 0.000 0.000 0.000 0.000 0.000 0.000 0.000 0.000
LYS+1A0113_027 0.007 0.007 0.007 0.007 0.007 0.007 0.007 0.007 0.007 0.007 0.005 0.001 0.000 0.000 0.000
LYS+1A0113_028 0.046 0.046 0.047 0.047 0.047 0.046 0.046 0.047 0.047 0.045 0.033 0.009 0.001 0.000 0.000
LYS+1A0113_029 0.005 0.005 0.005 0.005 0.005 0.005 0.005 0.005 0.005 0.005 0.004 0.000 0.000 0.000 0.000
LYS+1A0113_030 0.000 0.000 0.000 0.000 0.000 0.000 0.000 0.000 0.000 0.000 0.000 0.000 0.000 0.000 0.000
LYS+1A0113_031 0.128 0.127 0.128 0.128 0.127 0.128 0.128 0.128 0.127 0.123 0.091 0.026 0.004 0.000 0.000
LYS+1A0113_032 0.000 0.000 0.000 0.000 0.000 0.000 0.000 0.000 0.000 0.000 0.000 0.000 0.000 0.000 0.000
LYS+1A0113_033 0.000 0.000 0.000 0.000 0.000 0.000 0.000 0.000 0.000 0.000 0.000 0.000 0.000 0.000 0.000
LYS+1A0113_034 0.003 0.003 0.003 0.003 0.003 0.003 0.003 0.003 0.003 0.002 0.002 0.000 0.000 0.000 0.000
LYS+1A0113_035 0.079 0.081 0.081 0.081 0.080 0.080 0.081 0.081 0.078 0.077 0.057 0.016 0.003 0.000 0.000
LYS+1A0113_036 0.009 0.009 0.009 0.009 0.009 0.009 0.009 0.009 0.009 0.009 0.007 0.002 0.000 0.000 0.000
LYS+1A0113_037 0.012 0.012 0.012 0.012 0.012 0.012 0.012 0.013 0.012 0.012 0.009 0.002 0.000 0.000 0.000
LYS+1A0113_038 0.000 0.000 0.000 0.000 0.000 0.000 0.000 0.000 0.000 0.000 0.000 0.000 0.000 0.000 0.000
LYS+1A0113_039 0.002 0.002 0.002 0.002 0.002 0.002 0.002 0.002 0.002 0.002 0.001 0.000 0.000 0.000 0.000
LYS+1A0113_040 0.000 0.000 0.000 0.000 0.000 0.000 0.000 0.000 0.000 0.000 0.000 0.000 0.000 0.000 0.000
