 ph              0.0   1.0   2.0   3.0   4.0   5.0   6.0   7.0   8.0   9.0  10.0  11.0  12.0  13.0  14.0
TYR01A0109_001 0.034 0.033 0.034 0.033 0.033 0.033 0.033 0.033 0.032 0.024 0.007 0.000 0.000 0.000 0.000
TYR01A0109_002 0.000 0.000 0.000 0.000 0.000 0.000 0.000 0.000 0.000 0.000 0.000 0.000 0.000 0.000 0.000
TYR01A0109_003 0.041 0.040 0.041 0.041 0.040 0.041 0.041 0.040 0.039 0.030 0.008 0.001 0.000 0.000 0.000
TYR01A0109_004 0.402 0.407 0.402 0.403 0.409 0.401 0.404 0.402 0.385 0.292 0.082 0.012 0.006 0.000 0.000
TYR01A0109_005 0.000 0.000 0.000 0.000 0.000 0.000 0.000 0.000 0.000 0.000 0.000 0.000 0.000 0.000 0.000
TYR01A0109_006 0.000 0.000 0.000 0.000 0.000 0.000 0.000 0.000 0.000 0.000 0.000 0.000 0.000 0.000 0.000
TYR01A0109_007 0.000 0.000 0.000 0.000 0.000 0.000 0.000 0.000 0.000 0.000 0.000 0.000 0.000 0.000 0.000
TYR01A0109_008 0.000 0.000 0.000 0.000 0.000 0.000 0.000 0.000 0.000 0.000 0.000 0.000 0.000 0.000 0.000
TYR01A0109_009 0.069 0.070 0.069 0.069 0.069 0.069 0.069 0.068 0.067 0.050 0.014 0.002 0.000 0.000 0.000
TYR01A0109_010 0.000 0.000 0.000 0.000 0.000 0.000 0.000 0.000 0.000 0.000 0.000 0.000 0.000 0.000 0.000
TYR01A0109_011 0.062 0.061 0.062 0.062 0.062 0.062 0.061 0.061 0.060 0.044 0.013 0.002 0.000 0.000 0.000
TYR01A0109_012 0.110 0.108 0.110 0.109 0.109 0.109 0.109 0.107 0.106 0.079 0.022 0.003 0.000 0.000 0.000
TYR01A0109_013 0.175 0.174 0.175 0.176 0.173 0.176 0.176 0.175 0.168 0.124 0.035 0.005 0.000 0.000 0.000
TYR01A0109_014 0.021 0.022 0.021 0.021 0.021 0.022 0.021 0.021 0.021 0.015 0.004 0.000 0.000 0.000 0.000
TYR01A0109_015 0.000 0.000 0.000 0.000 0.000 0.000 0.000 0.000 0.000 0.000 0.000 0.000 0.000 0.000 0.000
TYR01A0109_016 0.058 0.058 0.058 0.059 0.058 0.059 0.058 0.058 0.057 0.042 0.012 0.002 0.000 0.000 0.000
TYR01A0109_017 0.000 0.000 0.000 0.000 0.000 0.000 0.000 0.000 0.000 0.000 0.000 0.000 0.000 0.000 0.000
TYR01A0109_018 0.000 0.000 0.000 0.000 0.000 0.000 0.000 0.000 0.000 0.000 0.000 0.000 0.000 0.000 0.000
TYR01A0109_019 0.027 0.027 0.027 0.026 0.026 0.027 0.027 0.026 0.026 0.019 0.005 0.000 0.000 0.000 0.000
TYR01A0109_020 0.000 0.000 0.000 0.000 0.000 0.000 0.000 0.000 0.000 0.000 0.000 0.000 0.000 0.000 0.000
TYR01A0109_021 0.000 0.000 0.000 0.000 0.000 0.000 0.000 0.000 0.000 0.000 0.000 0.000 0.000 0.000 0.000
TYR-1A0109_022 0.000 0.000 0.000 0.000 0.000 0.000 0.000 0.000 0.001 0.010 0.030 0.036 0.037 0.037 0.038
TYR-1A0109_023 0.000 0.000 0.000 0.000 0.000 0.000 0.000 0.000 0.000 0.000 0.000 0.000 0.000 0.000 0.000
TYR-1A0109_024 0.000 0.000 0.000 0.000 0.000 0.000 0.000 0.000 0.002 0.011 0.031 0.038 0.039 0.039 0.039
TYR-1A0109_025 0.000 0.000 0.000 0.000 0.000 0.000 0.000 0.000 0.000 0.000 0.000 0.000 0.000 0.000 0.000
TYR-1A0109_026 0.000 0.000 0.000 0.000 0.000 0.000 0.000 0.000 0.000 0.000 0.000 0.000 0.000 0.000 0.000
TYR-1A0109_027 0.000 0.000 0.000 0.000 0.000 0.000 0.000 0.000 0.010 0.070 0.200 0.245 0.249 0.249 0.250
TYR-1A0109_028 0.000 0.000 0.000 0.000 0.000 0.000 0.000 0.000 0.002 0.013 0.035 0.044 0.044 0.044 0.045
TYR-1A0109_029 0.000 0.000 0.000 0.000 0.000 0.000 0.000 0.000 0.000 0.000 0.000 0.000 0.000 0.000 0.000
TYR-1A0109_030 0.000 0.000 0.000 0.000 0.000 0.000 0.000 0.000 0.006 0.041 0.115 0.141 0.145 0.146 0.145
TYR-1A0109_031 0.000 0.000 0.000 0.000 0.000 0.000 0.000 0.007 0.013 0.094 0.266 0.322 0.332 0.335 0.334
TYR-1A0109_032 0.000 0.000 0.000 0.000 0.000 0.000 0.000 0.000 0.000 0.008 0.022 0.027 0.027 0.028 0.028
TYR-1A0109_033 0.000 0.000 0.000 0.000 0.000 0.000 0.000 0.000 0.000 0.000 0.000 0.000 0.000 0.000 0.000
TYR-1A0109_034 0.000 0.000 0.000 0.000 0.000 0.000 0.000 0.000 0.000 0.000 0.000 0.000 0.000 0.000 0.000
TYR-1A0109_035 0.000 0.000 0.000 0.000 0.000 0.000 0.000 0.000 0.000 0.000 0.000 0.000 0.000 0.000 0.000
TYR-1A0109_036 0.000 0.000 0.000 0.000 0.000 0.000 0.000 0.000 0.000 0.000 0.000 0.000 0.000 0.000 0.000
TYR-1A0109_037 0.000 0.000 0.000 0.000 0.000 0.000 0.000 0.000 0.002 0.017 0.048 0.059 0.059 0.061 0.060
TYR-1A0109_038 0.000 0.000 0.000 0.000 0.000 0.000 0.000 0.000 0.003 0.018 0.050 0.060 0.062 0.062 0.062
TYR-1A0109_039 0.000 0.000 0.000 0.000 0.000 0.000 0.000 0.000 0.000 0.000 0.000 0.000 0.000 0.000 0.000
TYR-1A0109_040 0.000 0.000 0.000 0.000 0.000 0.000 0.000 0.000 0.000 0.000 0.000 0.000 0.000 0.000 0.000
TYR-1A0109_041 0.000 0.000 0.000 0.000 0.000 0.000 0.000 0.000 0.000 0.000 0.000 0.000 0.000 0.000 0.000
