 ph              0.0   1.0   2.0   3.0   4.0   5.0   6.0   7.0   8.0   9.0  10.0  11.0  12.0  13.0  14.0
GLN01A0180_001 0.166 0.164 0.166 0.166 0.167 0.166 0.166 0.165 0.166 0.168 0.165 0.166 0.165 0.167 0.167
GLN01A0180_002 0.003 0.003 0.003 0.003 0.003 0.003 0.003 0.003 0.003 0.003 0.003 0.003 0.003 0.003 0.003
GLN01A0180_003 0.097 0.097 0.097 0.096 0.097 0.097 0.097 0.097 0.096 0.097 0.096 0.096 0.096 0.097 0.097
GLN01A0180_004 0.000 0.000 0.000 0.000 0.000 0.000 0.000 0.000 0.000 0.000 0.000 0.000 0.000 0.000 0.000
GLN01A0180_005 0.000 0.000 0.000 0.000 0.000 0.000 0.000 0.000 0.000 0.000 0.000 0.000 0.000 0.000 0.000
GLN01A0180_006 0.124 0.125 0.124 0.123 0.123 0.123 0.124 0.123 0.124 0.123 0.124 0.124 0.124 0.125 0.123
GLN01A0180_007 0.000 0.000 0.000 0.000 0.000 0.000 0.000 0.000 0.000 0.000 0.000 0.000 0.000 0.000 0.000
GLN01A0180_008 0.000 0.001 0.000 0.000 0.001 0.000 0.001 0.001 0.000 0.001 0.001 0.001 0.001 0.000 0.001
GLN01A0180_009 0.046 0.046 0.045 0.045 0.045 0.045 0.046 0.046 0.046 0.045 0.045 0.045 0.045 0.045 0.045
GLN01A0180_010 0.029 0.029 0.029 0.029 0.029 0.029 0.029 0.029 0.029 0.029 0.029 0.029 0.029 0.029 0.029
GLN01A0180_011 0.000 0.001 0.001 0.001 0.001 0.001 0.000 0.001 0.001 0.000 0.001 0.001 0.001 0.000 0.000
GLN01A0180_012 0.017 0.017 0.017 0.017 0.017 0.017 0.017 0.017 0.017 0.017 0.017 0.017 0.017 0.017 0.016
GLN01A0180_013 0.000 0.000 0.000 0.000 0.000 0.000 0.000 0.000 0.000 0.000 0.000 0.000 0.000 0.000 0.000
GLN01A0180_014 0.034 0.034 0.034 0.034 0.034 0.034 0.034 0.034 0.034 0.034 0.034 0.034 0.034 0.034 0.034
GLN01A0180_015 0.000 0.000 0.000 0.000 0.000 0.000 0.000 0.000 0.000 0.000 0.000 0.000 0.000 0.000 0.000
GLN01A0180_016 0.095 0.095 0.096 0.095 0.095 0.095 0.096 0.095 0.095 0.095 0.096 0.095 0.096 0.095 0.095
GLN01A0180_017 0.047 0.047 0.047 0.047 0.047 0.047 0.047 0.047 0.047 0.047 0.047 0.047 0.047 0.047 0.047
GLN01A0180_018 0.343 0.342 0.342 0.344 0.342 0.343 0.342 0.342 0.342 0.341 0.342 0.343 0.342 0.339 0.344
GLN01A0180_019 0.000 0.000 0.000 0.000 0.000 0.000 0.000 0.000 0.000 0.000 0.000 0.000 0.000 0.000 0.000
