 ph              0.0   1.0   2.0   3.0   4.0   5.0   6.0   7.0   8.0   9.0  10.0  11.0  12.0  13.0  14.0
GLU01A0172_001 0.000 0.000 0.000 0.000 0.000 0.000 0.000 0.000 0.000 0.000 0.000 0.000 0.000 0.000 0.000
GLU01A0172_002 0.008 0.008 0.008 0.007 0.004 0.000 0.000 0.000 0.000 0.000 0.000 0.000 0.000 0.000 0.000
GLU01A0172_003 0.096 0.094 0.095 0.085 0.044 0.010 0.001 0.000 0.000 0.000 0.000 0.000 0.000 0.000 0.000
GLU01A0172_004 0.147 0.147 0.146 0.132 0.069 0.015 0.002 0.000 0.000 0.000 0.000 0.000 0.000 0.000 0.000
GLU01A0172_005 0.106 0.107 0.106 0.096 0.049 0.011 0.001 0.000 0.000 0.000 0.000 0.000 0.000 0.000 0.000
GLU01A0172_006 0.011 0.011 0.011 0.010 0.005 0.001 0.000 0.000 0.000 0.000 0.000 0.000 0.000 0.000 0.000
GLU01A0172_007 0.010 0.010 0.010 0.009 0.005 0.000 0.000 0.000 0.000 0.000 0.000 0.000 0.000 0.000 0.000
GLU01A0172_008 0.007 0.007 0.007 0.006 0.003 0.000 0.000 0.000 0.000 0.000 0.000 0.000 0.000 0.000 0.000
GLU01A0172_009 0.000 0.000 0.000 0.000 0.000 0.000 0.000 0.000 0.000 0.000 0.000 0.000 0.000 0.000 0.000
GLU01A0172_010 0.009 0.009 0.009 0.008 0.004 0.000 0.000 0.000 0.000 0.000 0.000 0.000 0.000 0.000 0.000
GLU01A0172_011 0.004 0.004 0.004 0.004 0.002 0.000 0.000 0.000 0.000 0.000 0.000 0.000 0.000 0.000 0.000
GLU01A0172_012 0.165 0.165 0.164 0.149 0.078 0.017 0.002 0.000 0.000 0.000 0.000 0.000 0.000 0.000 0.000
GLU01A0172_013 0.007 0.007 0.007 0.006 0.003 0.000 0.000 0.000 0.000 0.000 0.000 0.000 0.000 0.000 0.000
GLU02A0172_014 0.001 0.001 0.001 0.001 0.000 0.000 0.000 0.000 0.000 0.000 0.000 0.000 0.000 0.000 0.000
GLU02A0172_015 0.001 0.000 0.001 0.000 0.000 0.000 0.000 0.000 0.000 0.000 0.000 0.000 0.000 0.000 0.000
GLU02A0172_016 0.001 0.000 0.000 0.000 0.000 0.000 0.000 0.000 0.000 0.000 0.000 0.000 0.000 0.000 0.000
GLU02A0172_017 0.019 0.019 0.019 0.017 0.009 0.002 0.000 0.000 0.000 0.000 0.000 0.000 0.000 0.000 0.000
GLU02A0172_018 0.016 0.016 0.016 0.014 0.007 0.002 0.000 0.000 0.000 0.000 0.000 0.000 0.000 0.000 0.000
GLU02A0172_019 0.090 0.090 0.089 0.080 0.041 0.009 0.001 0.000 0.000 0.000 0.000 0.000 0.000 0.000 0.000
GLU02A0172_020 0.254 0.256 0.249 0.229 0.119 0.026 0.004 0.000 0.000 0.000 0.000 0.000 0.000 0.000 0.000
GLU02A0172_021 0.005 0.005 0.005 0.005 0.002 0.000 0.000 0.000 0.000 0.000 0.000 0.000 0.000 0.000 0.000
GLU02A0172_022 0.013 0.013 0.013 0.012 0.006 0.001 0.000 0.000 0.000 0.000 0.000 0.000 0.000 0.000 0.000
GLU02A0172_023 0.012 0.012 0.012 0.011 0.006 0.000 0.000 0.000 0.000 0.000 0.000 0.000 0.000 0.000 0.000
GLU02A0172_024 0.017 0.017 0.017 0.015 0.008 0.002 0.000 0.000 0.000 0.000 0.000 0.000 0.000 0.000 0.000
GLU-1A0172_025 0.000 0.000 0.000 0.002 0.011 0.018 0.020 0.020 0.020 0.020 0.020 0.020 0.020 0.020 0.019
GLU-1A0172_026 0.000 0.000 0.002 0.014 0.074 0.127 0.137 0.137 0.138 0.138 0.138 0.137 0.138 0.139 0.138
GLU-1A0172_027 0.000 0.000 0.000 0.002 0.008 0.014 0.016 0.015 0.015 0.015 0.015 0.015 0.015 0.016 0.015
GLU-1A0172_028 0.000 0.000 0.004 0.030 0.153 0.256 0.280 0.286 0.284 0.282 0.286 0.287 0.285 0.284 0.285
GLU-1A0172_029 0.000 0.000 0.004 0.030 0.155 0.260 0.286 0.288 0.289 0.289 0.287 0.287 0.289 0.289 0.289
GLU-1A0172_030 0.000 0.000 0.003 0.026 0.135 0.230 0.250 0.253 0.254 0.254 0.253 0.254 0.253 0.252 0.254
