 ph              0.0   1.0   2.0   3.0   4.0   5.0   6.0   7.0   8.0   9.0  10.0  11.0  12.0  13.0  14.0
ASP01A0103_001 0.000 0.000 0.000 0.000 0.000 0.000 0.000 0.000 0.000 0.000 0.000 0.000 0.000 0.000 0.000
ASP01A0103_002 0.004 0.004 0.004 0.003 0.001 0.000 0.000 0.000 0.000 0.000 0.000 0.000 0.000 0.000 0.000
ASP01A0103_003 0.038 0.038 0.037 0.031 0.012 0.002 0.000 0.000 0.000 0.000 0.000 0.000 0.000 0.000 0.000
ASP01A0103_004 0.109 0.107 0.107 0.089 0.035 0.006 0.000 0.000 0.000 0.000 0.000 0.000 0.000 0.000 0.000
ASP01A0103_005 0.067 0.067 0.066 0.055 0.022 0.004 0.000 0.000 0.000 0.000 0.000 0.000 0.000 0.000 0.000
ASP01A0103_006 0.006 0.006 0.006 0.005 0.002 0.000 0.000 0.000 0.000 0.000 0.000 0.000 0.000 0.000 0.000
ASP01A0103_007 0.005 0.005 0.005 0.004 0.002 0.000 0.000 0.000 0.000 0.000 0.000 0.000 0.000 0.000 0.000
ASP01A0103_008 0.000 0.000 0.000 0.000 0.000 0.000 0.000 0.000 0.000 0.000 0.000 0.000 0.000 0.000 0.000
ASP01A0103_009 0.255 0.258 0.251 0.212 0.084 0.013 0.011 0.000 0.000 0.000 0.000 0.000 0.000 0.000 0.000
ASP01A0103_010 0.087 0.087 0.085 0.072 0.028 0.005 0.000 0.000 0.000 0.000 0.000 0.000 0.000 0.000 0.000
ASP01A0103_011 0.012 0.012 0.012 0.010 0.004 0.000 0.000 0.000 0.000 0.000 0.000 0.000 0.000 0.000 0.000
ASP02A0103_012 0.005 0.005 0.005 0.004 0.002 0.000 0.000 0.000 0.000 0.000 0.000 0.000 0.000 0.000 0.000
ASP02A0103_013 0.006 0.007 0.006 0.005 0.002 0.000 0.000 0.000 0.000 0.000 0.000 0.000 0.000 0.000 0.000
ASP02A0103_014 0.064 0.063 0.063 0.053 0.021 0.004 0.000 0.000 0.000 0.000 0.000 0.000 0.000 0.000 0.000
ASP02A0103_015 0.006 0.005 0.005 0.005 0.002 0.000 0.000 0.000 0.000 0.000 0.000 0.000 0.000 0.000 0.000
ASP02A0103_016 0.003 0.003 0.003 0.002 0.000 0.000 0.000 0.000 0.000 0.000 0.000 0.000 0.000 0.000 0.000
ASP02A0103_017 0.000 0.000 0.000 0.000 0.000 0.000 0.000 0.000 0.000 0.000 0.000 0.000 0.000 0.000 0.000
ASP02A0103_018 0.151 0.151 0.147 0.124 0.049 0.008 0.000 0.000 0.000 0.000 0.000 0.000 0.000 0.000 0.000
ASP02A0103_019 0.072 0.071 0.071 0.059 0.023 0.004 0.000 0.000 0.000 0.000 0.000 0.000 0.000 0.000 0.000
ASP02A0103_020 0.035 0.035 0.034 0.029 0.011 0.002 0.000 0.000 0.000 0.000 0.000 0.000 0.000 0.000 0.000
ASP02A0103_021 0.067 0.066 0.064 0.055 0.021 0.004 0.000 0.000 0.000 0.000 0.000 0.000 0.000 0.000 0.000
ASP02A0103_022 0.008 0.008 0.008 0.007 0.003 0.000 0.000 0.000 0.000 0.000 0.000 0.000 0.000 0.000 0.000
ASP-1A0103_023 0.000 0.000 0.004 0.034 0.134 0.185 0.192 0.194 0.195 0.195 0.193 0.194 0.194 0.194 0.194
ASP-1A0103_024 0.000 0.000 0.009 0.076 0.289 0.409 0.427 0.429 0.432 0.430 0.431 0.433 0.433 0.431 0.431
ASP-1A0103_025 0.000 0.000 0.007 0.054 0.209 0.292 0.303 0.310 0.307 0.308 0.310 0.307 0.306 0.308 0.308
ASP-1A0103_026 0.000 0.000 0.001 0.012 0.045 0.063 0.065 0.067 0.066 0.067 0.066 0.066 0.067 0.067 0.066
