 ph              0.0   1.0   2.0   3.0   4.0   5.0   6.0   7.0   8.0   9.0  10.0  11.0  12.0  13.0  14.0
LEU01A0114_001 0.446 0.447 0.447 0.448 0.444 0.447 0.445 0.446 0.448 0.446 0.448 0.447 0.449 0.446 0.446
LEU01A0114_002 0.012 0.012 0.012 0.012 0.011 0.011 0.011 0.011 0.011 0.012 0.012 0.012 0.011 0.012 0.011
LEU01A0114_003 0.299 0.294 0.297 0.298 0.299 0.295 0.296 0.297 0.296 0.298 0.298 0.298 0.296 0.297 0.299
LEU01A0114_004 0.209 0.212 0.209 0.209 0.211 0.213 0.213 0.211 0.211 0.210 0.209 0.210 0.210 0.211 0.210
LEU01A0114_005 0.004 0.004 0.004 0.003 0.004 0.003 0.004 0.004 0.004 0.004 0.004 0.004 0.003 0.004 0.003
LEU01A0114_006 0.000 0.000 0.000 0.000 0.000 0.000 0.000 0.000 0.000 0.000 0.000 0.000 0.000 0.000 0.000
LEU01A0114_007 0.002 0.002 0.002 0.002 0.002 0.001 0.001 0.001 0.002 0.002 0.002 0.001 0.001 0.000 0.001
LEU01A0114_008 0.000 0.000 0.000 0.000 0.000 0.000 0.000 0.000 0.000 0.000 0.000 0.000 0.000 0.000 0.000
LEU01A0114_009 0.000 0.000 0.000 0.000 0.000 0.000 0.000 0.000 0.000 0.000 0.000 0.000 0.000 0.000 0.000
LEU01A0114_010 0.029 0.030 0.029 0.029 0.029 0.029 0.029 0.029 0.029 0.029 0.029 0.029 0.029 0.029 0.029
