 ph              0.0   1.0   2.0   3.0   4.0   5.0   6.0   7.0   8.0   9.0  10.0  11.0  12.0  13.0  14.0
LEU01A0018_001 0.079 0.079 0.080 0.079 0.079 0.079 0.080 0.079 0.079 0.079 0.079 0.079 0.079 0.079 0.080
LEU01A0018_002 0.000 0.000 0.000 0.000 0.000 0.000 0.000 0.000 0.000 0.000 0.000 0.000 0.000 0.000 0.000
LEU01A0018_003 0.267 0.265 0.266 0.267 0.267 0.266 0.265 0.265 0.267 0.268 0.265 0.265 0.267 0.267 0.265
LEU01A0018_004 0.000 0.000 0.000 0.000 0.000 0.000 0.000 0.000 0.000 0.000 0.000 0.000 0.000 0.000 0.000
LEU01A0018_005 0.044 0.044 0.043 0.044 0.043 0.044 0.043 0.044 0.044 0.043 0.043 0.044 0.043 0.044 0.044
LEU01A0018_006 0.000 0.000 0.000 0.000 0.000 0.000 0.000 0.000 0.000 0.000 0.000 0.000 0.000 0.000 0.000
LEU01A0018_007 0.000 0.000 0.000 0.000 0.000 0.000 0.000 0.000 0.000 0.000 0.000 0.000 0.000 0.000 0.000
LEU01A0018_008 0.063 0.063 0.063 0.063 0.062 0.063 0.063 0.063 0.063 0.063 0.063 0.064 0.063 0.063 0.063
LEU01A0018_009 0.071 0.071 0.070 0.071 0.071 0.071 0.071 0.072 0.071 0.071 0.071 0.071 0.071 0.071 0.071
LEU01A0018_010 0.020 0.020 0.021 0.021 0.020 0.021 0.020 0.020 0.021 0.021 0.020 0.020 0.020 0.020 0.021
LEU01A0018_011 0.001 0.000 0.000 0.000 0.001 0.001 0.001 0.001 0.000 0.000 0.001 0.001 0.000 0.001 0.001
LEU01A0018_012 0.000 0.000 0.000 0.000 0.000 0.000 0.000 0.000 0.000 0.000 0.000 0.000 0.000 0.000 0.000
LEU01A0018_013 0.153 0.155 0.153 0.154 0.153 0.154 0.154 0.153 0.153 0.153 0.155 0.154 0.154 0.153 0.154
LEU01A0018_014 0.056 0.055 0.055 0.056 0.056 0.055 0.055 0.055 0.055 0.055 0.055 0.056 0.056 0.056 0.055
LEU01A0018_015 0.057 0.058 0.058 0.058 0.057 0.058 0.058 0.058 0.058 0.058 0.058 0.058 0.058 0.058 0.058
LEU01A0018_016 0.185 0.187 0.186 0.185 0.186 0.186 0.185 0.185 0.186 0.186 0.185 0.184 0.184 0.185 0.186
LEU01A0018_017 0.000 0.000 0.000 0.000 0.000 0.000 0.000 0.000 0.000 0.000 0.000 0.000 0.000 0.000 0.000
LEU01A0018_018 0.003 0.003 0.003 0.003 0.003 0.003 0.003 0.003 0.003 0.003 0.003 0.003 0.003 0.003 0.003
LEU01A0018_019 0.000 0.000 0.000 0.000 0.000 0.000 0.000 0.000 0.000 0.000 0.000 0.000 0.000 0.000 0.000
LEU01A0018_020 0.000 0.000 0.000 0.000 0.000 0.000 0.000 0.000 0.000 0.000 0.000 0.000 0.000 0.000 0.000
