 ph              0.0   1.0   2.0   3.0   4.0   5.0   6.0   7.0   8.0   9.0  10.0  11.0  12.0  13.0  14.0
HIS01A0234_001 0.000 0.000 0.000 0.000 0.000 0.000 0.008 0.039 0.068 0.075 0.076 0.075 0.076 0.076 0.076
HIS01A0234_002 0.000 0.000 0.000 0.000 0.000 0.000 0.002 0.008 0.014 0.015 0.015 0.015 0.015 0.015 0.015
HIS01A0234_003 0.000 0.000 0.000 0.000 0.000 0.000 0.000 0.004 0.007 0.007 0.007 0.008 0.007 0.007 0.007
HIS01A0234_004 0.000 0.000 0.000 0.000 0.000 0.003 0.012 0.057 0.102 0.111 0.111 0.111 0.111 0.111 0.110
HIS01A0234_005 0.000 0.000 0.000 0.000 0.000 0.000 0.000 0.000 0.000 0.000 0.000 0.000 0.000 0.000 0.000
HIS01A0234_006 0.000 0.000 0.000 0.000 0.000 0.000 0.000 0.000 0.000 0.000 0.000 0.000 0.000 0.000 0.000
HIS01A0234_007 0.000 0.000 0.000 0.000 0.000 0.000 0.003 0.016 0.028 0.030 0.030 0.030 0.030 0.030 0.030
HIS01A0234_008 0.000 0.000 0.000 0.000 0.000 0.000 0.000 0.000 0.000 0.000 0.000 0.000 0.000 0.000 0.000
HIS01A0234_009 0.000 0.000 0.000 0.000 0.000 0.000 0.001 0.006 0.011 0.012 0.012 0.012 0.012 0.012 0.012
HIS01A0234_010 0.000 0.000 0.000 0.000 0.000 0.000 0.000 0.000 0.000 0.000 0.000 0.000 0.000 0.000 0.000
HIS01A0234_011 0.000 0.000 0.000 0.000 0.000 0.000 0.000 0.000 0.000 0.000 0.000 0.000 0.000 0.000 0.000
HIS01A0234_012 0.000 0.000 0.000 0.000 0.000 0.000 0.005 0.022 0.039 0.043 0.043 0.042 0.043 0.042 0.043
HIS01A0234_013 0.000 0.000 0.000 0.000 0.000 0.000 0.000 0.000 0.000 0.000 0.000 0.000 0.000 0.000 0.000
HIS01A0234_014 0.000 0.000 0.000 0.000 0.000 0.000 0.000 0.000 0.000 0.000 0.000 0.000 0.000 0.000 0.000
HIS01A0234_015 0.000 0.000 0.000 0.000 0.000 0.000 0.000 0.000 0.000 0.000 0.000 0.000 0.000 0.000 0.000
HIS01A0234_016 0.000 0.000 0.000 0.000 0.000 0.000 0.000 0.002 0.003 0.003 0.003 0.003 0.003 0.003 0.003
HIS01A0234_017 0.000 0.000 0.000 0.000 0.000 0.000 0.000 0.000 0.000 0.000 0.000 0.000 0.000 0.000 0.000
HIS01A0234_018 0.000 0.000 0.000 0.000 0.000 0.000 0.000 0.000 0.000 0.000 0.000 0.000 0.000 0.000 0.000
HIS02A0234_019 0.000 0.000 0.000 0.000 0.000 0.003 0.014 0.066 0.115 0.126 0.128 0.126 0.128 0.127 0.127
HIS02A0234_020 0.000 0.000 0.000 0.000 0.000 0.000 0.000 0.000 0.000 0.000 0.000 0.000 0.000 0.000 0.000
HIS02A0234_021 0.000 0.000 0.000 0.000 0.000 0.000 0.000 0.005 0.009 0.010 0.010 0.010 0.010 0.010 0.010
HIS02A0234_022 0.000 0.000 0.000 0.000 0.000 0.005 0.026 0.125 0.219 0.236 0.240 0.244 0.241 0.240 0.242
HIS02A0234_023 0.000 0.000 0.000 0.000 0.000 0.000 0.000 0.000 0.000 0.000 0.000 0.000 0.000 0.000 0.000
HIS02A0234_024 0.000 0.000 0.000 0.000 0.000 0.000 0.000 0.000 0.002 0.002 0.002 0.002 0.002 0.002 0.002
HIS02A0234_025 0.000 0.000 0.000 0.000 0.000 0.000 0.000 0.004 0.006 0.007 0.007 0.007 0.007 0.007 0.007
HIS02A0234_026 0.000 0.000 0.000 0.000 0.000 0.000 0.000 0.000 0.000 0.000 0.000 0.000 0.000 0.000 0.000
HIS02A0234_027 0.000 0.000 0.000 0.000 0.000 0.000 0.000 0.005 0.008 0.009 0.009 0.009 0.009 0.009 0.009
HIS02A0234_028 0.000 0.000 0.000 0.000 0.000 0.005 0.026 0.124 0.216 0.235 0.239 0.239 0.237 0.240 0.238
HIS02A0234_029 0.000 0.000 0.000 0.000 0.000 0.000 0.000 0.000 0.000 0.000 0.000 0.000 0.000 0.000 0.000
HIS02A0234_030 0.000 0.000 0.000 0.000 0.000 0.000 0.000 0.000 0.000 0.000 0.000 0.000 0.000 0.000 0.000
HIS02A0234_031 0.000 0.000 0.000 0.000 0.000 0.000 0.000 0.000 0.000 0.000 0.000 0.000 0.000 0.000 0.000
HIS02A0234_032 0.000 0.000 0.000 0.000 0.000 0.000 0.000 0.000 0.000 0.000 0.000 0.000 0.000 0.000 0.000
HIS02A0234_033 0.000 0.000 0.000 0.000 0.000 0.000 0.005 0.023 0.041 0.044 0.044 0.044 0.045 0.045 0.045
HIS02A0234_034 0.000 0.000 0.000 0.000 0.000 0.000 0.000 0.000 0.000 0.000 0.000 0.000 0.000 0.000 0.000
HIS02A0234_035 0.000 0.000 0.000 0.000 0.000 0.000 0.000 0.000 0.000 0.000 0.000 0.000 0.000 0.000 0.000
HIS02A0234_036 0.000 0.000 0.000 0.000 0.000 0.000 0.002 0.012 0.020 0.023 0.022 0.022 0.022 0.023 0.022
HIS02A0234_037 0.000 0.000 0.000 0.000 0.000 0.000 0.000 0.000 0.000 0.000 0.000 0.000 0.000 0.000 0.000
HIS+1A0234_038 0.146 0.147 0.146 0.150 0.147 0.146 0.130 0.072 0.014 0.002 0.000 0.000 0.000 0.000 0.000
HIS+1A0234_039 0.008 0.008 0.008 0.008 0.008 0.008 0.007 0.004 0.000 0.000 0.000 0.000 0.000 0.000 0.000
HIS+1A0234_040 0.231 0.231 0.232 0.231 0.229 0.228 0.207 0.112 0.022 0.003 0.000 0.000 0.000 0.000 0.000
HIS+1A0234_041 0.023 0.024 0.023 0.024 0.023 0.024 0.021 0.011 0.002 0.000 0.000 0.000 0.000 0.000 0.000
HIS+1A0234_042 0.000 0.000 0.000 0.000 0.000 0.000 0.000 0.000 0.000 0.000 0.000 0.000 0.000 0.000 0.000
HIS+1A0234_043 0.000 0.001 0.001 0.001 0.001 0.001 0.001 0.000 0.000 0.000 0.000 0.000 0.000 0.000 0.000
HIS+1A0234_044 0.166 0.166 0.165 0.166 0.165 0.160 0.149 0.079 0.015 0.002 0.000 0.000 0.000 0.000 0.000
HIS+1A0234_045 0.012 0.011 0.011 0.012 0.012 0.011 0.010 0.006 0.000 0.000 0.000 0.000 0.000 0.000 0.000
HIS+1A0234_046 0.000 0.000 0.000 0.000 0.000 0.000 0.000 0.000 0.000 0.000 0.000 0.000 0.000 0.000 0.000
HIS+1A0234_047 0.000 0.000 0.000 0.000 0.000 0.000 0.000 0.000 0.000 0.000 0.000 0.000 0.000 0.000 0.000
HIS+1A0234_048 0.000 0.000 0.000 0.000 0.000 0.000 0.000 0.000 0.000 0.000 0.000 0.000 0.000 0.000 0.000
HIS+1A0234_049 0.000 0.000 0.000 0.000 0.001 0.000 0.000 0.000 0.000 0.000 0.000 0.000 0.000 0.000 0.000
HIS+1A0234_050 0.343 0.342 0.343 0.338 0.343 0.337 0.307 0.165 0.032 0.004 0.000 0.000 0.000 0.000 0.000
HIS+1A0234_051 0.000 0.000 0.000 0.000 0.000 0.000 0.000 0.000 0.000 0.000 0.000 0.000 0.000 0.000 0.000
HIS+1A0234_052 0.000 0.000 0.000 0.000 0.000 0.000 0.000 0.000 0.000 0.000 0.000 0.000 0.000 0.000 0.000
HIS+1A0234_053 0.000 0.000 0.000 0.000 0.000 0.000 0.000 0.000 0.000 0.000 0.000 0.000 0.000 0.000 0.000
HIS+1A0234_054 0.005 0.005 0.005 0.005 0.005 0.005 0.005 0.002 0.000 0.000 0.000 0.000 0.000 0.000 0.000
HIS+1A0234_055 0.000 0.000 0.000 0.000 0.000 0.000 0.000 0.000 0.000 0.000 0.000 0.000 0.000 0.000 0.000
HIS+1A0234_056 0.064 0.065 0.064 0.064 0.065 0.063 0.057 0.031 0.006 0.000 0.000 0.000 0.000 0.000 0.000
