 ph              0.0   1.0   2.0   3.0   4.0   5.0   6.0   7.0   8.0   9.0  10.0  11.0  12.0  13.0  14.0
LEU01A0042_001 0.656 0.646 0.651 0.649 0.650 0.650 0.652 0.651 0.651 0.651 0.647 0.645 0.648 0.653 0.650
LEU01A0042_002 0.000 0.001 0.000 0.001 0.001 0.001 0.000 0.001 0.001 0.001 0.000 0.001 0.000 0.001 0.000
LEU01A0042_003 0.024 0.025 0.024 0.025 0.024 0.024 0.024 0.023 0.024 0.024 0.024 0.025 0.024 0.024 0.024
LEU01A0042_004 0.000 0.000 0.000 0.000 0.000 0.000 0.000 0.000 0.000 0.000 0.000 0.000 0.000 0.000 0.000
LEU01A0042_005 0.033 0.034 0.034 0.034 0.033 0.033 0.033 0.034 0.033 0.034 0.033 0.033 0.034 0.032 0.033
LEU01A0042_006 0.000 0.000 0.000 0.000 0.000 0.000 0.000 0.000 0.000 0.000 0.000 0.000 0.000 0.000 0.000
LEU01A0042_007 0.025 0.026 0.024 0.025 0.025 0.025 0.025 0.025 0.025 0.025 0.025 0.025 0.025 0.025 0.025
LEU01A0042_008 0.005 0.006 0.005 0.005 0.005 0.005 0.005 0.005 0.005 0.005 0.005 0.006 0.005 0.005 0.005
LEU01A0042_009 0.003 0.003 0.003 0.003 0.003 0.003 0.003 0.003 0.003 0.003 0.003 0.003 0.003 0.003 0.003
LEU01A0042_010 0.000 0.000 0.000 0.000 0.000 0.000 0.000 0.000 0.000 0.000 0.000 0.000 0.000 0.000 0.000
LEU01A0042_011 0.014 0.015 0.014 0.015 0.015 0.015 0.015 0.015 0.014 0.015 0.014 0.015 0.015 0.014 0.015
LEU01A0042_012 0.000 0.000 0.000 0.000 0.000 0.000 0.000 0.000 0.000 0.000 0.000 0.000 0.000 0.000 0.000
LEU01A0042_013 0.237 0.242 0.241 0.239 0.240 0.239 0.240 0.239 0.241 0.239 0.244 0.243 0.243 0.239 0.242
LEU01A0042_014 0.003 0.003 0.003 0.003 0.003 0.003 0.003 0.003 0.003 0.003 0.003 0.003 0.003 0.003 0.003
LEU01A0042_015 0.000 0.000 0.000 0.000 0.000 0.000 0.000 0.000 0.000 0.000 0.000 0.000 0.000 0.000 0.000
