 ph              0.0   1.0   2.0   3.0   4.0   5.0   6.0   7.0   8.0   9.0  10.0  11.0  12.0  13.0  14.0
LYS01A0289_001 0.000 0.000 0.000 0.000 0.000 0.000 0.000 0.000 0.000 0.000 0.000 0.004 0.005 0.006 0.005
LYS01A0289_002 0.000 0.000 0.000 0.000 0.000 0.000 0.000 0.000 0.000 0.002 0.011 0.039 0.056 0.057 0.057
LYS01A0289_003 0.000 0.000 0.000 0.000 0.000 0.000 0.000 0.000 0.000 0.000 0.001 0.005 0.007 0.007 0.007
LYS01A0289_004 0.000 0.000 0.000 0.000 0.000 0.000 0.000 0.000 0.000 0.000 0.000 0.000 0.000 0.000 0.000
LYS01A0289_005 0.000 0.000 0.000 0.000 0.000 0.000 0.000 0.000 0.000 0.000 0.000 0.000 0.000 0.000 0.000
LYS01A0289_006 0.000 0.000 0.000 0.000 0.000 0.000 0.000 0.000 0.000 0.000 0.003 0.009 0.013 0.014 0.014
LYS01A0289_007 0.000 0.000 0.000 0.000 0.000 0.000 0.000 0.000 0.000 0.000 0.006 0.022 0.030 0.032 0.032
LYS01A0289_008 0.000 0.000 0.000 0.000 0.000 0.000 0.000 0.000 0.000 0.000 0.000 0.003 0.005 0.005 0.005
LYS01A0289_009 0.000 0.000 0.000 0.000 0.000 0.000 0.000 0.000 0.005 0.015 0.087 0.316 0.441 0.463 0.467
LYS01A0289_010 0.000 0.000 0.000 0.000 0.000 0.000 0.000 0.000 0.000 0.000 0.002 0.006 0.009 0.009 0.009
LYS01A0289_011 0.000 0.000 0.000 0.000 0.000 0.000 0.000 0.000 0.000 0.000 0.007 0.027 0.038 0.039 0.041
LYS01A0289_012 0.000 0.000 0.000 0.000 0.000 0.000 0.000 0.000 0.000 0.000 0.000 0.003 0.005 0.005 0.005
LYS01A0289_013 0.000 0.000 0.000 0.000 0.000 0.000 0.000 0.000 0.000 0.002 0.012 0.044 0.061 0.065 0.064
LYS01A0289_014 0.000 0.000 0.000 0.000 0.000 0.000 0.000 0.000 0.000 0.000 0.000 0.000 0.000 0.000 0.000
LYS01A0289_015 0.000 0.000 0.000 0.000 0.000 0.000 0.000 0.000 0.000 0.000 0.000 0.000 0.000 0.000 0.000
LYS01A0289_016 0.000 0.000 0.000 0.000 0.000 0.000 0.000 0.000 0.000 0.000 0.000 0.000 0.000 0.001 0.001
LYS01A0289_017 0.000 0.000 0.000 0.000 0.000 0.000 0.000 0.000 0.000 0.000 0.003 0.010 0.013 0.014 0.014
LYS01A0289_018 0.000 0.000 0.000 0.000 0.000 0.000 0.000 0.000 0.000 0.002 0.011 0.042 0.057 0.059 0.061
LYS01A0289_019 0.000 0.000 0.000 0.000 0.000 0.000 0.000 0.000 0.000 0.007 0.041 0.148 0.209 0.217 0.217
LYS01A0289_020 0.000 0.000 0.000 0.000 0.000 0.000 0.000 0.000 0.000 0.000 0.000 0.000 0.000 0.000 0.000
LYS+1A0289_021 0.006 0.005 0.005 0.005 0.005 0.006 0.005 0.006 0.005 0.005 0.004 0.002 0.000 0.000 0.000
LYS+1A0289_022 0.011 0.011 0.011 0.011 0.011 0.011 0.012 0.011 0.011 0.011 0.009 0.004 0.000 0.000 0.000
LYS+1A0289_023 0.055 0.055 0.055 0.055 0.056 0.056 0.055 0.055 0.055 0.054 0.046 0.018 0.003 0.000 0.000
LYS+1A0289_024 0.018 0.017 0.018 0.017 0.017 0.018 0.018 0.017 0.017 0.017 0.014 0.006 0.000 0.000 0.000
LYS+1A0289_025 0.004 0.004 0.004 0.004 0.004 0.004 0.004 0.004 0.004 0.004 0.003 0.001 0.000 0.000 0.000
LYS+1A0289_026 0.006 0.006 0.005 0.006 0.006 0.006 0.006 0.006 0.006 0.005 0.004 0.002 0.000 0.000 0.000
LYS+1A0289_027 0.003 0.003 0.003 0.003 0.003 0.003 0.003 0.003 0.003 0.003 0.002 0.000 0.000 0.000 0.000
LYS+1A0289_028 0.064 0.064 0.065 0.064 0.063 0.065 0.065 0.063 0.064 0.061 0.053 0.021 0.004 0.000 0.000
LYS+1A0289_029 0.000 0.000 0.000 0.000 0.000 0.000 0.000 0.000 0.000 0.000 0.000 0.000 0.000 0.000 0.000
LYS+1A0289_030 0.000 0.000 0.000 0.000 0.000 0.000 0.000 0.000 0.000 0.000 0.000 0.000 0.000 0.000 0.000
LYS+1A0289_031 0.000 0.000 0.000 0.000 0.000 0.000 0.000 0.000 0.000 0.000 0.000 0.000 0.000 0.000 0.000
LYS+1A0289_032 0.004 0.004 0.004 0.004 0.004 0.004 0.004 0.004 0.004 0.004 0.003 0.001 0.000 0.000 0.000
LYS+1A0289_033 0.500 0.504 0.503 0.501 0.500 0.500 0.501 0.503 0.500 0.490 0.411 0.161 0.027 0.006 0.000
LYS+1A0289_034 0.000 0.000 0.000 0.000 0.000 0.000 0.000 0.000 0.000 0.000 0.000 0.000 0.000 0.000 0.000
LYS+1A0289_035 0.032 0.031 0.032 0.032 0.032 0.032 0.032 0.032 0.031 0.031 0.025 0.010 0.002 0.000 0.000
LYS+1A0289_036 0.000 0.000 0.000 0.000 0.000 0.000 0.000 0.000 0.000 0.000 0.000 0.000 0.000 0.000 0.000
LYS+1A0289_037 0.000 0.000 0.000 0.000 0.000 0.000 0.000 0.000 0.000 0.000 0.000 0.000 0.000 0.000 0.000
LYS+1A0289_038 0.013 0.013 0.012 0.013 0.013 0.013 0.013 0.013 0.012 0.012 0.010 0.004 0.000 0.000 0.000
LYS+1A0289_039 0.039 0.039 0.039 0.039 0.040 0.039 0.039 0.038 0.039 0.038 0.031 0.013 0.002 0.000 0.000
LYS+1A0289_040 0.246 0.245 0.244 0.247 0.246 0.245 0.245 0.245 0.244 0.237 0.199 0.079 0.013 0.003 0.000
