 ph              0.0   1.0   2.0   3.0   4.0   5.0   6.0   7.0   8.0   9.0  10.0  11.0  12.0  13.0  14.0
CYS01A0239_001 0.155 0.155 0.156 0.154 0.154 0.156 0.155 0.144 0.092 0.020 0.002 0.000 0.000 0.000 0.000
CYS01A0239_002 0.101 0.100 0.101 0.101 0.101 0.101 0.100 0.095 0.059 0.013 0.002 0.000 0.000 0.000 0.000
CYS01A0239_003 0.000 0.000 0.000 0.000 0.000 0.000 0.000 0.000 0.000 0.000 0.000 0.000 0.000 0.000 0.000
CYS01A0239_004 0.082 0.082 0.082 0.082 0.082 0.082 0.081 0.076 0.048 0.010 0.000 0.000 0.000 0.000 0.000
CYS01A0239_005 0.131 0.132 0.130 0.130 0.132 0.131 0.129 0.123 0.077 0.017 0.002 0.000 0.000 0.000 0.000
CYS01A0239_006 0.138 0.137 0.139 0.140 0.138 0.138 0.138 0.129 0.082 0.018 0.002 0.000 0.000 0.000 0.000
CYS01A0239_007 0.000 0.000 0.000 0.000 0.000 0.000 0.000 0.000 0.000 0.000 0.000 0.000 0.000 0.000 0.000
CYS01A0239_008 0.113 0.113 0.114 0.114 0.114 0.113 0.113 0.106 0.067 0.015 0.002 0.000 0.000 0.000 0.000
CYS01A0239_009 0.119 0.119 0.119 0.120 0.119 0.119 0.118 0.111 0.071 0.015 0.002 0.000 0.000 0.000 0.000
CYS01A0239_010 0.000 0.000 0.000 0.000 0.000 0.000 0.000 0.000 0.000 0.000 0.000 0.000 0.000 0.000 0.000
CYS01A0239_011 0.000 0.000 0.000 0.000 0.000 0.000 0.000 0.000 0.000 0.000 0.000 0.000 0.000 0.000 0.000
CYS01A0239_012 0.075 0.075 0.074 0.074 0.075 0.074 0.074 0.070 0.044 0.009 0.001 0.000 0.000 0.000 0.000
CYS01A0239_013 0.086 0.087 0.086 0.086 0.086 0.087 0.085 0.081 0.051 0.011 0.001 0.000 0.000 0.000 0.000
CYS01A0239_014 0.000 0.000 0.000 0.000 0.000 0.000 0.000 0.000 0.000 0.000 0.000 0.000 0.000 0.000 0.000
CYS01A0239_015 0.000 0.000 0.000 0.000 0.000 0.000 0.000 0.000 0.000 0.000 0.000 0.000 0.000 0.000 0.000
CYS01A0239_016 0.000 0.000 0.000 0.000 0.000 0.000 0.000 0.000 0.000 0.000 0.000 0.000 0.000 0.000 0.000
CYS01A0239_017 0.000 0.000 0.000 0.000 0.000 0.000 0.000 0.000 0.000 0.000 0.000 0.000 0.000 0.000 0.000
CYS01A0239_018 0.000 0.000 0.000 0.000 0.000 0.000 0.000 0.000 0.000 0.000 0.000 0.000 0.000 0.000 0.000
CYS-1A0239_019 0.000 0.000 0.000 0.000 0.000 0.000 0.001 0.014 0.089 0.193 0.219 0.221 0.223 0.224 0.220
CYS-1A0239_020 0.000 0.000 0.000 0.000 0.000 0.000 0.000 0.000 0.000 0.000 0.000 0.000 0.000 0.000 0.000
CYS-1A0239_021 0.000 0.000 0.000 0.000 0.000 0.000 0.004 0.038 0.238 0.506 0.568 0.582 0.578 0.576 0.580
CYS-1A0239_022 0.000 0.000 0.000 0.000 0.000 0.000 0.000 0.000 0.000 0.000 0.000 0.000 0.000 0.000 0.000
CYS-1A0239_023 0.000 0.000 0.000 0.000 0.000 0.000 0.001 0.013 0.081 0.173 0.198 0.197 0.199 0.200 0.200
CYS-1A0239_024 0.000 0.000 0.000 0.000 0.000 0.000 0.000 0.000 0.000 0.000 0.000 0.000 0.000 0.000 0.000
