pH,=,ARG+1A0010_061,ARG+1A0010_062,ARG+1A0010_063,ARG+1A0010_064,ARG+1A0010_065,ARG+1A0010_066,ARG+1A0010_067,ARG+1A0010_068,ARG+1A0010_069,ARG+1A0010_070,ARG+1A0010_071,ARG+1A0010_072,ARG+1A0010_073,ARG+1A0010_074,ARG+1A0010_075,ARG+1A0010_076,ARG+1A0010_077,ARG+1A0010_078,ARG+1A0010_079,ARG+1A0010_080,ARG01A0010_001,ARG01A0010_002,ARG01A0010_003,ARG01A0010_004,ARG01A0010_005,ARG01A0010_006,ARG01A0010_007,ARG01A0010_008,ARG01A0010_009,ARG01A0010_010,ARG01A0010_011,ARG01A0010_012,ARG01A0010_013,ARG01A0010_014,ARG01A0010_015,ARG01A0010_016,ARG01A0010_017,ARG01A0010_018,ARG01A0010_019,ARG01A0010_020,ARG02A0010_021,ARG02A0010_022,ARG02A0010_023,ARG02A0010_024,ARG02A0010_025,ARG02A0010_026,ARG02A0010_027,ARG02A0010_028,ARG02A0010_029,ARG02A0010_030,ARG02A0010_031,ARG02A0010_032,ARG02A0010_033,ARG02A0010_034,ARG02A0010_035,ARG02A0010_036,ARG02A0010_037,ARG02A0010_038,ARG02A0010_039,ARG02A0010_040,ARG03A0010_041,ARG03A0010_042,ARG03A0010_043,ARG03A0010_044,ARG03A0010_045,ARG03A0010_046,ARG03A0010_047,ARG03A0010_048,ARG03A0010_049,ARG03A0010_050,ARG03A0010_051,ARG03A0010_052,ARG03A0010_053,ARG03A0010_054,ARG03A0010_055,ARG03A0010_056,ARG03A0010_057,ARG03A0010_058,ARG03A0010_059,ARG03A0010_060
0.00,,0.00378153408024,0.0,0.0004472135955,0.0,0.000894427191,0.0,0.0,0.000547722557505,0.0,0.0,0.00181659021246,0.001,0.0,0.0,0.0,0.00343511280746,0.0,0.0,0.0,0.0,0.0,0.0,0.0,0.0,0.0,0.0,0.0,0.0,0.0,0.0,0.0,0.0,0.0,0.0,0.0,0.0,0.0,0.0,0.0,0.0,0.0,0.0,0.0,0.0,0.0,0.0,0.0,0.0,0.0,0.0,0.0,0.0,0.0,0.0,0.0,0.0,0.0,0.0,0.0,0.0,0.0,0.0,0.0,0.0,0.0,0.0,0.0,0.0,0.0,0.0,0.0,0.0,0.0,0.0,0.0,0.0,0.0,0.0,0.0,0.0
1.00,,0.00585234995536,0.0,0.0005,0.0005,0.00173205080757,0.0,0.0,0.0005,0.0,0.0,0.0005,0.0005,0.0,0.0,0.0,0.00471699056603,0.0,0.0,0.0,0.0,0.0,0.0,0.0,0.0,0.0,0.0,0.0,0.0,0.0,0.0,0.0,0.0,0.0,0.0,0.0,0.0,0.0,0.0,0.0,0.0,0.0,0.0,0.0,0.0,0.0,0.0,0.0,0.0,0.0,0.0,0.0,0.0,0.0,0.0,0.0,0.0,0.0,0.0,0.0,0.0,0.0,0.0,0.0,0.0,0.0,0.0,0.0,0.0,0.0,0.0,0.0,0.0,0.0,0.0,0.0,0.0,0.0,0.0,0.0,0.0
2.00,,0.0049799598392,0.0,0.0,0.0,0.000816496580928,0.0,0.0,0.0,0.0,0.0,0.00136626010213,0.000816496580928,0.000408248290464,0.0,0.0,0.00550151494287,0.0,0.0,0.0,0.0,0.0,0.0,0.0,0.0,0.0,0.0,0.0,0.0,0.0,0.0,0.0,0.0,0.0,0.0,0.0,0.0,0.0,0.0,0.0,0.0,0.0,0.0,0.0,0.0,0.0,0.0,0.0,0.0,0.0,0.0,0.0,0.0,0.0,0.0,0.0,0.0,0.0,0.0,0.0,0.0,0.0,0.0,0.0,0.0,0.0,0.0,0.0,0.0,0.0,0.0,0.0,0.0,0.0,0.0,0.0,0.0,0.0,0.0,0.0,0.0
3.00,,0.00057735026919,0.0,0.00057735026919,0.0,0.00057735026919,0.0,0.0,0.00057735026919,0.0,0.0,0.00152752523165,0.00057735026919,0.0,0.0,0.0,0.00251661147842,0.0,0.0,0.0,0.0,0.0,0.0,0.0,0.0,0.0,0.0,0.0,0.0,0.0,0.0,0.0,0.0,0.0,0.0,0.0,0.0,0.0,0.0,0.0,0.0,0.0,0.0,0.0,0.0,0.0,0.0,0.0,0.0,0.0,0.0,0.0,0.0,0.0,0.0,0.0,0.0,0.0,0.0,0.0,0.0,0.0,0.0,0.0,0.0,0.0,0.0,0.0,0.0,0.0,0.0,0.0,0.0,0.0,0.0,0.0,0.0,0.0,0.0,0.0,0.0
4.00,,0.00435889894354,0.0,0.0,0.0,0.000707106781187,0.0,0.0,0.0004472135955,0.0,0.0,0.00336154726279,0.000707106781187,0.0,0.0,0.0,0.00370135110466,0.0,0.0,0.0,0.0,0.0,0.0,0.0,0.0,0.0,0.0,0.0,0.0,0.0,0.0,0.0,0.0,0.0,0.0,0.0,0.0,0.0,0.0,0.0,0.0,0.0,0.0,0.0,0.0,0.0,0.0,0.0,0.0,0.0,0.0,0.0,0.0,0.0,0.0,0.0,0.0,0.0,0.0,0.0,0.0,0.0,0.0,0.0,0.0,0.0,0.0,0.0,0.0,0.0,0.0,0.0,0.0,0.0,0.0,0.0,0.0,0.0,0.0,0.0,0.0
5.00,,0.00206155281281,0.0,0.0,0.0005,0.001,0.0,0.0,0.0005,0.0,0.0,0.000957427107756,0.00057735026919,0.0,0.0,0.0,0.00309569593683,0.0,0.0,0.0,0.0,0.0,0.0,0.0,0.0,0.0,0.0,0.0,0.0,0.0,0.0,0.0,0.0,0.0,0.0,0.0,0.0,0.0,0.0,0.0,0.0,0.0,0.0,0.0,0.0,0.0,0.0,0.0,0.0,0.0,0.0,0.0,0.0,0.0,0.0,0.0,0.0,0.0,0.0,0.0,0.0,0.0,0.0,0.0,0.0,0.0,0.0,0.0,0.0,0.0,0.0,0.0,0.0,0.0,0.0,0.0,0.0,0.0,0.0,0.0,0.0
6.00,,0.0107377837564,0.0,0.0,0.0004472135955,0.000894427191,0.0,0.0,0.0004472135955,0.0,0.0,0.00576194411636,0.001,0.0004472135955,0.0,0.0,0.0043931765273,0.0,0.0,0.0,0.0,0.0,0.0,0.0,0.0,0.0,0.0,0.0,0.0,0.0,0.0,0.0,0.0,0.0,0.0,0.0,0.0,0.0,0.0,0.0,0.0,0.0,0.0,0.0,0.0,0.0,0.0,0.0,0.0,0.0,0.0,0.0,0.0,0.0,0.0,0.0,0.0,0.0,0.0,0.0,0.0,0.0,0.0,0.0,0.0,0.0,0.0,0.0,0.0,0.0,0.0,0.0,0.0,0.0,0.0,0.0,0.0,0.0,0.0,0.0,0.0
7.00,,0.00363318042492,0.0,0.0,0.0004472135955,0.00109544511501,0.0,0.0,0.000707106781187,0.0,0.0,0.00320936130718,0.000836660026534,0.0,0.0,0.0,0.00374165738677,0.0,0.0,0.0,0.0,0.0,0.0,0.0,0.0,0.0,0.0,0.0,0.0,0.0,0.0,0.0,0.0,0.0,0.0,0.0,0.0,0.0,0.0,0.0,0.0,0.0,0.0,0.0,0.0,0.0,0.0,0.0,0.0,0.0,0.0,0.0,0.0,0.0,0.0,0.0,0.0,0.0,0.0,0.0,0.0,0.0,0.0,0.0,0.0,0.0,0.0,0.0,0.0,0.0,0.0,0.0,0.0,0.0,0.0,0.0,0.0,0.0,0.0,0.0,0.0
8.00,,0.00644020112079,0.0,0.000377964473009,0.000377964473009,0.000690065559342,0.0,0.0,0.000377964473009,0.0,0.0,0.00303942350423,0.000487950036474,0.000377964473009,0.0,0.0,0.00309377254682,0.0,0.0,0.0,0.0,0.0,0.0,0.0,0.0,0.0,0.0,0.0,0.0,0.0,0.0,0.0,0.0,0.0,0.0,0.0,0.0,0.0,0.0,0.0,0.0,0.0,0.0,0.0,0.0,0.0,0.0,0.0,0.0,0.0,0.0,0.0,0.0,0.0,0.0,0.0,0.0,0.0,0.0,0.0,0.0,0.0,0.0,0.0,0.0,0.0,0.0,0.0,0.0,0.0,0.0,0.0,0.0,0.0,0.0,0.0,0.0,0.0,0.0,0.0,0.0
9.00,,0.0057183913822,0.0,0.0,0.0004472135955,0.00122474487139,0.0,0.0,0.000836660026534,0.0,0.0,0.00230217288664,0.00151657508881,0.0,0.0,0.0,0.00380788655293,0.0,0.0,0.0,0.0,0.0,0.0,0.0,0.0,0.0,0.0,0.0,0.0,0.0,0.0,0.0,0.0,0.0,0.0,0.0,0.0,0.0,0.0,0.0,0.0,0.0,0.0,0.0,0.0,0.0,0.0,0.0,0.0,0.0,0.0,0.0,0.0,0.0,0.0,0.0,0.0,0.0,0.0,0.0,0.0,0.0,0.0,0.0,0.0,0.0,0.0,0.0,0.0,0.0,0.0,0.0,0.0,0.0,0.0,0.0,0.0,0.0,0.0,0.0,0.0
10.00,,0.00665331997327,0.0,0.0,0.0,0.000816496580928,0.0,0.0,0.000516397779494,0.0,0.0,0.00488876262463,0.000547722557505,0.0,0.0,0.0,0.00334664010614,0.0,0.0,0.0,0.0,0.000408248290464,0.0,0.0,0.0,0.0,0.0,0.0,0.0,0.0,0.0,0.0,0.0,0.0,0.0,0.0,0.0,0.0,0.0,0.0,0.0,0.0,0.0,0.0,0.0,0.0,0.0,0.0,0.0,0.0,0.0,0.0,0.0,0.0,0.0,0.0,0.0,0.0,0.0,0.0,0.0,0.0,0.0,0.0,0.0,0.0,0.0,0.0,0.0,0.0,0.0,0.0,0.0,0.0,0.0,0.0,0.0,0.0,0.0,0.0,0.0
11.00,,0.0110529030877,0.0,0.0,0.000408248290464,0.000836660026534,0.0,0.0,0.000516397779494,0.0,0.0,0.00371034589583,0.00136626010213,0.0,0.0,0.0,0.00398748040748,0.0,0.0,0.0,0.0,0.00450555213043,0.0,0.0,0.0,0.0,0.0,0.0,0.0,0.0,0.0,0.0,0.0,0.000408248290464,0.0,0.000632455532034,0.0,0.0,0.0,0.0,0.0,0.000752772652709,0.0,0.0,0.0,0.0,0.0,0.0,0.0,0.0,0.0,0.0,0.0,0.0,0.0,0.0,0.0,0.0,0.0,0.0,0.0,0.000632455532034,0.0,0.0,0.0,0.0,0.0,0.0,0.0,0.0,0.0,0.0,0.0,0.0,0.0,0.0,0.0,0.0,0.0,0.0,0.0
12.00,,0.0055497747702,0.0,0.0,0.0,0.000547722557505,0.0,0.0,0.0,0.0,0.0,0.000894427191,0.0004472135955,0.0,0.0,0.0,0.0011401754251,0.0,0.0,0.0,0.0,0.00496990945592,0.0004472135955,0.0,0.0,0.0,0.0,0.0,0.0,0.0004472135955,0.0,0.0,0.0,0.0,0.0,0.0013416407865,0.0,0.0,0.0,0.0,0.0,0.000547722557505,0.0,0.0004472135955,0.0004472135955,0.0,0.0,0.0,0.0,0.0,0.0,0.0,0.0,0.0,0.0,0.0,0.0,0.0,0.0,0.0,0.0,0.00151657508881,0.0,0.0,0.0,0.0,0.0,0.0,0.0,0.0,0.0,0.0,0.0,0.0,0.0,0.0,0.0,0.0,0.0,0.0,0.0
13.00,,0.00897836906744,0.0,0.0,0.0,0.000527046276695,0.0,0.0,0.0,0.0,0.0,0.000527046276695,0.0,0.0,0.0,0.0,0.00153659074288,0.0,0.0,0.0,0.0,0.00760116950066,0.0,0.0,0.0,0.0,0.0,0.0,0.0,0.0,0.0,0.0,0.0,0.000666666666667,0.0,0.0018104634152,0.0,0.0,0.0,0.0,0.0,0.00217944947177,0.0,0.0,0.000333333333333,0.0,0.0,0.0,0.0,0.0,0.0,0.000333333333333,0.0,0.0,0.0,0.0,0.0,0.0,0.0,0.0,0.0,0.00141421356237,0.0,0.0,0.0,0.0,0.0,0.0,0.0,0.0,0.000333333333333,0.0,0.0,0.000333333333333,0.0,0.0,0.0,0.0,0.0,0.0,0.0
14.00,,0.00160208197876,0.0,0.0,0.0,0.0,0.0,0.0,0.0,0.0,0.0,0.000408248290464,0.0,0.0,0.0,0.0,0.0,0.0,0.0,0.0,0.0,0.00374165738677,0.000547722557505,0.0,0.0,0.0,0.0,0.0,0.0,0.000408248290464,0.0,0.0,0.0,0.000816496580928,0.0,0.0023380903889,0.0,0.0,0.0,0.0,0.0,0.00163299316186,0.0,0.000516397779494,0.000752772652709,0.0,0.0,0.0,0.0,0.0,0.0,0.0,0.000408248290464,0.0,0.0,0.0,0.0,0.0,0.0,0.0,0.0,0.00355902608401,0.0,0.000632455532034,0.0,0.0,0.0,0.0,0.0,0.000408248290464,0.000408248290464,0.0,0.0,0.000547722557505,0.0,0.0,0.0,0.0,0.0,0.0,0.0
