 ph              0.0   1.0   2.0   3.0   4.0   5.0   6.0   7.0   8.0   9.0  10.0  11.0  12.0  13.0  14.0
GLU01A0095_001 0.002 0.002 0.002 0.002 0.000 0.000 0.000 0.000 0.000 0.000 0.000 0.000 0.000 0.000 0.000
GLU01A0095_002 0.035 0.035 0.034 0.031 0.015 0.002 0.000 0.000 0.000 0.000 0.000 0.000 0.000 0.000 0.000
GLU01A0095_003 0.034 0.035 0.034 0.030 0.015 0.003 0.000 0.000 0.000 0.000 0.000 0.000 0.000 0.000 0.000
GLU01A0095_004 0.508 0.510 0.502 0.451 0.220 0.036 0.007 0.000 0.000 0.000 0.000 0.000 0.000 0.000 0.000
GLU02A0095_005 0.002 0.002 0.002 0.002 0.000 0.000 0.000 0.000 0.000 0.000 0.000 0.000 0.000 0.000 0.000
GLU02A0095_006 0.126 0.125 0.123 0.110 0.054 0.009 0.000 0.000 0.000 0.000 0.000 0.000 0.000 0.000 0.000
GLU02A0095_007 0.009 0.009 0.009 0.008 0.004 0.000 0.000 0.000 0.000 0.000 0.000 0.000 0.000 0.000 0.000
GLU02A0095_008 0.033 0.033 0.033 0.029 0.014 0.002 0.000 0.000 0.000 0.000 0.000 0.000 0.000 0.000 0.000
GLU02A0095_009 0.250 0.248 0.245 0.220 0.107 0.018 0.004 0.000 0.000 0.000 0.000 0.000 0.000 0.000 0.000
GLU-1A0095_010 0.000 0.000 0.000 0.007 0.033 0.053 0.056 0.060 0.061 0.058 0.056 0.058 0.057 0.053 0.058
GLU-1A0095_011 0.000 0.002 0.016 0.112 0.539 0.876 0.932 0.940 0.939 0.942 0.944 0.942 0.943 0.947 0.942
