 ph              0.0   1.0   2.0   3.0   4.0   5.0   6.0   7.0   8.0   9.0  10.0  11.0  12.0  13.0  14.0
HIS01A0172_001 0.000 0.000 0.000 0.000 0.000 0.000 0.004 0.026 0.059 0.066 0.068 0.068 0.068 0.069 0.068
HIS01A0172_002 0.000 0.000 0.000 0.000 0.000 0.000 0.000 0.000 0.000 0.000 0.000 0.000 0.000 0.000 0.000
HIS01A0172_003 0.000 0.000 0.000 0.000 0.000 0.000 0.000 0.000 0.000 0.000 0.000 0.000 0.000 0.000 0.000
HIS01A0172_004 0.000 0.000 0.000 0.000 0.000 0.000 0.000 0.000 0.002 0.002 0.002 0.002 0.002 0.002 0.002
HIS01A0172_005 0.000 0.000 0.000 0.000 0.000 0.000 0.000 0.000 0.002 0.002 0.002 0.002 0.002 0.002 0.002
HIS01A0172_006 0.000 0.000 0.000 0.000 0.000 0.000 0.000 0.000 0.000 0.000 0.000 0.000 0.000 0.000 0.000
HIS01A0172_007 0.000 0.000 0.000 0.000 0.000 0.000 0.000 0.000 0.000 0.000 0.000 0.000 0.000 0.000 0.000
HIS01A0172_008 0.000 0.000 0.000 0.000 0.000 0.000 0.000 0.000 0.000 0.000 0.000 0.000 0.000 0.000 0.000
HIS01A0172_009 0.000 0.000 0.000 0.000 0.000 0.000 0.000 0.000 0.000 0.000 0.000 0.000 0.000 0.000 0.000
HIS01A0172_010 0.000 0.000 0.000 0.000 0.000 0.000 0.000 0.000 0.000 0.000 0.000 0.000 0.000 0.000 0.000
HIS01A0172_011 0.000 0.000 0.000 0.000 0.000 0.000 0.000 0.004 0.008 0.010 0.010 0.010 0.010 0.010 0.010
HIS01A0172_012 0.000 0.000 0.000 0.000 0.000 0.000 0.000 0.000 0.000 0.000 0.000 0.000 0.000 0.000 0.000
HIS01A0172_013 0.000 0.000 0.000 0.000 0.000 0.000 0.003 0.018 0.041 0.047 0.048 0.047 0.047 0.048 0.048
HIS01A0172_014 0.000 0.000 0.000 0.000 0.000 0.000 0.003 0.019 0.045 0.052 0.053 0.054 0.053 0.053 0.053
HIS01A0172_015 0.000 0.000 0.000 0.000 0.000 0.000 0.004 0.024 0.054 0.063 0.064 0.065 0.064 0.064 0.065
HIS01A0172_016 0.000 0.000 0.000 0.000 0.000 0.000 0.000 0.000 0.000 0.000 0.000 0.000 0.000 0.000 0.000
HIS01A0172_017 0.000 0.000 0.000 0.000 0.000 0.000 0.000 0.000 0.000 0.001 0.001 0.001 0.001 0.001 0.001
HIS01A0172_018 0.000 0.000 0.000 0.000 0.000 0.000 0.000 0.000 0.000 0.000 0.000 0.000 0.000 0.000 0.000
HIS01A0172_019 0.000 0.000 0.000 0.000 0.000 0.000 0.008 0.051 0.118 0.135 0.138 0.136 0.137 0.136 0.136
HIS02A0172_020 0.000 0.000 0.000 0.000 0.000 0.000 0.006 0.039 0.091 0.105 0.107 0.108 0.108 0.107 0.107
HIS02A0172_021 0.000 0.000 0.000 0.000 0.000 0.000 0.000 0.000 0.000 0.000 0.000 0.000 0.000 0.000 0.000
HIS02A0172_022 0.000 0.000 0.000 0.000 0.000 0.000 0.003 0.016 0.037 0.043 0.043 0.044 0.043 0.044 0.044
HIS02A0172_023 0.000 0.000 0.000 0.000 0.000 0.000 0.005 0.032 0.071 0.084 0.085 0.084 0.085 0.085 0.084
HIS02A0172_024 0.000 0.000 0.000 0.000 0.000 0.000 0.000 0.000 0.002 0.002 0.002 0.002 0.002 0.003 0.002
HIS02A0172_025 0.000 0.000 0.000 0.000 0.000 0.000 0.000 0.000 0.000 0.000 0.000 0.000 0.000 0.000 0.000
HIS02A0172_026 0.000 0.000 0.000 0.000 0.000 0.011 0.012 0.076 0.173 0.199 0.205 0.207 0.207 0.206 0.206
HIS02A0172_027 0.000 0.000 0.000 0.000 0.000 0.000 0.000 0.000 0.003 0.003 0.003 0.003 0.003 0.003 0.003
HIS02A0172_028 0.000 0.000 0.000 0.000 0.000 0.000 0.000 0.000 0.000 0.000 0.000 0.000 0.000 0.000 0.000
HIS02A0172_029 0.000 0.000 0.000 0.000 0.000 0.000 0.000 0.000 0.000 0.000 0.000 0.000 0.000 0.000 0.000
HIS02A0172_030 0.000 0.000 0.000 0.000 0.000 0.000 0.000 0.000 0.000 0.000 0.000 0.000 0.000 0.000 0.000
HIS02A0172_031 0.000 0.000 0.000 0.000 0.000 0.000 0.002 0.013 0.029 0.034 0.034 0.034 0.035 0.034 0.034
HIS02A0172_032 0.000 0.000 0.000 0.000 0.000 0.000 0.005 0.033 0.076 0.088 0.090 0.089 0.090 0.090 0.091
HIS02A0172_033 0.000 0.000 0.000 0.000 0.000 0.000 0.000 0.000 0.000 0.000 0.000 0.000 0.000 0.000 0.000
HIS02A0172_034 0.000 0.000 0.000 0.000 0.000 0.000 0.000 0.000 0.000 0.000 0.000 0.000 0.000 0.000 0.000
HIS02A0172_035 0.000 0.000 0.000 0.000 0.000 0.000 0.000 0.000 0.000 0.000 0.000 0.000 0.000 0.000 0.000
HIS02A0172_036 0.000 0.000 0.000 0.000 0.000 0.000 0.000 0.000 0.000 0.000 0.000 0.000 0.000 0.000 0.000
HIS02A0172_037 0.000 0.000 0.000 0.000 0.000 0.000 0.003 0.016 0.037 0.042 0.043 0.044 0.043 0.044 0.043
HIS02A0172_038 0.000 0.000 0.000 0.000 0.000 0.000 0.000 0.000 0.000 0.000 0.000 0.000 0.000 0.000 0.000
HIS02A0172_039 0.000 0.000 0.000 0.000 0.000 0.000 0.000 0.000 0.000 0.000 0.000 0.000 0.000 0.000 0.000
HIS+1A0172_040 0.174 0.174 0.172 0.173 0.174 0.172 0.164 0.110 0.027 0.005 0.000 0.000 0.000 0.000 0.000
HIS+1A0172_041 0.000 0.000 0.000 0.000 0.000 0.000 0.000 0.000 0.000 0.000 0.000 0.000 0.000 0.000 0.000
HIS+1A0172_042 0.191 0.188 0.190 0.191 0.189 0.188 0.181 0.121 0.029 0.005 0.000 0.000 0.000 0.000 0.000
HIS+1A0172_043 0.200 0.201 0.201 0.201 0.200 0.201 0.189 0.127 0.032 0.005 0.000 0.000 0.000 0.000 0.000
HIS+1A0172_044 0.000 0.000 0.000 0.000 0.000 0.000 0.000 0.000 0.000 0.000 0.000 0.000 0.000 0.000 0.000
HIS+1A0172_045 0.000 0.000 0.000 0.000 0.000 0.000 0.000 0.000 0.000 0.000 0.000 0.000 0.000 0.000 0.000
HIS+1A0172_046 0.000 0.000 0.000 0.000 0.000 0.000 0.000 0.000 0.000 0.000 0.000 0.000 0.000 0.000 0.000
HIS+1A0172_047 0.011 0.011 0.011 0.011 0.011 0.011 0.011 0.007 0.002 0.000 0.000 0.000 0.000 0.000 0.000
HIS+1A0172_048 0.004 0.004 0.004 0.004 0.004 0.004 0.004 0.002 0.000 0.000 0.000 0.000 0.000 0.000 0.000
HIS+1A0172_049 0.000 0.000 0.000 0.000 0.000 0.000 0.000 0.000 0.000 0.000 0.000 0.000 0.000 0.000 0.000
HIS+1A0172_050 0.000 0.000 0.000 0.000 0.000 0.000 0.000 0.000 0.000 0.000 0.000 0.000 0.000 0.000 0.000
HIS+1A0172_051 0.000 0.000 0.000 0.000 0.000 0.000 0.000 0.000 0.000 0.000 0.000 0.000 0.000 0.000 0.000
HIS+1A0172_052 0.040 0.040 0.040 0.040 0.040 0.039 0.038 0.026 0.006 0.000 0.000 0.000 0.000 0.000 0.000
HIS+1A0172_053 0.061 0.061 0.061 0.061 0.061 0.061 0.057 0.039 0.009 0.000 0.000 0.000 0.000 0.000 0.000
HIS+1A0172_054 0.000 0.000 0.000 0.000 0.000 0.000 0.000 0.000 0.000 0.000 0.000 0.000 0.000 0.000 0.000
HIS+1A0172_055 0.000 0.000 0.000 0.000 0.000 0.000 0.000 0.000 0.000 0.000 0.000 0.000 0.000 0.000 0.000
HIS+1A0172_056 0.266 0.266 0.267 0.264 0.267 0.259 0.249 0.167 0.040 0.007 0.000 0.000 0.000 0.000 0.000
HIS+1A0172_057 0.053 0.054 0.054 0.054 0.054 0.053 0.051 0.034 0.008 0.000 0.000 0.000 0.000 0.000 0.000
HIS+1A0172_058 0.000 0.000 0.000 0.000 0.000 0.000 0.000 0.000 0.000 0.000 0.000 0.000 0.000 0.000 0.000
HIS+1A0172_059 0.000 0.000 0.000 0.000 0.000 0.000 0.000 0.000 0.000 0.000 0.000 0.000 0.000 0.000 0.000
