 ph              0.0   1.0   2.0   3.0   4.0   5.0   6.0   7.0   8.0   9.0  10.0  11.0  12.0  13.0  14.0
ASP01A0076_001 0.011 0.011 0.011 0.010 0.005 0.000 0.000 0.000 0.000 0.000 0.000 0.000 0.000 0.000 0.000
ASP01A0076_002 0.013 0.012 0.013 0.012 0.006 0.001 0.000 0.000 0.000 0.000 0.000 0.000 0.000 0.000 0.000
ASP01A0076_003 0.003 0.003 0.003 0.002 0.001 0.000 0.000 0.000 0.000 0.000 0.000 0.000 0.000 0.000 0.000
ASP01A0076_004 0.235 0.235 0.235 0.214 0.116 0.023 0.003 0.000 0.000 0.000 0.000 0.000 0.000 0.000 0.000
ASP01A0076_005 0.006 0.006 0.006 0.005 0.003 0.000 0.000 0.000 0.000 0.000 0.000 0.000 0.000 0.000 0.000
ASP01A0076_006 0.248 0.247 0.243 0.224 0.122 0.024 0.003 0.000 0.000 0.000 0.000 0.000 0.000 0.000 0.000
ASP01A0076_007 0.086 0.085 0.085 0.077 0.042 0.008 0.001 0.000 0.000 0.000 0.000 0.000 0.000 0.000 0.000
ASP02A0076_008 0.002 0.002 0.002 0.002 0.000 0.000 0.000 0.000 0.000 0.000 0.000 0.000 0.000 0.000 0.000
ASP02A0076_009 0.000 0.000 0.000 0.000 0.000 0.000 0.000 0.000 0.000 0.000 0.000 0.000 0.000 0.000 0.000
ASP02A0076_010 0.092 0.094 0.092 0.085 0.046 0.009 0.001 0.000 0.000 0.000 0.000 0.000 0.000 0.000 0.000
ASP02A0076_011 0.013 0.013 0.013 0.012 0.006 0.001 0.000 0.000 0.000 0.000 0.000 0.000 0.000 0.000 0.000
ASP02A0076_012 0.002 0.002 0.002 0.002 0.001 0.000 0.000 0.000 0.000 0.000 0.000 0.000 0.000 0.000 0.000
ASP02A0076_013 0.238 0.237 0.234 0.216 0.117 0.023 0.003 0.000 0.000 0.000 0.000 0.000 0.000 0.000 0.000
ASP02A0076_014 0.052 0.052 0.051 0.047 0.026 0.005 0.000 0.000 0.000 0.000 0.000 0.000 0.000 0.000 0.000
ASP-1A0076_015 0.000 0.000 0.007 0.057 0.311 0.554 0.601 0.609 0.613 0.610 0.613 0.615 0.615 0.612 0.614
ASP-1A0076_016 0.000 0.000 0.004 0.030 0.164 0.293 0.323 0.328 0.323 0.326 0.324 0.322 0.322 0.325 0.323
ASP-1A0076_017 0.000 0.000 0.000 0.006 0.032 0.058 0.064 0.063 0.064 0.063 0.063 0.063 0.064 0.063 0.063
