 ph              0.0   1.0   2.0   3.0   4.0   5.0   6.0   7.0   8.0   9.0  10.0  11.0  12.0  13.0  14.0
GLU01A0135_001 0.002 0.002 0.002 0.001 0.001 0.000 0.000 0.000 0.000 0.000 0.000 0.000 0.000 0.000 0.000
GLU01A0135_002 0.000 0.000 0.000 0.000 0.000 0.000 0.000 0.000 0.000 0.000 0.000 0.000 0.000 0.000 0.000
GLU01A0135_003 0.000 0.000 0.000 0.000 0.000 0.000 0.000 0.000 0.000 0.000 0.000 0.000 0.000 0.000 0.000
GLU01A0135_004 0.040 0.041 0.039 0.039 0.029 0.009 0.000 0.000 0.000 0.000 0.000 0.000 0.000 0.000 0.000
GLU01A0135_005 0.015 0.016 0.015 0.015 0.011 0.004 0.000 0.000 0.000 0.000 0.000 0.000 0.000 0.000 0.000
GLU01A0135_006 0.291 0.291 0.291 0.281 0.209 0.067 0.023 0.000 0.000 0.000 0.000 0.000 0.000 0.000 0.000
GLU01A0135_007 0.016 0.016 0.016 0.015 0.012 0.004 0.000 0.000 0.000 0.000 0.000 0.000 0.000 0.000 0.000
GLU01A0135_008 0.002 0.002 0.002 0.002 0.001 0.000 0.000 0.000 0.000 0.000 0.000 0.000 0.000 0.000 0.000
GLU01A0135_009 0.000 0.000 0.000 0.000 0.000 0.000 0.000 0.000 0.000 0.000 0.000 0.000 0.000 0.000 0.000
GLU01A0135_010 0.018 0.018 0.018 0.018 0.013 0.004 0.000 0.000 0.000 0.000 0.000 0.000 0.000 0.000 0.000
GLU01A0135_011 0.004 0.004 0.004 0.004 0.003 0.000 0.000 0.000 0.000 0.000 0.000 0.000 0.000 0.000 0.000
GLU01A0135_012 0.001 0.001 0.001 0.001 0.000 0.000 0.000 0.000 0.000 0.000 0.000 0.000 0.000 0.000 0.000
GLU01A0135_013 0.000 0.000 0.000 0.000 0.000 0.000 0.000 0.000 0.000 0.000 0.000 0.000 0.000 0.000 0.000
GLU01A0135_014 0.000 0.000 0.000 0.000 0.000 0.000 0.000 0.000 0.000 0.000 0.000 0.000 0.000 0.000 0.000
GLU01A0135_015 0.020 0.020 0.020 0.020 0.015 0.005 0.000 0.000 0.000 0.000 0.000 0.000 0.000 0.000 0.000
GLU01A0135_016 0.000 0.000 0.000 0.000 0.000 0.000 0.000 0.000 0.000 0.000 0.000 0.000 0.000 0.000 0.000
GLU01A0135_017 0.000 0.000 0.000 0.000 0.000 0.000 0.000 0.000 0.000 0.000 0.000 0.000 0.000 0.000 0.000
GLU01A0135_018 0.000 0.000 0.000 0.000 0.000 0.000 0.000 0.000 0.000 0.000 0.000 0.000 0.000 0.000 0.000
GLU01A0135_019 0.002 0.002 0.002 0.002 0.001 0.000 0.000 0.000 0.000 0.000 0.000 0.000 0.000 0.000 0.000
GLU01A0135_020 0.023 0.024 0.023 0.022 0.017 0.005 0.000 0.000 0.000 0.000 0.000 0.000 0.000 0.000 0.000
GLU01A0135_021 0.043 0.042 0.042 0.041 0.031 0.010 0.000 0.000 0.000 0.000 0.000 0.000 0.000 0.000 0.000
GLU01A0135_022 0.006 0.006 0.006 0.006 0.004 0.001 0.000 0.000 0.000 0.000 0.000 0.000 0.000 0.000 0.000
GLU01A0135_023 0.002 0.002 0.002 0.002 0.002 0.000 0.000 0.000 0.000 0.000 0.000 0.000 0.000 0.000 0.000
GLU02A0135_024 0.006 0.007 0.007 0.006 0.005 0.001 0.000 0.000 0.000 0.000 0.000 0.000 0.000 0.000 0.000
GLU02A0135_025 0.007 0.007 0.007 0.007 0.005 0.002 0.000 0.000 0.000 0.000 0.000 0.000 0.000 0.000 0.000
GLU02A0135_026 0.000 0.000 0.000 0.000 0.000 0.000 0.000 0.000 0.000 0.000 0.000 0.000 0.000 0.000 0.000
GLU02A0135_027 0.078 0.079 0.078 0.075 0.055 0.017 0.006 0.000 0.000 0.000 0.000 0.000 0.000 0.000 0.000
GLU02A0135_028 0.003 0.003 0.003 0.003 0.002 0.000 0.000 0.000 0.000 0.000 0.000 0.000 0.000 0.000 0.000
GLU02A0135_029 0.002 0.002 0.002 0.002 0.001 0.000 0.000 0.000 0.000 0.000 0.000 0.000 0.000 0.000 0.000
GLU02A0135_030 0.002 0.003 0.002 0.002 0.002 0.000 0.000 0.000 0.000 0.000 0.000 0.000 0.000 0.000 0.000
GLU02A0135_031 0.000 0.000 0.000 0.000 0.000 0.000 0.000 0.000 0.000 0.000 0.000 0.000 0.000 0.000 0.000
GLU02A0135_032 0.013 0.013 0.013 0.013 0.010 0.003 0.000 0.000 0.000 0.000 0.000 0.000 0.000 0.000 0.000
GLU02A0135_033 0.000 0.000 0.000 0.000 0.000 0.000 0.000 0.000 0.000 0.000 0.000 0.000 0.000 0.000 0.000
GLU02A0135_034 0.000 0.000 0.000 0.000 0.000 0.000 0.000 0.000 0.000 0.000 0.000 0.000 0.000 0.000 0.000
GLU02A0135_035 0.003 0.003 0.003 0.003 0.002 0.000 0.000 0.000 0.000 0.000 0.000 0.000 0.000 0.000 0.000
GLU02A0135_036 0.000 0.000 0.000 0.000 0.000 0.000 0.000 0.000 0.000 0.000 0.000 0.000 0.000 0.000 0.000
GLU02A0135_037 0.025 0.024 0.024 0.023 0.017 0.006 0.000 0.000 0.000 0.000 0.000 0.000 0.000 0.000 0.000
GLU02A0135_038 0.004 0.004 0.004 0.004 0.003 0.000 0.000 0.000 0.000 0.000 0.000 0.000 0.000 0.000 0.000
GLU02A0135_039 0.041 0.042 0.041 0.039 0.029 0.009 0.000 0.000 0.000 0.000 0.000 0.000 0.000 0.000 0.000
GLU02A0135_040 0.282 0.280 0.280 0.273 0.205 0.064 0.023 0.000 0.000 0.000 0.000 0.000 0.000 0.000 0.000
GLU02A0135_041 0.008 0.008 0.008 0.008 0.006 0.002 0.000 0.000 0.000 0.000 0.000 0.000 0.000 0.000 0.000
GLU02A0135_042 0.034 0.034 0.034 0.032 0.025 0.008 0.000 0.000 0.000 0.000 0.000 0.000 0.000 0.000 0.000
GLU02A0135_043 0.003 0.003 0.003 0.002 0.002 0.000 0.000 0.000 0.000 0.000 0.000 0.000 0.000 0.000 0.000
GLU02A0135_044 0.002 0.001 0.001 0.001 0.000 0.000 0.000 0.000 0.000 0.000 0.000 0.000 0.000 0.000 0.000
GLU-1A0135_045 0.000 0.000 0.007 0.013 0.089 0.247 0.306 0.324 0.322 0.320 0.321 0.321 0.321 0.320 0.323
GLU-1A0135_046 0.000 0.000 0.000 0.007 0.049 0.138 0.165 0.173 0.176 0.175 0.176 0.175 0.175 0.176 0.176
GLU-1A0135_047 0.000 0.000 0.000 0.009 0.067 0.184 0.223 0.235 0.235 0.237 0.236 0.237 0.235 0.237 0.234
GLU-1A0135_048 0.000 0.000 0.000 0.003 0.020 0.055 0.067 0.071 0.071 0.072 0.071 0.071 0.072 0.071 0.072
GLU-1A0135_049 0.000 0.000 0.000 0.003 0.021 0.060 0.070 0.074 0.075 0.076 0.075 0.075 0.075 0.075 0.075
GLU-1A0135_050 0.000 0.000 0.000 0.001 0.008 0.023 0.028 0.031 0.030 0.030 0.030 0.030 0.029 0.029 0.029
GLU-1A0135_051 0.000 0.000 0.000 0.003 0.022 0.061 0.075 0.078 0.078 0.078 0.079 0.079 0.079 0.078 0.078
GLU-1A0135_052 0.000 0.000 0.000 0.000 0.001 0.004 0.005 0.005 0.005 0.005 0.005 0.005 0.005 0.005 0.005
GLU-1A0135_053 0.000 0.000 0.000 0.000 0.002 0.006 0.007 0.008 0.008 0.008 0.008 0.008 0.008 0.008 0.008
