 ph              0.0   1.0   2.0   3.0   4.0   5.0   6.0   7.0   8.0   9.0  10.0  11.0  12.0  13.0  14.0
TYR01A0075_001 0.106 0.105 0.105 0.106 0.105 0.106 0.106 0.105 0.100 0.080 0.027 0.004 0.000 0.000 0.000
TYR01A0075_002 0.000 0.000 0.000 0.000 0.000 0.000 0.000 0.000 0.000 0.000 0.000 0.000 0.000 0.000 0.000
TYR01A0075_003 0.000 0.000 0.000 0.000 0.000 0.000 0.000 0.000 0.000 0.000 0.000 0.000 0.000 0.000 0.000
TYR01A0075_004 0.000 0.000 0.000 0.000 0.000 0.000 0.000 0.000 0.000 0.000 0.000 0.000 0.000 0.000 0.000
TYR01A0075_005 0.000 0.000 0.000 0.000 0.000 0.000 0.000 0.000 0.000 0.000 0.000 0.000 0.000 0.000 0.000
TYR01A0075_006 0.000 0.000 0.000 0.000 0.000 0.000 0.000 0.000 0.000 0.000 0.000 0.000 0.000 0.000 0.000
TYR01A0075_007 0.141 0.143 0.141 0.142 0.143 0.144 0.142 0.141 0.136 0.108 0.036 0.005 0.000 0.000 0.000
TYR01A0075_008 0.458 0.455 0.456 0.456 0.458 0.456 0.456 0.454 0.444 0.351 0.116 0.017 0.007 0.000 0.000
TYR01A0075_009 0.000 0.000 0.000 0.000 0.000 0.000 0.000 0.000 0.000 0.000 0.000 0.000 0.000 0.000 0.000
TYR01A0075_010 0.000 0.000 0.000 0.000 0.000 0.000 0.000 0.000 0.000 0.000 0.000 0.000 0.000 0.000 0.000
TYR01A0075_011 0.000 0.000 0.000 0.000 0.000 0.000 0.000 0.001 0.000 0.000 0.000 0.000 0.000 0.000 0.000
TYR01A0075_012 0.162 0.165 0.164 0.163 0.163 0.162 0.162 0.162 0.157 0.126 0.041 0.006 0.000 0.000 0.000
TYR01A0075_013 0.014 0.014 0.014 0.015 0.014 0.015 0.015 0.014 0.014 0.011 0.004 0.000 0.000 0.000 0.000
TYR01A0075_014 0.008 0.008 0.008 0.008 0.008 0.008 0.008 0.008 0.007 0.006 0.002 0.000 0.000 0.000 0.000
TYR01A0075_015 0.000 0.000 0.000 0.000 0.000 0.000 0.000 0.000 0.000 0.000 0.000 0.000 0.000 0.000 0.000
TYR01A0075_016 0.051 0.051 0.052 0.052 0.051 0.051 0.052 0.051 0.050 0.039 0.013 0.002 0.000 0.000 0.000
TYR01A0075_017 0.004 0.004 0.004 0.004 0.004 0.004 0.004 0.004 0.004 0.003 0.000 0.000 0.000 0.000 0.000
TYR01A0075_018 0.019 0.019 0.019 0.019 0.019 0.019 0.019 0.019 0.018 0.015 0.005 0.000 0.000 0.000 0.000
TYR01A0075_019 0.036 0.036 0.036 0.035 0.035 0.035 0.035 0.034 0.034 0.027 0.009 0.001 0.000 0.000 0.000
TYR01A0075_020 0.000 0.000 0.000 0.000 0.000 0.000 0.000 0.000 0.000 0.000 0.000 0.000 0.000 0.000 0.000
TYR-1A0075_021 0.000 0.000 0.000 0.000 0.000 0.000 0.000 0.000 0.005 0.030 0.096 0.124 0.127 0.130 0.130
TYR-1A0075_022 0.000 0.000 0.000 0.000 0.000 0.000 0.000 0.000 0.000 0.006 0.019 0.025 0.025 0.025 0.026
TYR-1A0075_023 0.000 0.000 0.000 0.000 0.000 0.000 0.000 0.000 0.000 0.008 0.024 0.031 0.032 0.032 0.032
TYR-1A0075_024 0.000 0.000 0.000 0.000 0.000 0.000 0.000 0.000 0.006 0.035 0.114 0.147 0.150 0.152 0.152
TYR-1A0075_025 0.000 0.000 0.000 0.000 0.000 0.000 0.000 0.000 0.000 0.003 0.009 0.012 0.012 0.012 0.012
TYR-1A0075_026 0.000 0.000 0.000 0.000 0.000 0.000 0.000 0.000 0.000 0.000 0.000 0.000 0.000 0.000 0.000
TYR-1A0075_027 0.000 0.000 0.000 0.000 0.000 0.000 0.000 0.000 0.000 0.000 0.000 0.000 0.000 0.000 0.000
TYR-1A0075_028 0.000 0.000 0.000 0.000 0.000 0.000 0.000 0.000 0.000 0.000 0.000 0.000 0.000 0.000 0.000
TYR-1A0075_029 0.000 0.000 0.000 0.000 0.000 0.000 0.000 0.000 0.002 0.010 0.030 0.040 0.040 0.041 0.041
TYR-1A0075_030 0.000 0.000 0.000 0.000 0.000 0.000 0.000 0.000 0.000 0.000 0.000 0.000 0.000 0.000 0.000
TYR-1A0075_031 0.000 0.000 0.000 0.000 0.000 0.000 0.000 0.005 0.014 0.090 0.280 0.362 0.373 0.375 0.376
TYR-1A0075_032 0.000 0.000 0.000 0.000 0.000 0.000 0.000 0.000 0.000 0.000 0.000 0.000 0.000 0.000 0.000
TYR-1A0075_033 0.000 0.000 0.000 0.000 0.000 0.000 0.000 0.000 0.000 0.002 0.005 0.007 0.007 0.007 0.007
TYR-1A0075_034 0.000 0.000 0.000 0.000 0.000 0.000 0.000 0.000 0.000 0.000 0.000 0.000 0.000 0.000 0.000
TYR-1A0075_035 0.000 0.000 0.000 0.000 0.000 0.000 0.000 0.000 0.000 0.000 0.000 0.000 0.000 0.000 0.000
TYR-1A0075_036 0.000 0.000 0.000 0.000 0.000 0.000 0.000 0.000 0.000 0.000 0.000 0.001 0.001 0.001 0.001
TYR-1A0075_037 0.000 0.000 0.000 0.000 0.000 0.000 0.000 0.000 0.000 0.000 0.002 0.003 0.003 0.003 0.003
TYR-1A0075_038 0.000 0.000 0.000 0.000 0.000 0.000 0.000 0.000 0.000 0.000 0.000 0.000 0.000 0.000 0.000
TYR-1A0075_039 0.000 0.000 0.000 0.000 0.000 0.000 0.000 0.000 0.008 0.051 0.166 0.213 0.222 0.221 0.220
TYR-1A0075_040 0.000 0.000 0.000 0.000 0.000 0.000 0.000 0.000 0.000 0.000 0.000 0.000 0.000 0.000 0.000
