 ph              0.0   1.0   2.0   3.0   4.0   5.0   6.0   7.0   8.0   9.0  10.0  11.0  12.0  13.0  14.0
LEU01A0043_001 0.593 0.595 0.594 0.591 0.591 0.591 0.593 0.589 0.593 0.591 0.593 0.593 0.593 0.590 0.593
LEU01A0043_002 0.001 0.001 0.001 0.001 0.001 0.000 0.000 0.001 0.001 0.001 0.001 0.001 0.001 0.001 0.001
LEU01A0043_003 0.034 0.034 0.033 0.034 0.034 0.035 0.034 0.034 0.034 0.033 0.034 0.033 0.033 0.034 0.034
LEU01A0043_004 0.000 0.000 0.000 0.000 0.000 0.000 0.000 0.000 0.000 0.000 0.000 0.000 0.000 0.000 0.000
LEU01A0043_005 0.000 0.000 0.000 0.000 0.000 0.000 0.000 0.000 0.000 0.000 0.000 0.000 0.000 0.000 0.000
LEU01A0043_006 0.000 0.000 0.000 0.000 0.000 0.000 0.000 0.000 0.000 0.000 0.000 0.000 0.000 0.000 0.000
LEU01A0043_007 0.063 0.062 0.061 0.063 0.062 0.063 0.062 0.063 0.062 0.062 0.062 0.062 0.062 0.061 0.062
LEU01A0043_008 0.307 0.307 0.308 0.308 0.309 0.309 0.309 0.311 0.307 0.311 0.308 0.308 0.309 0.311 0.308
LEU01A0043_009 0.002 0.002 0.002 0.002 0.002 0.002 0.002 0.002 0.002 0.002 0.002 0.002 0.002 0.002 0.002
