 ph              0.0   1.0   2.0   3.0   4.0   5.0   6.0   7.0   8.0   9.0  10.0  11.0  12.0  13.0  14.0
TYR01A0154_001 0.543 0.540 0.543 0.536 0.535 0.536 0.539 0.531 0.516 0.377 0.103 0.014 0.002 0.000 0.000
TYR01A0154_002 0.000 0.000 0.000 0.000 0.000 0.000 0.000 0.000 0.000 0.000 0.000 0.000 0.000 0.000 0.000
TYR01A0154_003 0.000 0.000 0.000 0.000 0.000 0.000 0.000 0.000 0.000 0.000 0.000 0.000 0.000 0.000 0.000
TYR01A0154_004 0.000 0.000 0.000 0.000 0.000 0.000 0.000 0.000 0.000 0.000 0.000 0.000 0.000 0.000 0.000
TYR01A0154_005 0.000 0.000 0.000 0.000 0.000 0.000 0.000 0.000 0.000 0.000 0.000 0.000 0.000 0.000 0.000
TYR01A0154_006 0.000 0.000 0.000 0.000 0.000 0.000 0.000 0.000 0.000 0.000 0.000 0.000 0.000 0.000 0.000
TYR01A0154_007 0.012 0.013 0.013 0.012 0.013 0.012 0.013 0.013 0.012 0.009 0.002 0.000 0.000 0.000 0.000
TYR01A0154_008 0.442 0.445 0.442 0.449 0.450 0.450 0.446 0.449 0.427 0.312 0.086 0.011 0.000 0.000 0.000
TYR01A0154_009 0.002 0.002 0.002 0.002 0.002 0.002 0.002 0.002 0.002 0.001 0.000 0.000 0.000 0.000 0.000
TYR-1A0154_010 0.000 0.000 0.000 0.000 0.000 0.000 0.000 0.002 0.021 0.147 0.394 0.473 0.484 0.488 0.488
TYR-1A0154_011 0.000 0.000 0.000 0.000 0.000 0.000 0.000 0.000 0.000 0.000 0.000 0.000 0.000 0.000 0.000
TYR-1A0154_012 0.000 0.000 0.000 0.000 0.000 0.000 0.000 0.000 0.000 0.000 0.002 0.002 0.002 0.002 0.002
TYR-1A0154_013 0.000 0.000 0.000 0.000 0.000 0.000 0.000 0.000 0.000 0.000 0.000 0.000 0.000 0.001 0.000
TYR-1A0154_014 0.000 0.000 0.000 0.000 0.000 0.000 0.000 0.000 0.000 0.000 0.000 0.000 0.000 0.000 0.000
TYR-1A0154_015 0.000 0.000 0.000 0.000 0.000 0.000 0.000 0.000 0.000 0.000 0.000 0.000 0.000 0.000 0.000
TYR-1A0154_016 0.000 0.000 0.000 0.000 0.000 0.000 0.000 0.000 0.000 0.002 0.007 0.008 0.008 0.008 0.008
TYR-1A0154_017 0.000 0.000 0.000 0.000 0.000 0.000 0.000 0.002 0.022 0.152 0.406 0.492 0.503 0.501 0.502
TYR-1A0154_018 0.000 0.000 0.000 0.000 0.000 0.000 0.000 0.000 0.000 0.000 0.000 0.000 0.000 0.000 0.000
