 ph              0.0   1.0   2.0   3.0   4.0   5.0   6.0   7.0   8.0   9.0  10.0  11.0  12.0  13.0  14.0
GLN01A0070_001 0.212 0.210 0.211 0.211 0.211 0.209 0.211 0.212 0.211 0.211 0.210 0.211 0.211 0.211 0.211
GLN01A0070_002 0.006 0.006 0.006 0.006 0.006 0.006 0.006 0.006 0.006 0.006 0.006 0.006 0.006 0.006 0.006
GLN01A0070_003 0.002 0.002 0.002 0.002 0.002 0.002 0.002 0.002 0.002 0.002 0.002 0.002 0.002 0.002 0.002
GLN01A0070_004 0.038 0.038 0.039 0.038 0.038 0.038 0.039 0.039 0.037 0.038 0.038 0.039 0.038 0.038 0.038
GLN01A0070_005 0.000 0.000 0.000 0.000 0.000 0.000 0.000 0.000 0.000 0.000 0.000 0.001 0.000 0.000 0.000
GLN01A0070_006 0.000 0.000 0.000 0.000 0.000 0.000 0.000 0.000 0.000 0.000 0.000 0.000 0.000 0.000 0.000
GLN01A0070_007 0.002 0.002 0.002 0.002 0.002 0.002 0.002 0.002 0.002 0.002 0.002 0.002 0.002 0.002 0.001
GLN01A0070_008 0.000 0.000 0.000 0.000 0.000 0.000 0.000 0.000 0.000 0.000 0.000 0.000 0.000 0.000 0.000
GLN01A0070_009 0.004 0.004 0.004 0.004 0.004 0.004 0.004 0.004 0.004 0.004 0.004 0.004 0.004 0.004 0.004
GLN01A0070_010 0.255 0.254 0.256 0.254 0.256 0.256 0.253 0.255 0.254 0.255 0.254 0.253 0.255 0.256 0.255
GLN01A0070_011 0.003 0.003 0.003 0.003 0.003 0.003 0.003 0.003 0.003 0.003 0.003 0.003 0.003 0.003 0.003
GLN01A0070_012 0.015 0.015 0.014 0.015 0.015 0.015 0.015 0.015 0.015 0.015 0.015 0.015 0.015 0.015 0.015
GLN01A0070_013 0.164 0.164 0.163 0.164 0.165 0.164 0.165 0.164 0.165 0.163 0.166 0.164 0.164 0.164 0.165
GLN01A0070_014 0.085 0.086 0.086 0.086 0.085 0.086 0.086 0.086 0.085 0.086 0.085 0.085 0.086 0.084 0.086
GLN01A0070_015 0.125 0.125 0.124 0.125 0.125 0.125 0.125 0.124 0.125 0.125 0.126 0.126 0.125 0.125 0.124
GLN01A0070_016 0.061 0.062 0.062 0.062 0.061 0.062 0.062 0.061 0.061 0.062 0.062 0.061 0.062 0.062 0.062
GLN01A0070_017 0.001 0.001 0.001 0.001 0.001 0.001 0.001 0.001 0.001 0.001 0.001 0.001 0.001 0.001 0.001
GLN01A0070_018 0.002 0.002 0.002 0.002 0.002 0.002 0.002 0.002 0.002 0.002 0.002 0.002 0.002 0.002 0.002
GLN01A0070_019 0.023 0.023 0.022 0.022 0.022 0.022 0.022 0.022 0.022 0.022 0.022 0.023 0.022 0.023 0.022
GLN01A0070_020 0.003 0.003 0.003 0.003 0.003 0.003 0.003 0.003 0.003 0.003 0.003 0.003 0.003 0.003 0.003
