 ph              0.0   1.0   2.0   3.0   4.0   5.0   6.0   7.0   8.0   9.0  10.0  11.0  12.0  13.0  14.0
GLU01A0309_001 0.002 0.002 0.002 0.002 0.001 0.000 0.000 0.000 0.000 0.000 0.000 0.000 0.000 0.000 0.000
GLU01A0309_002 0.055 0.055 0.055 0.053 0.034 0.008 0.000 0.000 0.000 0.000 0.000 0.000 0.000 0.000 0.000
GLU01A0309_003 0.021 0.021 0.020 0.019 0.013 0.003 0.000 0.000 0.000 0.000 0.000 0.000 0.000 0.000 0.000
GLU01A0309_004 0.330 0.330 0.329 0.313 0.204 0.050 0.007 0.000 0.000 0.000 0.000 0.000 0.000 0.000 0.000
GLU02A0309_005 0.006 0.006 0.005 0.005 0.003 0.000 0.000 0.000 0.000 0.000 0.000 0.000 0.000 0.000 0.000
GLU02A0309_006 0.014 0.014 0.013 0.013 0.009 0.002 0.000 0.000 0.000 0.000 0.000 0.000 0.000 0.000 0.000
GLU02A0309_007 0.081 0.079 0.078 0.075 0.049 0.011 0.002 0.000 0.000 0.000 0.000 0.000 0.000 0.000 0.000
GLU02A0309_008 0.492 0.493 0.490 0.461 0.306 0.073 0.011 0.000 0.000 0.000 0.000 0.000 0.000 0.000 0.000
GLU-1A0309_009 0.000 0.000 0.000 0.010 0.066 0.152 0.169 0.172 0.171 0.166 0.176 0.173 0.178 0.175 0.176
GLU-1A0309_010 0.000 0.000 0.008 0.048 0.315 0.700 0.811 0.828 0.829 0.834 0.824 0.827 0.822 0.825 0.824
