 ph              0.0   1.0   2.0   3.0   4.0   5.0   6.0   7.0   8.0   9.0  10.0  11.0  12.0  13.0  14.0
HIS01A0172_001 0.000 0.000 0.000 0.000 0.000 0.000 0.003 0.019 0.040 0.046 0.047 0.047 0.046 0.046 0.046
HIS01A0172_002 0.000 0.000 0.000 0.000 0.000 0.000 0.007 0.042 0.089 0.101 0.102 0.103 0.102 0.103 0.104
HIS01A0172_003 0.000 0.000 0.000 0.000 0.000 0.000 0.003 0.018 0.038 0.043 0.044 0.044 0.044 0.044 0.043
HIS01A0172_004 0.000 0.000 0.000 0.000 0.000 0.000 0.001 0.006 0.014 0.016 0.016 0.015 0.016 0.016 0.016
HIS01A0172_005 0.000 0.000 0.000 0.000 0.000 0.000 0.000 0.000 0.000 0.000 0.000 0.000 0.000 0.000 0.000
HIS01A0172_006 0.000 0.000 0.000 0.000 0.000 0.000 0.000 0.000 0.001 0.001 0.001 0.001 0.001 0.001 0.001
HIS01A0172_007 0.000 0.000 0.000 0.000 0.000 0.000 0.000 0.000 0.000 0.000 0.000 0.000 0.000 0.000 0.000
HIS01A0172_008 0.000 0.000 0.000 0.000 0.000 0.000 0.000 0.000 0.000 0.000 0.000 0.000 0.000 0.000 0.000
HIS01A0172_009 0.000 0.000 0.000 0.000 0.000 0.000 0.000 0.003 0.006 0.007 0.007 0.007 0.007 0.007 0.007
HIS01A0172_010 0.000 0.000 0.000 0.000 0.000 0.000 0.002 0.013 0.029 0.032 0.032 0.033 0.033 0.032 0.033
HIS01A0172_011 0.000 0.000 0.000 0.000 0.000 0.000 0.000 0.005 0.010 0.011 0.012 0.012 0.011 0.012 0.012
HIS01A0172_012 0.000 0.000 0.000 0.000 0.000 0.000 0.000 0.000 0.000 0.000 0.000 0.000 0.000 0.000 0.000
HIS01A0172_013 0.000 0.000 0.000 0.000 0.000 0.000 0.000 0.000 0.000 0.000 0.000 0.000 0.000 0.000 0.000
HIS01A0172_014 0.000 0.000 0.000 0.000 0.000 0.000 0.007 0.039 0.080 0.093 0.094 0.094 0.093 0.094 0.094
HIS01A0172_015 0.000 0.000 0.000 0.000 0.000 0.000 0.003 0.018 0.038 0.042 0.043 0.043 0.043 0.044 0.044
HIS01A0172_016 0.000 0.000 0.000 0.000 0.000 0.000 0.000 0.000 0.000 0.000 0.000 0.000 0.000 0.000 0.000
HIS01A0172_017 0.000 0.000 0.000 0.000 0.000 0.000 0.000 0.000 0.000 0.000 0.000 0.000 0.000 0.000 0.000
HIS02A0172_018 0.000 0.000 0.000 0.000 0.000 0.000 0.007 0.040 0.086 0.096 0.099 0.098 0.099 0.099 0.098
HIS02A0172_019 0.000 0.000 0.000 0.000 0.000 0.000 0.009 0.051 0.109 0.123 0.124 0.126 0.125 0.126 0.126
HIS02A0172_020 0.000 0.000 0.000 0.000 0.000 0.000 0.000 0.000 0.000 0.000 0.000 0.000 0.000 0.000 0.000
HIS02A0172_021 0.000 0.000 0.000 0.000 0.000 0.000 0.001 0.009 0.019 0.021 0.021 0.021 0.021 0.021 0.022
HIS02A0172_022 0.000 0.000 0.000 0.000 0.000 0.000 0.002 0.012 0.026 0.029 0.030 0.029 0.030 0.030 0.030
HIS02A0172_023 0.000 0.000 0.000 0.000 0.000 0.000 0.000 0.000 0.000 0.000 0.000 0.000 0.000 0.000 0.000
HIS02A0172_024 0.000 0.000 0.000 0.000 0.000 0.000 0.000 0.000 0.000 0.000 0.000 0.000 0.000 0.000 0.000
HIS02A0172_025 0.000 0.000 0.000 0.000 0.000 0.000 0.000 0.000 0.000 0.000 0.000 0.000 0.000 0.000 0.000
HIS02A0172_026 0.000 0.000 0.000 0.000 0.000 0.000 0.002 0.012 0.025 0.028 0.029 0.029 0.030 0.029 0.029
HIS02A0172_027 0.000 0.000 0.000 0.000 0.000 0.000 0.000 0.000 0.002 0.002 0.002 0.002 0.002 0.002 0.002
HIS02A0172_028 0.000 0.000 0.000 0.000 0.000 0.000 0.004 0.025 0.053 0.060 0.061 0.061 0.062 0.062 0.061
HIS02A0172_029 0.000 0.000 0.000 0.000 0.000 0.000 0.000 0.000 0.000 0.000 0.000 0.000 0.000 0.000 0.000
HIS02A0172_030 0.000 0.000 0.000 0.000 0.000 0.000 0.000 0.003 0.007 0.008 0.008 0.008 0.008 0.008 0.009
HIS02A0172_031 0.000 0.000 0.000 0.000 0.000 0.000 0.004 0.025 0.053 0.060 0.061 0.061 0.061 0.061 0.060
HIS02A0172_032 0.000 0.000 0.000 0.000 0.000 0.000 0.001 0.009 0.018 0.021 0.021 0.021 0.021 0.021 0.021
HIS02A0172_033 0.000 0.000 0.000 0.000 0.000 0.000 0.000 0.000 0.002 0.002 0.002 0.002 0.002 0.002 0.002
HIS02A0172_034 0.000 0.000 0.000 0.000 0.000 0.012 0.010 0.057 0.121 0.139 0.142 0.142 0.142 0.140 0.140
HIS02A0172_035 0.000 0.000 0.000 0.000 0.000 0.000 0.000 0.000 0.000 0.000 0.000 0.000 0.000 0.000 0.000
HIS02A0172_036 0.000 0.000 0.000 0.000 0.000 0.000 0.000 0.000 0.000 0.000 0.000 0.000 0.000 0.000 0.000
HIS+1A0172_037 0.160 0.158 0.158 0.159 0.159 0.157 0.148 0.095 0.021 0.004 0.000 0.000 0.000 0.000 0.000
HIS+1A0172_038 0.000 0.000 0.000 0.000 0.000 0.000 0.000 0.000 0.000 0.000 0.000 0.000 0.000 0.000 0.000
HIS+1A0172_039 0.015 0.015 0.015 0.015 0.015 0.015 0.014 0.009 0.002 0.000 0.000 0.000 0.000 0.000 0.000
HIS+1A0172_040 0.152 0.152 0.152 0.151 0.153 0.149 0.142 0.090 0.020 0.003 0.000 0.000 0.000 0.000 0.000
HIS+1A0172_041 0.039 0.039 0.039 0.039 0.038 0.038 0.036 0.023 0.005 0.000 0.000 0.000 0.000 0.000 0.000
HIS+1A0172_042 0.000 0.000 0.000 0.000 0.000 0.000 0.000 0.000 0.000 0.000 0.000 0.000 0.000 0.000 0.000
HIS+1A0172_043 0.000 0.000 0.000 0.000 0.000 0.000 0.000 0.000 0.000 0.000 0.000 0.000 0.000 0.000 0.000
HIS+1A0172_044 0.000 0.000 0.000 0.000 0.000 0.000 0.000 0.000 0.000 0.000 0.000 0.000 0.000 0.000 0.000
HIS+1A0172_045 0.032 0.032 0.032 0.032 0.032 0.032 0.029 0.019 0.004 0.000 0.000 0.000 0.000 0.000 0.000
HIS+1A0172_046 0.049 0.049 0.049 0.049 0.049 0.048 0.046 0.029 0.006 0.000 0.000 0.000 0.000 0.000 0.000
HIS+1A0172_047 0.160 0.161 0.160 0.161 0.162 0.158 0.149 0.095 0.021 0.004 0.000 0.000 0.000 0.000 0.000
HIS+1A0172_048 0.000 0.000 0.000 0.000 0.000 0.000 0.000 0.000 0.000 0.000 0.000 0.000 0.000 0.000 0.000
HIS+1A0172_049 0.009 0.009 0.009 0.009 0.009 0.009 0.009 0.005 0.001 0.000 0.000 0.000 0.000 0.000 0.000
HIS+1A0172_050 0.212 0.215 0.214 0.214 0.213 0.212 0.199 0.128 0.028 0.005 0.000 0.000 0.000 0.000 0.000
HIS+1A0172_051 0.045 0.044 0.044 0.044 0.044 0.044 0.041 0.027 0.006 0.000 0.000 0.000 0.000 0.000 0.000
HIS+1A0172_052 0.003 0.003 0.003 0.003 0.003 0.003 0.003 0.002 0.000 0.000 0.000 0.000 0.000 0.000 0.000
HIS+1A0172_053 0.123 0.122 0.122 0.123 0.122 0.121 0.115 0.073 0.016 0.003 0.000 0.000 0.000 0.000 0.000
HIS+1A0172_054 0.000 0.000 0.000 0.000 0.000 0.000 0.000 0.000 0.000 0.000 0.000 0.000 0.000 0.000 0.000
HIS+1A0172_055 0.000 0.000 0.000 0.000 0.000 0.000 0.000 0.000 0.000 0.000 0.000 0.000 0.000 0.000 0.000
