 ph              0.0   1.0   2.0   3.0   4.0   5.0   6.0   7.0   8.0   9.0  10.0  11.0  12.0  13.0  14.0
HIS01A0025_001 0.000 0.000 0.000 0.000 0.000 0.000 0.005 0.031 0.069 0.078 0.079 0.078 0.078 0.079 0.079
HIS01A0025_002 0.000 0.000 0.000 0.000 0.000 0.005 0.011 0.066 0.147 0.168 0.171 0.173 0.170 0.171 0.170
HIS01A0025_003 0.000 0.000 0.000 0.000 0.000 0.000 0.000 0.000 0.000 0.000 0.000 0.000 0.000 0.000 0.000
HIS01A0025_004 0.000 0.000 0.000 0.000 0.000 0.000 0.000 0.000 0.000 0.000 0.000 0.000 0.000 0.000 0.000
HIS01A0025_005 0.000 0.000 0.000 0.000 0.000 0.000 0.001 0.007 0.016 0.018 0.019 0.018 0.018 0.018 0.018
HIS01A0025_006 0.000 0.000 0.000 0.000 0.000 0.000 0.000 0.005 0.012 0.013 0.013 0.014 0.014 0.014 0.014
HIS01A0025_007 0.000 0.000 0.000 0.000 0.000 0.000 0.000 0.000 0.000 0.000 0.000 0.000 0.000 0.000 0.000
HIS01A0025_008 0.000 0.000 0.000 0.000 0.000 0.000 0.005 0.028 0.061 0.070 0.071 0.070 0.072 0.071 0.072
HIS01A0025_009 0.000 0.000 0.000 0.000 0.000 0.000 0.000 0.002 0.004 0.005 0.005 0.005 0.005 0.005 0.005
HIS01A0025_010 0.000 0.000 0.000 0.000 0.000 0.000 0.000 0.000 0.002 0.003 0.003 0.002 0.002 0.002 0.003
HIS01A0025_011 0.000 0.000 0.000 0.000 0.000 0.000 0.000 0.000 0.000 0.000 0.000 0.000 0.000 0.000 0.000
HIS01A0025_012 0.000 0.000 0.000 0.000 0.000 0.000 0.001 0.009 0.019 0.022 0.022 0.022 0.023 0.022 0.022
HIS01A0025_013 0.000 0.000 0.000 0.000 0.000 0.000 0.002 0.010 0.021 0.025 0.025 0.026 0.025 0.025 0.025
HIS01A0025_014 0.000 0.000 0.000 0.000 0.000 0.000 0.000 0.000 0.000 0.000 0.000 0.000 0.000 0.000 0.000
HIS01A0025_015 0.000 0.000 0.000 0.000 0.000 0.000 0.000 0.000 0.000 0.000 0.000 0.000 0.000 0.000 0.000
HIS01A0025_016 0.000 0.000 0.000 0.000 0.000 0.000 0.000 0.000 0.000 0.000 0.000 0.000 0.000 0.000 0.000
HIS01A0025_017 0.000 0.000 0.000 0.000 0.000 0.000 0.000 0.000 0.000 0.000 0.000 0.000 0.000 0.000 0.000
HIS02A0025_018 0.000 0.000 0.000 0.000 0.000 0.005 0.010 0.060 0.132 0.151 0.153 0.153 0.154 0.155 0.154
HIS02A0025_019 0.000 0.000 0.000 0.000 0.000 0.000 0.007 0.043 0.098 0.109 0.111 0.112 0.112 0.111 0.112
HIS02A0025_020 0.000 0.000 0.000 0.000 0.000 0.000 0.000 0.000 0.000 0.000 0.000 0.000 0.000 0.000 0.000
HIS02A0025_021 0.000 0.000 0.000 0.000 0.000 0.000 0.000 0.000 0.000 0.000 0.000 0.000 0.000 0.000 0.000
HIS02A0025_022 0.000 0.000 0.000 0.000 0.000 0.000 0.000 0.000 0.000 0.000 0.000 0.000 0.000 0.000 0.000
HIS02A0025_023 0.000 0.000 0.000 0.000 0.000 0.000 0.000 0.000 0.000 0.000 0.000 0.000 0.000 0.000 0.000
HIS02A0025_024 0.000 0.000 0.000 0.000 0.000 0.000 0.001 0.009 0.020 0.023 0.024 0.023 0.023 0.023 0.024
HIS02A0025_025 0.000 0.000 0.000 0.000 0.000 0.000 0.000 0.000 0.000 0.000 0.000 0.000 0.000 0.000 0.000
HIS02A0025_026 0.000 0.000 0.000 0.000 0.000 0.000 0.000 0.000 0.000 0.000 0.000 0.000 0.000 0.000 0.000
HIS02A0025_027 0.000 0.000 0.000 0.000 0.000 0.000 0.000 0.000 0.000 0.000 0.000 0.000 0.000 0.000 0.000
HIS02A0025_028 0.000 0.000 0.000 0.000 0.000 0.000 0.005 0.030 0.068 0.075 0.077 0.077 0.078 0.077 0.078
HIS02A0025_029 0.000 0.000 0.000 0.000 0.000 0.000 0.007 0.043 0.097 0.110 0.112 0.112 0.111 0.112 0.111
HIS02A0025_030 0.000 0.000 0.000 0.000 0.000 0.000 0.000 0.002 0.005 0.006 0.006 0.006 0.006 0.006 0.006
HIS02A0025_031 0.000 0.000 0.000 0.000 0.000 0.000 0.001 0.009 0.020 0.022 0.023 0.023 0.023 0.023 0.023
HIS02A0025_032 0.000 0.000 0.000 0.000 0.000 0.000 0.004 0.024 0.053 0.061 0.063 0.062 0.063 0.061 0.062
HIS02A0025_033 0.000 0.000 0.000 0.000 0.000 0.000 0.001 0.009 0.020 0.022 0.023 0.023 0.022 0.023 0.023
HIS02A0025_034 0.000 0.000 0.000 0.000 0.000 0.000 0.000 0.000 0.000 0.000 0.000 0.000 0.000 0.000 0.000
HIS02A0025_035 0.000 0.000 0.000 0.000 0.000 0.000 0.000 0.000 0.000 0.000 0.000 0.000 0.000 0.000 0.000
HIS+1A0025_036 0.341 0.343 0.343 0.346 0.342 0.339 0.320 0.212 0.047 0.009 0.000 0.000 0.000 0.000 0.000
HIS+1A0025_037 0.127 0.126 0.125 0.125 0.125 0.124 0.117 0.077 0.017 0.003 0.000 0.000 0.000 0.000 0.000
HIS+1A0025_038 0.000 0.000 0.000 0.000 0.000 0.001 0.000 0.000 0.000 0.000 0.000 0.000 0.000 0.000 0.000
HIS+1A0025_039 0.000 0.000 0.000 0.000 0.000 0.000 0.000 0.000 0.000 0.000 0.000 0.000 0.000 0.000 0.000
HIS+1A0025_040 0.062 0.062 0.061 0.061 0.062 0.062 0.058 0.038 0.009 0.000 0.000 0.000 0.000 0.000 0.000
HIS+1A0025_041 0.064 0.064 0.064 0.063 0.063 0.062 0.060 0.039 0.009 0.000 0.000 0.000 0.000 0.000 0.000
HIS+1A0025_042 0.000 0.000 0.000 0.000 0.000 0.000 0.000 0.000 0.000 0.000 0.000 0.000 0.000 0.000 0.000
HIS+1A0025_043 0.095 0.095 0.094 0.094 0.094 0.093 0.089 0.059 0.013 0.002 0.000 0.000 0.000 0.000 0.000
HIS+1A0025_044 0.000 0.000 0.000 0.000 0.000 0.000 0.000 0.000 0.000 0.000 0.000 0.000 0.000 0.000 0.000
HIS+1A0025_045 0.014 0.014 0.014 0.014 0.014 0.014 0.013 0.009 0.002 0.000 0.000 0.000 0.000 0.000 0.000
HIS+1A0025_046 0.235 0.233 0.234 0.234 0.236 0.233 0.221 0.143 0.032 0.006 0.000 0.000 0.000 0.000 0.000
HIS+1A0025_047 0.043 0.042 0.043 0.042 0.043 0.042 0.041 0.026 0.006 0.000 0.000 0.000 0.000 0.000 0.000
HIS+1A0025_048 0.020 0.020 0.021 0.020 0.020 0.020 0.019 0.012 0.003 0.000 0.000 0.000 0.000 0.000 0.000
HIS+1A0025_049 0.000 0.000 0.000 0.000 0.000 0.000 0.000 0.000 0.000 0.000 0.000 0.000 0.000 0.000 0.000
HIS+1A0025_050 0.000 0.000 0.000 0.000 0.000 0.000 0.000 0.000 0.000 0.000 0.000 0.000 0.000 0.000 0.000
HIS+1A0025_051 0.000 0.000 0.000 0.000 0.000 0.000 0.000 0.000 0.000 0.000 0.000 0.000 0.000 0.000 0.000
HIS+1A0025_052 0.000 0.000 0.000 0.000 0.000 0.000 0.000 0.000 0.000 0.000 0.000 0.000 0.000 0.000 0.000
HIS+1A0025_053 0.000 0.000 0.000 0.000 0.000 0.000 0.000 0.000 0.000 0.000 0.000 0.000 0.000 0.000 0.000
