 ph              0.0   1.0   2.0   3.0   4.0   5.0   6.0   7.0   8.0   9.0  10.0  11.0  12.0  13.0  14.0
ASN01A0281_001 0.188 0.187 0.187 0.187 0.187 0.188 0.187 0.187 0.188 0.185 0.187 0.186 0.187 0.187 0.187
ASN01A0281_002 0.051 0.051 0.051 0.052 0.051 0.051 0.051 0.051 0.051 0.051 0.051 0.051 0.051 0.051 0.051
ASN01A0281_003 0.000 0.000 0.000 0.000 0.000 0.000 0.000 0.000 0.000 0.000 0.000 0.000 0.000 0.000 0.000
ASN01A0281_004 0.000 0.000 0.000 0.000 0.000 0.000 0.000 0.000 0.000 0.000 0.000 0.000 0.000 0.000 0.000
ASN01A0281_005 0.056 0.057 0.057 0.057 0.057 0.057 0.057 0.057 0.056 0.057 0.057 0.056 0.057 0.057 0.056
ASN01A0281_006 0.120 0.120 0.119 0.121 0.120 0.121 0.120 0.119 0.120 0.120 0.119 0.119 0.120 0.120 0.119
ASN01A0281_007 0.086 0.087 0.087 0.087 0.087 0.086 0.087 0.087 0.086 0.087 0.086 0.087 0.086 0.086 0.087
ASN01A0281_008 0.048 0.048 0.048 0.049 0.048 0.048 0.048 0.048 0.049 0.049 0.048 0.049 0.048 0.049 0.048
ASN01A0281_009 0.233 0.233 0.235 0.233 0.234 0.232 0.233 0.235 0.234 0.235 0.234 0.235 0.236 0.234 0.234
ASN01A0281_010 0.137 0.137 0.136 0.137 0.137 0.137 0.137 0.136 0.137 0.137 0.138 0.138 0.136 0.137 0.138
ASN01A0281_011 0.079 0.078 0.079 0.079 0.079 0.079 0.079 0.079 0.078 0.079 0.079 0.078 0.079 0.079 0.079
ASN01A0281_012 0.000 0.000 0.000 0.000 0.000 0.000 0.000 0.000 0.000 0.000 0.000 0.000 0.000 0.000 0.000
ASN01A0281_013 0.000 0.000 0.000 0.000 0.000 0.000 0.000 0.000 0.000 0.000 0.000 0.000 0.000 0.000 0.000
