 ph              0.0   1.0   2.0   3.0   4.0   5.0   6.0   7.0   8.0   9.0  10.0  11.0  12.0  13.0  14.0
LEU01A0204_001 0.489 0.486 0.486 0.485 0.485 0.482 0.487 0.487 0.483 0.486 0.487 0.484 0.487 0.485 0.488
LEU01A0204_002 0.046 0.046 0.046 0.046 0.047 0.047 0.046 0.046 0.046 0.047 0.046 0.047 0.047 0.046 0.046
LEU01A0204_003 0.000 0.000 0.000 0.000 0.000 0.000 0.000 0.000 0.000 0.000 0.000 0.000 0.000 0.000 0.000
LEU01A0204_004 0.077 0.076 0.077 0.077 0.077 0.079 0.078 0.076 0.078 0.076 0.079 0.077 0.077 0.078 0.078
LEU01A0204_005 0.000 0.000 0.000 0.000 0.000 0.000 0.000 0.000 0.000 0.000 0.000 0.000 0.000 0.000 0.000
LEU01A0204_006 0.000 0.000 0.000 0.000 0.000 0.000 0.000 0.000 0.000 0.000 0.000 0.000 0.000 0.000 0.000
LEU01A0204_007 0.000 0.000 0.000 0.000 0.000 0.000 0.000 0.000 0.000 0.000 0.000 0.000 0.000 0.000 0.000
LEU01A0204_008 0.000 0.000 0.000 0.000 0.000 0.000 0.000 0.000 0.000 0.000 0.000 0.000 0.000 0.000 0.000
LEU01A0204_009 0.388 0.392 0.391 0.391 0.391 0.392 0.389 0.390 0.393 0.391 0.388 0.392 0.389 0.391 0.387
