 ph              0.0   1.0   2.0   3.0   4.0   5.0   6.0   7.0   8.0   9.0  10.0  11.0  12.0  13.0  14.0
ASP01A0158_001 0.000 0.000 0.000 0.000 0.000 0.000 0.000 0.000 0.000 0.000 0.000 0.000 0.000 0.000 0.000
ASP01A0158_002 0.017 0.016 0.016 0.014 0.006 0.000 0.000 0.000 0.000 0.000 0.000 0.000 0.000 0.000 0.000
ASP01A0158_003 0.001 0.001 0.001 0.000 0.000 0.000 0.000 0.000 0.000 0.000 0.000 0.000 0.000 0.000 0.000
ASP01A0158_004 0.085 0.084 0.083 0.072 0.031 0.006 0.000 0.000 0.000 0.000 0.000 0.000 0.000 0.000 0.000
ASP01A0158_005 0.393 0.390 0.386 0.333 0.147 0.028 0.005 0.000 0.000 0.000 0.000 0.000 0.000 0.000 0.000
ASP01A0158_006 0.018 0.018 0.017 0.015 0.007 0.001 0.000 0.000 0.000 0.000 0.000 0.000 0.000 0.000 0.000
ASP01A0158_007 0.037 0.036 0.036 0.031 0.014 0.003 0.000 0.000 0.000 0.000 0.000 0.000 0.000 0.000 0.000
ASP02A0158_008 0.013 0.013 0.012 0.011 0.005 0.000 0.000 0.000 0.000 0.000 0.000 0.000 0.000 0.000 0.000
ASP02A0158_009 0.155 0.156 0.152 0.131 0.057 0.011 0.001 0.000 0.000 0.000 0.000 0.000 0.000 0.000 0.000
ASP02A0158_010 0.003 0.003 0.003 0.003 0.001 0.000 0.000 0.000 0.000 0.000 0.000 0.000 0.000 0.000 0.000
ASP02A0158_011 0.014 0.014 0.013 0.012 0.005 0.000 0.000 0.000 0.000 0.000 0.000 0.000 0.000 0.000 0.000
ASP02A0158_012 0.017 0.018 0.017 0.015 0.006 0.000 0.000 0.000 0.000 0.000 0.000 0.000 0.000 0.000 0.000
ASP02A0158_013 0.000 0.000 0.000 0.000 0.000 0.000 0.000 0.000 0.000 0.000 0.000 0.000 0.000 0.000 0.000
ASP02A0158_014 0.012 0.012 0.012 0.010 0.005 0.000 0.000 0.000 0.000 0.000 0.000 0.000 0.000 0.000 0.000
ASP02A0158_015 0.236 0.236 0.233 0.203 0.089 0.016 0.003 0.000 0.000 0.000 0.000 0.000 0.000 0.000 0.000
ASP-1A0158_016 0.000 0.000 0.006 0.052 0.223 0.331 0.348 0.354 0.349 0.353 0.352 0.349 0.351 0.355 0.349
ASP-1A0158_017 0.000 0.002 0.011 0.094 0.396 0.590 0.629 0.632 0.637 0.634 0.634 0.637 0.636 0.633 0.637
ASP-1A0158_018 0.000 0.000 0.000 0.002 0.009 0.013 0.013 0.014 0.014 0.014 0.013 0.014 0.013 0.013 0.014
