 ph              0.0   1.0   2.0   3.0   4.0   5.0   6.0   7.0   8.0   9.0  10.0  11.0  12.0  13.0  14.0
LEU01A0043_001 0.492 0.489 0.493 0.492 0.490 0.487 0.490 0.491 0.492 0.492 0.491 0.487 0.490 0.491 0.491
LEU01A0043_002 0.000 0.001 0.000 0.000 0.001 0.001 0.001 0.000 0.000 0.001 0.001 0.001 0.001 0.000 0.000
LEU01A0043_003 0.028 0.029 0.028 0.028 0.028 0.029 0.029 0.028 0.028 0.027 0.028 0.028 0.028 0.028 0.028
LEU01A0043_004 0.000 0.000 0.000 0.000 0.000 0.000 0.000 0.000 0.000 0.000 0.000 0.000 0.000 0.000 0.000
LEU01A0043_005 0.000 0.000 0.000 0.000 0.000 0.000 0.000 0.000 0.000 0.000 0.000 0.000 0.000 0.000 0.000
LEU01A0043_006 0.051 0.053 0.051 0.051 0.052 0.053 0.053 0.053 0.052 0.051 0.052 0.053 0.052 0.051 0.053
LEU01A0043_007 0.427 0.427 0.426 0.427 0.426 0.428 0.425 0.427 0.427 0.427 0.426 0.430 0.427 0.427 0.426
LEU01A0043_008 0.002 0.002 0.002 0.002 0.002 0.002 0.002 0.002 0.002 0.002 0.002 0.002 0.002 0.002 0.002
LEU01A0043_009 0.000 0.000 0.000 0.000 0.000 0.000 0.000 0.000 0.000 0.000 0.000 0.000 0.000 0.000 0.000
