 ph              0.0   1.0   2.0   3.0   4.0   5.0   6.0   7.0   8.0   9.0  10.0  11.0  12.0  13.0  14.0
HIS01A0234_001 0.000 0.000 0.000 0.000 0.000 0.000 0.010 0.047 0.091 0.099 0.100 0.101 0.100 0.100 0.101
HIS01A0234_002 0.000 0.000 0.000 0.000 0.000 0.000 0.006 0.027 0.051 0.056 0.058 0.058 0.058 0.058 0.058
HIS01A0234_003 0.000 0.000 0.000 0.000 0.000 0.000 0.000 0.000 0.000 0.000 0.000 0.000 0.000 0.000 0.000
HIS01A0234_004 0.000 0.000 0.000 0.000 0.000 0.000 0.000 0.000 0.000 0.000 0.000 0.000 0.000 0.000 0.000
HIS01A0234_005 0.000 0.000 0.000 0.000 0.000 0.000 0.000 0.000 0.000 0.000 0.000 0.000 0.000 0.000 0.000
HIS01A0234_006 0.000 0.000 0.000 0.000 0.000 0.000 0.000 0.000 0.000 0.000 0.000 0.000 0.000 0.000 0.000
HIS01A0234_007 0.000 0.000 0.000 0.000 0.000 0.000 0.000 0.001 0.002 0.002 0.002 0.002 0.002 0.002 0.002
HIS01A0234_008 0.000 0.000 0.000 0.000 0.000 0.000 0.000 0.000 0.000 0.000 0.000 0.000 0.000 0.000 0.000
HIS01A0234_009 0.000 0.000 0.000 0.000 0.000 0.000 0.000 0.000 0.000 0.000 0.000 0.000 0.000 0.000 0.000
HIS01A0234_010 0.000 0.000 0.000 0.000 0.000 0.000 0.002 0.008 0.015 0.016 0.016 0.017 0.016 0.016 0.016
HIS01A0234_011 0.000 0.000 0.000 0.000 0.000 0.000 0.000 0.000 0.000 0.000 0.000 0.000 0.000 0.000 0.000
HIS01A0234_012 0.000 0.000 0.000 0.000 0.000 0.000 0.000 0.000 0.000 0.000 0.000 0.000 0.000 0.000 0.000
HIS01A0234_013 0.000 0.000 0.000 0.000 0.000 0.000 0.000 0.006 0.011 0.013 0.013 0.013 0.013 0.013 0.013
HIS01A0234_014 0.000 0.000 0.000 0.000 0.000 0.000 0.002 0.010 0.019 0.021 0.022 0.022 0.021 0.022 0.021
HIS01A0234_015 0.000 0.000 0.000 0.000 0.000 0.000 0.000 0.006 0.010 0.012 0.012 0.011 0.011 0.011 0.012
HIS01A0234_016 0.000 0.000 0.000 0.000 0.000 0.004 0.014 0.070 0.133 0.146 0.147 0.148 0.146 0.148 0.146
HIS01A0234_017 0.000 0.000 0.000 0.000 0.000 0.000 0.000 0.000 0.000 0.000 0.000 0.000 0.000 0.000 0.000
HIS01A0234_018 0.000 0.000 0.000 0.000 0.000 0.000 0.000 0.000 0.000 0.000 0.000 0.000 0.000 0.000 0.000
HIS02A0234_019 0.000 0.000 0.000 0.000 0.000 0.004 0.016 0.080 0.151 0.166 0.168 0.167 0.167 0.168 0.168
HIS02A0234_020 0.000 0.000 0.000 0.000 0.000 0.000 0.000 0.000 0.000 0.000 0.000 0.000 0.000 0.000 0.000
HIS02A0234_021 0.000 0.000 0.000 0.000 0.000 0.000 0.000 0.006 0.011 0.013 0.012 0.013 0.013 0.012 0.013
HIS02A0234_022 0.000 0.000 0.000 0.000 0.000 0.007 0.030 0.150 0.280 0.308 0.312 0.312 0.315 0.313 0.312
HIS02A0234_023 0.000 0.000 0.000 0.000 0.000 0.000 0.000 0.000 0.002 0.002 0.002 0.002 0.002 0.002 0.002
HIS02A0234_024 0.000 0.000 0.000 0.000 0.000 0.000 0.000 0.000 0.000 0.000 0.000 0.000 0.000 0.000 0.000
HIS02A0234_025 0.000 0.000 0.000 0.000 0.000 0.000 0.003 0.014 0.027 0.029 0.030 0.030 0.029 0.030 0.030
HIS02A0234_026 0.000 0.000 0.000 0.000 0.000 0.000 0.000 0.000 0.000 0.000 0.000 0.000 0.000 0.000 0.000
HIS02A0234_027 0.000 0.000 0.000 0.000 0.000 0.000 0.008 0.037 0.068 0.077 0.078 0.078 0.078 0.077 0.078
HIS02A0234_028 0.000 0.000 0.000 0.000 0.000 0.000 0.000 0.000 0.000 0.000 0.000 0.000 0.000 0.000 0.000
HIS02A0234_029 0.000 0.000 0.000 0.000 0.000 0.000 0.001 0.007 0.014 0.015 0.016 0.016 0.016 0.016 0.016
HIS02A0234_030 0.000 0.000 0.000 0.000 0.000 0.000 0.000 0.006 0.010 0.011 0.011 0.012 0.012 0.011 0.012
HIS02A0234_031 0.000 0.000 0.000 0.000 0.000 0.000 0.000 0.000 0.000 0.000 0.000 0.000 0.000 0.000 0.000
HIS02A0234_032 0.000 0.000 0.000 0.000 0.000 0.000 0.000 0.000 0.000 0.000 0.000 0.000 0.000 0.000 0.000
HIS02A0234_033 0.000 0.000 0.000 0.000 0.000 0.000 0.000 0.000 0.000 0.000 0.000 0.000 0.000 0.000 0.000
HIS02A0234_034 0.000 0.000 0.000 0.000 0.000 0.000 0.000 0.000 0.000 0.000 0.000 0.000 0.000 0.000 0.000
HIS02A0234_035 0.000 0.000 0.000 0.000 0.000 0.000 0.000 0.000 0.000 0.000 0.000 0.000 0.000 0.000 0.000
HIS02A0234_036 0.000 0.000 0.000 0.000 0.000 0.000 0.000 0.000 0.000 0.000 0.000 0.000 0.000 0.000 0.000
HIS+1A0234_037 0.178 0.175 0.176 0.178 0.177 0.175 0.161 0.093 0.019 0.003 0.000 0.000 0.000 0.000 0.000
HIS+1A0234_038 0.001 0.000 0.000 0.000 0.000 0.001 0.001 0.000 0.000 0.000 0.000 0.000 0.000 0.000 0.000
HIS+1A0234_039 0.000 0.000 0.000 0.000 0.000 0.000 0.000 0.000 0.000 0.000 0.000 0.000 0.000 0.000 0.000
HIS+1A0234_040 0.000 0.000 0.000 0.000 0.000 0.000 0.000 0.000 0.000 0.000 0.000 0.000 0.000 0.000 0.000
HIS+1A0234_041 0.221 0.225 0.224 0.225 0.225 0.221 0.204 0.117 0.024 0.004 0.000 0.000 0.000 0.000 0.000
HIS+1A0234_042 0.065 0.065 0.066 0.064 0.065 0.065 0.059 0.034 0.007 0.000 0.000 0.000 0.000 0.000 0.000
HIS+1A0234_043 0.000 0.000 0.000 0.000 0.000 0.000 0.000 0.000 0.000 0.000 0.000 0.000 0.000 0.000 0.000
HIS+1A0234_044 0.008 0.008 0.008 0.008 0.008 0.008 0.008 0.004 0.000 0.000 0.000 0.000 0.000 0.000 0.000
HIS+1A0234_045 0.025 0.025 0.025 0.026 0.025 0.025 0.023 0.013 0.003 0.000 0.000 0.000 0.000 0.000 0.000
HIS+1A0234_046 0.418 0.415 0.414 0.414 0.414 0.406 0.374 0.218 0.043 0.007 0.000 0.000 0.000 0.000 0.000
HIS+1A0234_047 0.000 0.000 0.000 0.000 0.000 0.000 0.000 0.000 0.000 0.000 0.000 0.000 0.000 0.000 0.000
HIS+1A0234_048 0.000 0.000 0.000 0.000 0.000 0.000 0.000 0.000 0.000 0.000 0.000 0.000 0.000 0.000 0.000
HIS+1A0234_049 0.001 0.002 0.002 0.000 0.002 0.001 0.001 0.000 0.000 0.000 0.000 0.000 0.000 0.000 0.000
HIS+1A0234_050 0.006 0.006 0.006 0.006 0.006 0.006 0.005 0.003 0.000 0.000 0.000 0.000 0.000 0.000 0.000
HIS+1A0234_051 0.000 0.000 0.000 0.000 0.000 0.000 0.000 0.000 0.000 0.000 0.000 0.000 0.000 0.000 0.000
HIS+1A0234_052 0.000 0.000 0.000 0.000 0.000 0.000 0.000 0.000 0.000 0.000 0.000 0.000 0.000 0.000 0.000
HIS+1A0234_053 0.078 0.078 0.078 0.078 0.078 0.076 0.071 0.041 0.008 0.000 0.000 0.000 0.000 0.000 0.000
HIS+1A0234_054 0.000 0.000 0.000 0.000 0.000 0.000 0.000 0.000 0.000 0.000 0.000 0.000 0.000 0.000 0.000
