 ph              0.0   1.0   2.0   3.0   4.0   5.0   6.0   7.0   8.0   9.0  10.0  11.0  12.0  13.0  14.0
MET01A0236_001 0.000 0.000 0.000 0.000 0.000 0.000 0.000 0.000 0.000 0.000 0.000 0.000 0.000 0.000 0.000
MET01A0236_002 0.447 0.450 0.448 0.452 0.450 0.452 0.449 0.449 0.449 0.452 0.445 0.451 0.450 0.448 0.449
MET01A0236_003 0.513 0.512 0.512 0.509 0.510 0.511 0.511 0.515 0.511 0.510 0.516 0.510 0.512 0.515 0.511
MET01A0236_004 0.000 0.000 0.000 0.000 0.000 0.000 0.000 0.000 0.000 0.000 0.000 0.000 0.000 0.000 0.000
MET01A0236_005 0.001 0.001 0.002 0.001 0.001 0.001 0.002 0.000 0.001 0.001 0.001 0.001 0.001 0.001 0.002
MET01A0236_006 0.001 0.001 0.001 0.000 0.001 0.000 0.001 0.000 0.001 0.001 0.001 0.001 0.000 0.001 0.001
MET01A0236_007 0.004 0.004 0.004 0.004 0.004 0.004 0.004 0.004 0.004 0.004 0.004 0.004 0.004 0.004 0.004
MET01A0236_008 0.000 0.000 0.000 0.000 0.000 0.000 0.000 0.000 0.000 0.000 0.000 0.000 0.000 0.000 0.000
MET01A0236_009 0.002 0.002 0.002 0.002 0.002 0.002 0.002 0.002 0.002 0.002 0.002 0.002 0.002 0.002 0.002
MET01A0236_010 0.000 0.000 0.000 0.000 0.000 0.000 0.000 0.000 0.000 0.000 0.000 0.000 0.000 0.000 0.000
MET01A0236_011 0.000 0.000 0.000 0.000 0.000 0.000 0.000 0.000 0.000 0.000 0.000 0.000 0.000 0.000 0.000
MET01A0236_012 0.013 0.013 0.014 0.013 0.013 0.013 0.013 0.013 0.013 0.013 0.013 0.013 0.013 0.013 0.013
MET01A0236_013 0.007 0.007 0.008 0.008 0.007 0.007 0.008 0.007 0.008 0.008 0.008 0.007 0.008 0.007 0.008
MET01A0236_014 0.000 0.000 0.000 0.000 0.000 0.000 0.000 0.000 0.000 0.000 0.000 0.000 0.000 0.000 0.000
MET01A0236_015 0.005 0.004 0.005 0.004 0.005 0.004 0.005 0.004 0.004 0.005 0.004 0.004 0.004 0.004 0.004
MET01A0236_016 0.000 0.000 0.000 0.000 0.000 0.000 0.000 0.000 0.000 0.000 0.000 0.000 0.000 0.000 0.000
MET01A0236_017 0.000 0.000 0.000 0.000 0.000 0.000 0.000 0.000 0.000 0.000 0.000 0.000 0.000 0.000 0.000
MET01A0236_018 0.002 0.002 0.002 0.002 0.002 0.002 0.002 0.002 0.002 0.002 0.002 0.002 0.002 0.002 0.002
MET01A0236_019 0.003 0.003 0.003 0.003 0.003 0.003 0.003 0.003 0.003 0.003 0.003 0.003 0.003 0.003 0.003
