 ph              0.0   1.0   2.0   3.0   4.0   5.0   6.0   7.0   8.0   9.0  10.0  11.0  12.0  13.0  14.0
ASP01A0213_001 0.000 0.000 0.000 0.000 0.000 0.000 0.000 0.000 0.000 0.000 0.000 0.000 0.000 0.000 0.000
ASP01A0213_002 0.000 0.000 0.000 0.000 0.000 0.000 0.000 0.000 0.000 0.000 0.000 0.000 0.000 0.000 0.000
ASP01A0213_003 0.025 0.024 0.024 0.021 0.009 0.002 0.000 0.000 0.000 0.000 0.000 0.000 0.000 0.000 0.000
ASP01A0213_004 0.007 0.007 0.007 0.006 0.003 0.000 0.000 0.000 0.000 0.000 0.000 0.000 0.000 0.000 0.000
ASP01A0213_005 0.003 0.003 0.003 0.003 0.001 0.000 0.000 0.000 0.000 0.000 0.000 0.000 0.000 0.000 0.000
ASP01A0213_006 0.286 0.286 0.281 0.247 0.113 0.020 0.002 0.000 0.000 0.000 0.000 0.000 0.000 0.000 0.000
ASP01A0213_007 0.200 0.201 0.196 0.172 0.078 0.014 0.002 0.000 0.000 0.000 0.000 0.000 0.000 0.000 0.000
ASP02A0213_008 0.000 0.000 0.000 0.000 0.000 0.000 0.000 0.000 0.000 0.000 0.000 0.000 0.000 0.000 0.000
ASP02A0213_009 0.001 0.001 0.001 0.001 0.000 0.000 0.000 0.000 0.000 0.000 0.000 0.000 0.000 0.000 0.000
ASP02A0213_010 0.221 0.221 0.219 0.190 0.086 0.016 0.002 0.000 0.000 0.000 0.000 0.000 0.000 0.000 0.000
ASP02A0213_011 0.033 0.032 0.031 0.028 0.013 0.002 0.000 0.000 0.000 0.000 0.000 0.000 0.000 0.000 0.000
ASP02A0213_012 0.019 0.019 0.019 0.017 0.008 0.000 0.000 0.000 0.000 0.000 0.000 0.000 0.000 0.000 0.000
ASP02A0213_013 0.011 0.011 0.011 0.010 0.004 0.000 0.000 0.000 0.000 0.000 0.000 0.000 0.000 0.000 0.000
ASP02A0213_014 0.193 0.193 0.191 0.166 0.076 0.014 0.002 0.000 0.000 0.000 0.000 0.000 0.000 0.000 0.000
ASP-1A0213_015 0.000 0.000 0.000 0.000 0.002 0.003 0.004 0.004 0.003 0.003 0.003 0.004 0.003 0.003 0.004
ASP-1A0213_016 0.000 0.000 0.008 0.074 0.325 0.498 0.523 0.532 0.534 0.534 0.533 0.533 0.534 0.533 0.536
ASP-1A0213_017 0.000 0.000 0.007 0.064 0.281 0.431 0.465 0.465 0.463 0.463 0.464 0.463 0.463 0.464 0.461
