 ph              0.0   1.0   2.0   3.0   4.0   5.0   6.0   7.0   8.0   9.0  10.0  11.0  12.0  13.0  14.0
HIS01A0220_001 0.000 0.000 0.000 0.000 0.000 0.000 0.001 0.007 0.013 0.015 0.015 0.015 0.015 0.015 0.015
HIS01A0220_002 0.000 0.000 0.000 0.000 0.000 0.000 0.005 0.029 0.060 0.068 0.069 0.069 0.069 0.068 0.069
HIS01A0220_003 0.000 0.000 0.000 0.000 0.000 0.000 0.007 0.036 0.072 0.081 0.082 0.082 0.082 0.083 0.082
HIS01A0220_004 0.000 0.000 0.000 0.000 0.000 0.000 0.000 0.000 0.000 0.000 0.000 0.000 0.000 0.000 0.000
HIS01A0220_005 0.000 0.000 0.000 0.000 0.000 0.000 0.007 0.041 0.085 0.094 0.095 0.097 0.094 0.095 0.095
HIS01A0220_006 0.000 0.000 0.000 0.000 0.000 0.000 0.000 0.000 0.000 0.000 0.000 0.000 0.000 0.000 0.000
HIS01A0220_007 0.000 0.000 0.000 0.000 0.000 0.000 0.000 0.000 0.000 0.000 0.000 0.000 0.000 0.000 0.000
HIS01A0220_008 0.000 0.000 0.000 0.000 0.000 0.000 0.003 0.019 0.039 0.043 0.045 0.045 0.044 0.044 0.045
HIS01A0220_009 0.000 0.000 0.000 0.000 0.000 0.000 0.000 0.000 0.000 0.000 0.000 0.000 0.000 0.000 0.000
HIS01A0220_010 0.000 0.000 0.000 0.000 0.000 0.000 0.000 0.000 0.000 0.000 0.000 0.000 0.000 0.000 0.000
HIS01A0220_011 0.000 0.000 0.000 0.000 0.000 0.000 0.003 0.014 0.029 0.032 0.033 0.034 0.033 0.033 0.033
HIS01A0220_012 0.000 0.000 0.000 0.000 0.000 0.000 0.000 0.000 0.000 0.000 0.000 0.000 0.000 0.000 0.000
HIS01A0220_013 0.000 0.000 0.000 0.000 0.000 0.000 0.000 0.000 0.000 0.001 0.000 0.001 0.000 0.000 0.001
HIS01A0220_014 0.000 0.000 0.000 0.000 0.000 0.000 0.004 0.022 0.044 0.050 0.050 0.051 0.050 0.049 0.050
HIS01A0220_015 0.000 0.000 0.000 0.000 0.000 0.000 0.000 0.000 0.000 0.000 0.000 0.000 0.000 0.000 0.000
HIS01A0220_016 0.000 0.000 0.000 0.000 0.000 0.000 0.000 0.000 0.000 0.000 0.000 0.000 0.000 0.000 0.000
HIS01A0220_017 0.000 0.000 0.000 0.000 0.000 0.000 0.000 0.003 0.006 0.006 0.006 0.007 0.007 0.007 0.007
HIS01A0220_018 0.000 0.000 0.000 0.000 0.000 0.000 0.000 0.004 0.009 0.010 0.010 0.010 0.010 0.010 0.010
HIS01A0220_019 0.000 0.000 0.000 0.000 0.000 0.000 0.000 0.000 0.000 0.000 0.000 0.000 0.000 0.000 0.000
HIS01A0220_020 0.000 0.000 0.000 0.000 0.000 0.000 0.000 0.000 0.000 0.000 0.000 0.000 0.000 0.000 0.000
HIS02A0220_021 0.000 0.000 0.000 0.000 0.000 0.000 0.002 0.013 0.027 0.030 0.031 0.030 0.030 0.030 0.031
HIS02A0220_022 0.000 0.000 0.000 0.000 0.000 0.000 0.008 0.043 0.088 0.099 0.098 0.099 0.100 0.100 0.098
HIS02A0220_023 0.000 0.000 0.000 0.000 0.000 0.000 0.000 0.000 0.000 0.000 0.000 0.000 0.000 0.000 0.000
HIS02A0220_024 0.000 0.000 0.000 0.000 0.000 0.000 0.000 0.000 0.000 0.000 0.000 0.000 0.000 0.000 0.000
HIS02A0220_025 0.000 0.000 0.000 0.000 0.000 0.000 0.000 0.000 0.000 0.000 0.000 0.000 0.000 0.000 0.000
HIS02A0220_026 0.000 0.000 0.000 0.000 0.000 0.000 0.000 0.000 0.000 0.000 0.000 0.000 0.000 0.000 0.000
HIS02A0220_027 0.000 0.000 0.000 0.000 0.000 0.005 0.008 0.042 0.084 0.096 0.097 0.095 0.096 0.097 0.095
HIS02A0220_028 0.000 0.000 0.000 0.000 0.000 0.000 0.000 0.000 0.000 0.000 0.000 0.000 0.000 0.000 0.000
HIS02A0220_029 0.000 0.000 0.000 0.000 0.000 0.000 0.000 0.000 0.000 0.000 0.000 0.000 0.000 0.000 0.000
HIS02A0220_030 0.000 0.000 0.000 0.000 0.000 0.000 0.006 0.031 0.063 0.071 0.072 0.071 0.072 0.072 0.072
HIS02A0220_031 0.000 0.000 0.000 0.000 0.000 0.000 0.000 0.006 0.012 0.013 0.013 0.013 0.013 0.013 0.013
HIS02A0220_032 0.000 0.000 0.000 0.000 0.000 0.000 0.000 0.000 0.000 0.000 0.000 0.000 0.000 0.000 0.000
HIS02A0220_033 0.000 0.000 0.000 0.000 0.000 0.000 0.006 0.036 0.073 0.082 0.085 0.083 0.084 0.084 0.084
HIS02A0220_034 0.000 0.000 0.000 0.000 0.000 0.000 0.005 0.028 0.057 0.062 0.064 0.065 0.064 0.064 0.064
HIS02A0220_035 0.000 0.000 0.000 0.000 0.000 0.000 0.000 0.000 0.000 0.000 0.000 0.000 0.000 0.000 0.000
HIS02A0220_036 0.000 0.000 0.000 0.000 0.000 0.000 0.000 0.000 0.000 0.000 0.000 0.000 0.000 0.000 0.000
HIS02A0220_037 0.000 0.000 0.000 0.000 0.000 0.006 0.010 0.056 0.114 0.127 0.130 0.129 0.130 0.130 0.130
HIS02A0220_038 0.000 0.000 0.000 0.000 0.000 0.000 0.000 0.000 0.000 0.000 0.000 0.000 0.000 0.000 0.000
HIS02A0220_039 0.000 0.000 0.000 0.000 0.000 0.000 0.000 0.002 0.004 0.004 0.004 0.004 0.004 0.004 0.004
HIS02A0220_040 0.000 0.000 0.000 0.000 0.000 0.000 0.000 0.000 0.000 0.000 0.000 0.000 0.000 0.000 0.000
HIS+1A0220_041 0.067 0.068 0.069 0.067 0.067 0.067 0.063 0.039 0.008 0.000 0.000 0.000 0.000 0.000 0.000
HIS+1A0220_042 0.100 0.098 0.099 0.100 0.099 0.097 0.092 0.057 0.012 0.002 0.000 0.000 0.000 0.000 0.000
HIS+1A0220_043 0.232 0.233 0.233 0.234 0.233 0.232 0.215 0.132 0.028 0.004 0.000 0.000 0.000 0.000 0.000
HIS+1A0220_044 0.001 0.001 0.001 0.001 0.001 0.001 0.001 0.000 0.000 0.000 0.000 0.000 0.000 0.000 0.000
HIS+1A0220_045 0.086 0.087 0.087 0.088 0.087 0.086 0.080 0.050 0.011 0.001 0.000 0.000 0.000 0.000 0.000
HIS+1A0220_046 0.126 0.126 0.125 0.125 0.126 0.124 0.115 0.071 0.015 0.002 0.000 0.000 0.000 0.000 0.000
HIS+1A0220_047 0.002 0.002 0.002 0.002 0.002 0.002 0.002 0.000 0.000 0.000 0.000 0.000 0.000 0.000 0.000
HIS+1A0220_048 0.196 0.197 0.198 0.195 0.199 0.193 0.183 0.113 0.024 0.003 0.000 0.000 0.000 0.000 0.000
HIS+1A0220_049 0.000 0.000 0.000 0.000 0.000 0.000 0.000 0.000 0.000 0.000 0.000 0.000 0.000 0.000 0.000
HIS+1A0220_050 0.000 0.000 0.000 0.000 0.000 0.000 0.000 0.000 0.000 0.000 0.000 0.000 0.000 0.000 0.000
HIS+1A0220_051 0.000 0.000 0.000 0.000 0.000 0.000 0.000 0.000 0.000 0.000 0.000 0.000 0.000 0.000 0.000
HIS+1A0220_052 0.000 0.000 0.000 0.000 0.000 0.000 0.000 0.000 0.000 0.000 0.000 0.000 0.000 0.000 0.000
HIS+1A0220_053 0.000 0.000 0.000 0.000 0.000 0.000 0.000 0.000 0.000 0.000 0.000 0.000 0.000 0.000 0.000
HIS+1A0220_054 0.000 0.000 0.000 0.000 0.000 0.000 0.000 0.000 0.000 0.000 0.000 0.000 0.000 0.000 0.000
HIS+1A0220_055 0.000 0.000 0.000 0.000 0.000 0.000 0.000 0.000 0.000 0.000 0.000 0.000 0.000 0.000 0.000
HIS+1A0220_056 0.000 0.000 0.000 0.000 0.000 0.000 0.000 0.000 0.000 0.000 0.000 0.000 0.000 0.000 0.000
HIS+1A0220_057 0.008 0.008 0.008 0.008 0.008 0.008 0.008 0.005 0.000 0.000 0.000 0.000 0.000 0.000 0.000
HIS+1A0220_058 0.149 0.149 0.148 0.148 0.146 0.148 0.137 0.085 0.018 0.002 0.000 0.000 0.000 0.000 0.000
HIS+1A0220_059 0.032 0.031 0.031 0.031 0.031 0.031 0.029 0.018 0.004 0.000 0.000 0.000 0.000 0.000 0.000
HIS+1A0220_060 0.000 0.000 0.000 0.000 0.000 0.000 0.000 0.000 0.000 0.000 0.000 0.000 0.000 0.000 0.000
