 ph              0.0   1.0   2.0   3.0   4.0   5.0   6.0   7.0   8.0   9.0  10.0  11.0  12.0  13.0  14.0
GLU01A0225_001 0.000 0.000 0.000 0.000 0.000 0.000 0.000 0.000 0.000 0.000 0.000 0.000 0.000 0.000 0.000
GLU01A0225_002 0.001 0.001 0.001 0.001 0.000 0.000 0.000 0.000 0.000 0.000 0.000 0.000 0.000 0.000 0.000
GLU01A0225_003 0.002 0.002 0.002 0.001 0.000 0.000 0.000 0.000 0.000 0.000 0.000 0.000 0.000 0.000 0.000
GLU01A0225_004 0.006 0.006 0.005 0.005 0.002 0.000 0.000 0.000 0.000 0.000 0.000 0.000 0.000 0.000 0.000
GLU01A0225_005 0.020 0.020 0.020 0.017 0.008 0.002 0.000 0.000 0.000 0.000 0.000 0.000 0.000 0.000 0.000
GLU01A0225_006 0.007 0.007 0.007 0.007 0.003 0.000 0.000 0.000 0.000 0.000 0.000 0.000 0.000 0.000 0.000
GLU01A0225_007 0.012 0.012 0.012 0.011 0.005 0.000 0.000 0.000 0.000 0.000 0.000 0.000 0.000 0.000 0.000
GLU01A0225_008 0.000 0.000 0.000 0.000 0.000 0.000 0.000 0.000 0.000 0.000 0.000 0.000 0.000 0.000 0.000
GLU01A0225_009 0.231 0.229 0.226 0.201 0.095 0.021 0.004 0.000 0.000 0.000 0.000 0.000 0.000 0.000 0.000
GLU01A0225_010 0.101 0.101 0.099 0.088 0.042 0.009 0.000 0.000 0.000 0.000 0.000 0.000 0.000 0.000 0.000
GLU01A0225_011 0.199 0.203 0.199 0.174 0.083 0.018 0.003 0.000 0.000 0.000 0.000 0.000 0.000 0.000 0.000
GLU01A0225_012 0.045 0.045 0.044 0.039 0.019 0.004 0.000 0.000 0.000 0.000 0.000 0.000 0.000 0.000 0.000
GLU01A0225_013 0.016 0.016 0.016 0.014 0.007 0.000 0.000 0.000 0.000 0.000 0.000 0.000 0.000 0.000 0.000
GLU02A0225_014 0.002 0.002 0.002 0.001 0.000 0.000 0.000 0.000 0.000 0.000 0.000 0.000 0.000 0.000 0.000
GLU02A0225_015 0.002 0.002 0.002 0.002 0.000 0.000 0.000 0.000 0.000 0.000 0.000 0.000 0.000 0.000 0.000
GLU02A0225_016 0.006 0.006 0.006 0.005 0.003 0.000 0.000 0.000 0.000 0.000 0.000 0.000 0.000 0.000 0.000
GLU02A0225_017 0.018 0.018 0.017 0.016 0.007 0.001 0.000 0.000 0.000 0.000 0.000 0.000 0.000 0.000 0.000
GLU02A0225_018 0.008 0.008 0.008 0.007 0.003 0.000 0.000 0.000 0.000 0.000 0.000 0.000 0.000 0.000 0.000
GLU02A0225_019 0.005 0.004 0.004 0.004 0.002 0.000 0.000 0.000 0.000 0.000 0.000 0.000 0.000 0.000 0.000
GLU02A0225_020 0.005 0.004 0.004 0.004 0.002 0.000 0.000 0.000 0.000 0.000 0.000 0.000 0.000 0.000 0.000
GLU02A0225_021 0.010 0.010 0.010 0.009 0.004 0.000 0.000 0.000 0.000 0.000 0.000 0.000 0.000 0.000 0.000
GLU02A0225_022 0.000 0.000 0.000 0.000 0.000 0.000 0.000 0.000 0.000 0.000 0.000 0.000 0.000 0.000 0.000
GLU02A0225_023 0.023 0.023 0.023 0.020 0.010 0.002 0.000 0.000 0.000 0.000 0.000 0.000 0.000 0.000 0.000
GLU02A0225_024 0.111 0.111 0.109 0.097 0.046 0.010 0.002 0.000 0.000 0.000 0.000 0.000 0.000 0.000 0.000
GLU02A0225_025 0.159 0.157 0.156 0.137 0.065 0.014 0.002 0.000 0.000 0.000 0.000 0.000 0.000 0.000 0.000
GLU02A0225_026 0.010 0.010 0.010 0.009 0.004 0.000 0.000 0.000 0.000 0.000 0.000 0.000 0.000 0.000 0.000
GLU-1A0225_027 0.000 0.000 0.000 0.004 0.020 0.031 0.034 0.034 0.034 0.034 0.033 0.033 0.033 0.034 0.034
GLU-1A0225_028 0.000 0.000 0.000 0.007 0.034 0.054 0.058 0.059 0.058 0.058 0.057 0.059 0.058 0.059 0.059
GLU-1A0225_029 0.000 0.000 0.006 0.043 0.199 0.308 0.329 0.332 0.335 0.334 0.337 0.331 0.336 0.334 0.336
GLU-1A0225_030 0.000 0.000 0.009 0.064 0.294 0.460 0.496 0.503 0.501 0.501 0.502 0.505 0.501 0.501 0.500
GLU-1A0225_031 0.000 0.000 0.001 0.009 0.043 0.067 0.072 0.071 0.072 0.073 0.071 0.072 0.071 0.072 0.072
