 ph              0.0   1.0   2.0   3.0   4.0   5.0   6.0   7.0   8.0   9.0  10.0  11.0  12.0  13.0  14.0
ASN01A0147_001 0.093 0.094 0.093 0.094 0.094 0.094 0.094 0.094 0.093 0.094 0.094 0.094 0.094 0.094 0.094
ASN01A0147_002 0.028 0.027 0.027 0.028 0.027 0.027 0.028 0.028 0.027 0.028 0.028 0.027 0.027 0.027 0.028
ASN01A0147_003 0.015 0.015 0.015 0.015 0.015 0.015 0.015 0.015 0.015 0.015 0.015 0.015 0.015 0.015 0.015
ASN01A0147_004 0.306 0.305 0.306 0.306 0.306 0.305 0.303 0.305 0.306 0.306 0.305 0.306 0.304 0.305 0.304
ASN01A0147_005 0.035 0.035 0.035 0.035 0.035 0.035 0.035 0.035 0.035 0.035 0.035 0.035 0.035 0.035 0.035
ASN01A0147_006 0.062 0.063 0.062 0.062 0.062 0.063 0.063 0.062 0.062 0.063 0.062 0.062 0.062 0.062 0.062
ASN01A0147_007 0.093 0.093 0.093 0.092 0.092 0.093 0.093 0.092 0.093 0.092 0.093 0.093 0.093 0.093 0.093
ASN01A0147_008 0.170 0.171 0.171 0.172 0.171 0.171 0.171 0.171 0.171 0.170 0.171 0.171 0.172 0.171 0.172
ASN01A0147_009 0.045 0.045 0.045 0.045 0.045 0.045 0.045 0.045 0.044 0.045 0.045 0.045 0.044 0.045 0.045
ASN01A0147_010 0.105 0.105 0.104 0.105 0.105 0.104 0.104 0.105 0.105 0.105 0.104 0.104 0.105 0.105 0.104
ASN01A0147_011 0.048 0.048 0.048 0.048 0.048 0.048 0.048 0.048 0.048 0.048 0.048 0.048 0.048 0.048 0.048
