 ph              0.0   1.0   2.0   3.0   4.0   5.0   6.0   7.0   8.0   9.0  10.0  11.0  12.0  13.0  14.0
TYR01A0067_001 0.003 0.003 0.003 0.003 0.003 0.003 0.003 0.003 0.003 0.002 0.000 0.000 0.000 0.000 0.000
TYR01A0067_002 0.094 0.094 0.094 0.093 0.093 0.093 0.095 0.092 0.089 0.067 0.019 0.003 0.000 0.000 0.000
TYR01A0067_003 0.000 0.000 0.000 0.000 0.000 0.000 0.000 0.000 0.000 0.000 0.000 0.000 0.000 0.000 0.000
TYR01A0067_004 0.002 0.002 0.002 0.002 0.002 0.002 0.002 0.002 0.002 0.001 0.000 0.000 0.000 0.000 0.000
TYR01A0067_005 0.000 0.000 0.000 0.000 0.000 0.000 0.000 0.000 0.000 0.000 0.000 0.000 0.000 0.000 0.000
TYR01A0067_006 0.331 0.331 0.331 0.331 0.329 0.331 0.330 0.330 0.316 0.234 0.070 0.010 0.005 0.000 0.000
TYR01A0067_007 0.000 0.000 0.000 0.000 0.000 0.000 0.000 0.000 0.000 0.000 0.000 0.000 0.000 0.000 0.000
TYR01A0067_008 0.020 0.019 0.020 0.020 0.020 0.020 0.020 0.020 0.019 0.015 0.004 0.000 0.000 0.000 0.000
TYR01A0067_009 0.000 0.000 0.000 0.000 0.000 0.000 0.000 0.000 0.000 0.000 0.000 0.000 0.000 0.000 0.000
TYR01A0067_010 0.000 0.000 0.000 0.000 0.000 0.000 0.000 0.000 0.000 0.000 0.000 0.000 0.000 0.000 0.000
TYR01A0067_011 0.000 0.000 0.000 0.000 0.000 0.000 0.000 0.000 0.000 0.000 0.000 0.000 0.000 0.000 0.000
TYR01A0067_012 0.000 0.000 0.000 0.000 0.000 0.000 0.000 0.000 0.000 0.000 0.000 0.000 0.000 0.000 0.000
TYR01A0067_013 0.018 0.018 0.018 0.018 0.018 0.018 0.018 0.018 0.017 0.013 0.004 0.000 0.000 0.000 0.000
TYR01A0067_014 0.209 0.207 0.207 0.207 0.209 0.208 0.207 0.208 0.199 0.150 0.044 0.006 0.000 0.000 0.000
TYR01A0067_015 0.066 0.066 0.065 0.067 0.067 0.067 0.067 0.065 0.064 0.047 0.014 0.002 0.000 0.000 0.000
TYR01A0067_016 0.005 0.005 0.004 0.004 0.004 0.005 0.005 0.005 0.004 0.003 0.000 0.000 0.000 0.000 0.000
TYR01A0067_017 0.175 0.177 0.176 0.176 0.175 0.176 0.176 0.173 0.167 0.124 0.037 0.005 0.000 0.000 0.000
TYR01A0067_018 0.001 0.000 0.002 0.002 0.001 0.001 0.001 0.001 0.001 0.001 0.000 0.000 0.000 0.000 0.000
TYR01A0067_019 0.072 0.072 0.072 0.071 0.072 0.071 0.072 0.070 0.070 0.051 0.015 0.002 0.000 0.000 0.000
TYR01A0067_020 0.006 0.006 0.006 0.006 0.006 0.006 0.006 0.006 0.005 0.004 0.001 0.000 0.000 0.000 0.000
TYR-1A0067_021 0.000 0.000 0.000 0.000 0.000 0.000 0.000 0.000 0.000 0.000 0.002 0.003 0.003 0.003 0.003
TYR-1A0067_022 0.000 0.000 0.000 0.000 0.000 0.000 0.000 0.000 0.000 0.000 0.000 0.000 0.000 0.000 0.000
TYR-1A0067_023 0.000 0.000 0.000 0.000 0.000 0.000 0.000 0.000 0.000 0.007 0.020 0.025 0.025 0.025 0.025
TYR-1A0067_024 0.000 0.000 0.000 0.000 0.000 0.000 0.000 0.000 0.000 0.000 0.000 0.000 0.000 0.000 0.000
TYR-1A0067_025 0.000 0.000 0.000 0.000 0.000 0.000 0.000 0.000 0.000 0.000 0.000 0.000 0.000 0.000 0.000
TYR-1A0067_026 0.000 0.000 0.000 0.000 0.000 0.000 0.000 0.007 0.016 0.101 0.272 0.332 0.343 0.342 0.345
TYR-1A0067_027 0.000 0.000 0.000 0.000 0.000 0.000 0.000 0.000 0.000 0.000 0.002 0.002 0.003 0.003 0.003
TYR-1A0067_028 0.000 0.000 0.000 0.000 0.000 0.000 0.000 0.000 0.000 0.001 0.004 0.005 0.005 0.005 0.005
TYR-1A0067_029 0.000 0.000 0.000 0.000 0.000 0.000 0.000 0.000 0.000 0.000 0.000 0.000 0.000 0.000 0.000
TYR-1A0067_030 0.000 0.000 0.000 0.000 0.000 0.000 0.000 0.000 0.000 0.002 0.005 0.006 0.007 0.007 0.007
TYR-1A0067_031 0.000 0.000 0.000 0.000 0.000 0.000 0.000 0.000 0.000 0.000 0.000 0.000 0.000 0.000 0.000
TYR-1A0067_032 0.000 0.000 0.000 0.000 0.000 0.000 0.000 0.000 0.007 0.044 0.117 0.145 0.150 0.152 0.152
TYR-1A0067_033 0.000 0.000 0.000 0.000 0.000 0.000 0.000 0.000 0.005 0.034 0.093 0.115 0.116 0.118 0.117
TYR-1A0067_034 0.000 0.000 0.000 0.000 0.000 0.000 0.000 0.000 0.000 0.000 0.000 0.001 0.001 0.001 0.001
TYR-1A0067_035 0.000 0.000 0.000 0.000 0.000 0.000 0.000 0.000 0.012 0.074 0.205 0.250 0.256 0.257 0.255
TYR-1A0067_036 0.000 0.000 0.000 0.000 0.000 0.000 0.000 0.000 0.000 0.000 0.000 0.000 0.000 0.000 0.000
TYR-1A0067_037 0.000 0.000 0.000 0.000 0.000 0.000 0.000 0.000 0.002 0.010 0.028 0.034 0.034 0.034 0.034
TYR-1A0067_038 0.000 0.000 0.000 0.000 0.000 0.000 0.000 0.000 0.002 0.011 0.032 0.039 0.039 0.039 0.039
TYR-1A0067_039 0.000 0.000 0.000 0.000 0.000 0.000 0.000 0.000 0.000 0.000 0.000 0.000 0.000 0.000 0.000
TYR-1A0067_040 0.000 0.000 0.000 0.000 0.000 0.000 0.000 0.000 0.000 0.004 0.011 0.014 0.014 0.015 0.014
