 ph              0.0   1.0   2.0   3.0   4.0   5.0   6.0   7.0   8.0   9.0  10.0  11.0  12.0  13.0  14.0
LEU01A0181_001 0.386 0.387 0.387 0.389 0.388 0.391 0.391 0.389 0.387 0.387 0.388 0.390 0.389 0.388 0.386
LEU01A0181_002 0.006 0.006 0.006 0.006 0.006 0.006 0.006 0.006 0.006 0.006 0.006 0.006 0.006 0.006 0.006
LEU01A0181_003 0.020 0.020 0.020 0.020 0.019 0.020 0.020 0.020 0.020 0.020 0.020 0.020 0.020 0.020 0.020
LEU01A0181_004 0.000 0.000 0.000 0.000 0.000 0.000 0.000 0.000 0.000 0.000 0.000 0.000 0.000 0.000 0.000
LEU01A0181_005 0.413 0.410 0.413 0.411 0.413 0.410 0.410 0.412 0.413 0.413 0.413 0.413 0.412 0.412 0.412
LEU01A0181_006 0.050 0.049 0.049 0.050 0.049 0.050 0.050 0.049 0.049 0.049 0.049 0.049 0.050 0.049 0.049
LEU01A0181_007 0.004 0.004 0.004 0.004 0.004 0.004 0.004 0.004 0.004 0.004 0.004 0.004 0.004 0.004 0.004
LEU01A0181_008 0.000 0.000 0.000 0.000 0.000 0.000 0.000 0.000 0.000 0.000 0.000 0.000 0.000 0.000 0.000
LEU01A0181_009 0.000 0.000 0.000 0.000 0.000 0.000 0.000 0.000 0.000 0.000 0.000 0.001 0.000 0.000 0.001
LEU01A0181_010 0.000 0.001 0.001 0.000 0.001 0.000 0.000 0.001 0.001 0.001 0.001 0.001 0.000 0.001 0.001
LEU01A0181_011 0.121 0.122 0.120 0.120 0.119 0.120 0.118 0.120 0.119 0.121 0.119 0.118 0.119 0.119 0.120
