 ph              0.0   1.0   2.0   3.0   4.0   5.0   6.0   7.0   8.0   9.0  10.0  11.0  12.0  13.0  14.0
LEU01A0204_001 0.405 0.410 0.407 0.404 0.404 0.407 0.408 0.406 0.406 0.406 0.407 0.406 0.405 0.405 0.404
LEU01A0204_002 0.000 0.000 0.000 0.000 0.000 0.000 0.000 0.000 0.000 0.000 0.000 0.000 0.000 0.000 0.000
LEU01A0204_003 0.039 0.039 0.039 0.039 0.039 0.039 0.039 0.039 0.039 0.039 0.039 0.039 0.039 0.039 0.039
LEU01A0204_004 0.000 0.000 0.000 0.000 0.000 0.000 0.000 0.000 0.000 0.000 0.000 0.000 0.000 0.000 0.000
LEU01A0204_005 0.491 0.487 0.491 0.492 0.492 0.490 0.487 0.490 0.491 0.490 0.490 0.489 0.492 0.491 0.493
LEU01A0204_006 0.065 0.064 0.064 0.065 0.064 0.064 0.065 0.065 0.065 0.065 0.064 0.066 0.065 0.065 0.063
LEU01A0204_007 0.000 0.000 0.000 0.000 0.000 0.000 0.000 0.000 0.000 0.000 0.000 0.000 0.000 0.000 0.000
LEU01A0204_008 0.000 0.000 0.000 0.000 0.000 0.000 0.000 0.000 0.000 0.000 0.000 0.000 0.000 0.000 0.000
LEU01A0204_009 0.000 0.000 0.000 0.000 0.000 0.000 0.000 0.000 0.000 0.000 0.000 0.000 0.000 0.000 0.000
