 ph              0.0   1.0   2.0   3.0   4.0   5.0   6.0   7.0   8.0   9.0  10.0  11.0  12.0  13.0  14.0
LEU01A0241_001 0.003 0.003 0.004 0.003 0.003 0.003 0.004 0.003 0.003 0.003 0.004 0.004 0.003 0.003 0.004
LEU01A0241_002 0.000 0.000 0.001 0.000 0.001 0.001 0.000 0.000 0.000 0.000 0.000 0.000 0.000 0.001 0.001
LEU01A0241_003 0.037 0.037 0.039 0.038 0.037 0.038 0.037 0.037 0.037 0.037 0.037 0.038 0.037 0.037 0.037
LEU01A0241_004 0.897 0.899 0.893 0.896 0.898 0.895 0.899 0.898 0.897 0.898 0.896 0.896 0.896 0.899 0.895
LEU01A0241_005 0.025 0.024 0.026 0.025 0.025 0.025 0.025 0.024 0.025 0.024 0.025 0.025 0.025 0.023 0.025
LEU01A0241_006 0.000 0.000 0.000 0.000 0.000 0.000 0.000 0.000 0.000 0.000 0.000 0.000 0.000 0.000 0.000
LEU01A0241_007 0.000 0.000 0.000 0.000 0.000 0.000 0.000 0.000 0.000 0.000 0.000 0.000 0.000 0.000 0.000
LEU01A0241_008 0.000 0.000 0.000 0.000 0.000 0.000 0.000 0.000 0.000 0.000 0.000 0.000 0.000 0.000 0.000
LEU01A0241_009 0.037 0.036 0.038 0.036 0.036 0.037 0.036 0.037 0.037 0.037 0.037 0.037 0.037 0.036 0.037
LEU01A0241_010 0.000 0.000 0.000 0.000 0.000 0.000 0.000 0.000 0.000 0.000 0.000 0.000 0.000 0.000 0.000
LEU01A0241_011 0.001 0.000 0.000 0.000 0.000 0.001 0.000 0.000 0.000 0.000 0.001 0.000 0.001 0.000 0.000
LEU01A0241_012 0.000 0.000 0.000 0.000 0.000 0.000 0.000 0.000 0.000 0.000 0.000 0.000 0.000 0.000 0.000
