 ph              0.0   1.0   2.0   3.0   4.0   5.0   6.0   7.0   8.0   9.0  10.0  11.0  12.0  13.0  14.0
CYS01A0049_001 0.255 0.254 0.254 0.255 0.253 0.255 0.254 0.242 0.165 0.039 0.005 0.000 0.000 0.000 0.000
CYS01A0049_002 0.000 0.000 0.000 0.000 0.000 0.000 0.000 0.000 0.000 0.000 0.000 0.000 0.000 0.000 0.000
CYS01A0049_003 0.082 0.083 0.082 0.082 0.083 0.083 0.082 0.078 0.053 0.013 0.002 0.000 0.000 0.000 0.000
CYS01A0049_004 0.229 0.229 0.228 0.229 0.230 0.228 0.227 0.217 0.148 0.035 0.005 0.000 0.000 0.000 0.000
CYS01A0049_005 0.248 0.248 0.248 0.246 0.247 0.247 0.245 0.235 0.160 0.038 0.005 0.002 0.000 0.000 0.000
CYS01A0049_006 0.000 0.000 0.000 0.000 0.000 0.000 0.000 0.000 0.000 0.000 0.000 0.000 0.000 0.000 0.000
CYS01A0049_007 0.089 0.088 0.089 0.088 0.089 0.088 0.089 0.084 0.057 0.014 0.002 0.000 0.000 0.000 0.000
CYS01A0049_008 0.097 0.097 0.097 0.098 0.097 0.098 0.096 0.092 0.063 0.015 0.002 0.000 0.000 0.000 0.000
CYS01A0049_009 0.000 0.000 0.000 0.000 0.000 0.000 0.000 0.000 0.000 0.000 0.000 0.000 0.000 0.000 0.000
CYS01A0049_010 0.000 0.000 0.000 0.000 0.000 0.000 0.000 0.000 0.000 0.000 0.000 0.000 0.000 0.000 0.000
CYS01A0049_011 0.001 0.000 0.001 0.001 0.000 0.000 0.001 0.000 0.000 0.000 0.000 0.000 0.000 0.000 0.000
CYS01A0049_012 0.000 0.000 0.000 0.000 0.000 0.000 0.000 0.000 0.000 0.000 0.000 0.000 0.000 0.000 0.000
CYS01A0049_013 0.000 0.000 0.000 0.000 0.000 0.000 0.000 0.000 0.000 0.000 0.000 0.000 0.000 0.000 0.000
CYS01A0049_014 0.000 0.001 0.001 0.000 0.001 0.000 0.000 0.001 0.000 0.000 0.000 0.000 0.000 0.000 0.000
CYS-1A0049_015 0.000 0.000 0.000 0.000 0.000 0.000 0.003 0.031 0.213 0.503 0.586 0.594 0.598 0.601 0.594
CYS-1A0049_016 0.000 0.000 0.000 0.000 0.000 0.000 0.000 0.000 0.000 0.000 0.000 0.000 0.000 0.000 0.000
CYS-1A0049_017 0.000 0.000 0.000 0.000 0.000 0.000 0.002 0.021 0.142 0.339 0.392 0.400 0.399 0.396 0.403
CYS-1A0049_018 0.000 0.000 0.000 0.000 0.000 0.000 0.000 0.000 0.000 0.003 0.003 0.003 0.003 0.003 0.003
