 ph              0.0   1.0   2.0   3.0   4.0   5.0   6.0   7.0   8.0   9.0  10.0  11.0  12.0  13.0  14.0
PHE01A0084_001 0.057 0.058 0.058 0.058 0.058 0.057 0.059 0.058 0.059 0.059 0.059 0.059 0.058 0.058 0.059
PHE01A0084_002 0.000 0.000 0.000 0.000 0.000 0.000 0.000 0.000 0.000 0.000 0.001 0.001 0.001 0.001 0.000
PHE01A0084_003 0.304 0.302 0.302 0.306 0.302 0.304 0.304 0.302 0.304 0.299 0.299 0.300 0.305 0.303 0.304
PHE01A0084_004 0.000 0.000 0.000 0.000 0.000 0.000 0.000 0.000 0.000 0.000 0.000 0.000 0.000 0.000 0.000
PHE01A0084_005 0.026 0.027 0.026 0.026 0.026 0.027 0.026 0.026 0.026 0.026 0.026 0.026 0.026 0.026 0.026
PHE01A0084_006 0.064 0.064 0.064 0.065 0.065 0.064 0.065 0.065 0.064 0.066 0.066 0.064 0.064 0.065 0.064
PHE01A0084_007 0.000 0.000 0.000 0.000 0.000 0.000 0.000 0.000 0.000 0.000 0.000 0.000 0.000 0.000 0.000
PHE01A0084_008 0.000 0.000 0.000 0.000 0.000 0.000 0.000 0.000 0.000 0.000 0.000 0.000 0.000 0.000 0.000
PHE01A0084_009 0.000 0.000 0.000 0.000 0.000 0.000 0.000 0.000 0.000 0.000 0.000 0.000 0.000 0.000 0.000
PHE01A0084_010 0.014 0.014 0.014 0.014 0.014 0.014 0.014 0.014 0.014 0.014 0.014 0.014 0.014 0.014 0.014
PHE01A0084_011 0.489 0.486 0.487 0.483 0.487 0.485 0.484 0.486 0.485 0.487 0.486 0.488 0.485 0.485 0.484
PHE01A0084_012 0.011 0.011 0.011 0.012 0.011 0.012 0.011 0.012 0.011 0.012 0.011 0.011 0.011 0.012 0.011
PHE01A0084_013 0.036 0.037 0.037 0.037 0.037 0.037 0.037 0.037 0.037 0.037 0.037 0.037 0.037 0.036 0.037
PHE01A0084_014 0.000 0.000 0.000 0.000 0.000 0.000 0.000 0.000 0.000 0.000 0.000 0.000 0.000 0.000 0.000
PHE01A0084_015 0.000 0.000 0.000 0.000 0.000 0.000 0.000 0.000 0.000 0.000 0.000 0.000 0.000 0.000 0.000
PHE01A0084_016 0.000 0.000 0.000 0.000 0.000 0.000 0.000 0.000 0.000 0.000 0.000 0.000 0.000 0.000 0.000
PHE01A0084_017 0.000 0.000 0.000 0.000 0.000 0.000 0.000 0.000 0.000 0.000 0.000 0.000 0.000 0.000 0.000
PHE01A0084_018 0.000 0.000 0.000 0.000 0.000 0.000 0.000 0.000 0.000 0.000 0.000 0.000 0.000 0.000 0.000
PHE01A0084_019 0.000 0.000 0.000 0.000 0.000 0.000 0.000 0.000 0.000 0.000 0.000 0.000 0.000 0.000 0.000
