 ph              0.0   1.0   2.0   3.0   4.0   5.0   6.0   7.0   8.0   9.0  10.0  11.0  12.0  13.0  14.0
GLU01A0114_001 0.002 0.002 0.002 0.002 0.001 0.000 0.000 0.000 0.000 0.000 0.000 0.000 0.000 0.000 0.000
GLU01A0114_002 0.009 0.009 0.009 0.009 0.006 0.002 0.000 0.000 0.000 0.000 0.000 0.000 0.000 0.000 0.000
GLU01A0114_003 0.000 0.000 0.000 0.000 0.000 0.000 0.000 0.000 0.000 0.000 0.000 0.000 0.000 0.000 0.000
GLU01A0114_004 0.000 0.000 0.000 0.000 0.000 0.000 0.000 0.000 0.000 0.000 0.000 0.000 0.000 0.000 0.000
GLU01A0114_005 0.016 0.015 0.015 0.015 0.010 0.003 0.000 0.000 0.000 0.000 0.000 0.000 0.000 0.000 0.000
GLU01A0114_006 0.058 0.059 0.058 0.055 0.037 0.010 0.002 0.000 0.000 0.000 0.000 0.000 0.000 0.000 0.000
GLU01A0114_007 0.052 0.052 0.051 0.049 0.033 0.009 0.000 0.000 0.000 0.000 0.000 0.000 0.000 0.000 0.000
GLU01A0114_008 0.182 0.183 0.179 0.172 0.116 0.030 0.005 0.000 0.000 0.000 0.000 0.000 0.000 0.000 0.000
GLU01A0114_009 0.002 0.002 0.002 0.002 0.001 0.000 0.000 0.000 0.000 0.000 0.000 0.000 0.000 0.000 0.000
GLU01A0114_010 0.219 0.220 0.219 0.208 0.141 0.037 0.006 0.000 0.000 0.000 0.000 0.000 0.000 0.000 0.000
GLU01A0114_011 0.000 0.000 0.000 0.000 0.000 0.000 0.000 0.000 0.000 0.000 0.000 0.000 0.000 0.000 0.000
GLU01A0114_012 0.009 0.009 0.009 0.008 0.006 0.002 0.000 0.000 0.000 0.000 0.000 0.000 0.000 0.000 0.000
GLU01A0114_013 0.003 0.003 0.003 0.003 0.002 0.000 0.000 0.000 0.000 0.000 0.000 0.000 0.000 0.000 0.000
GLU01A0114_014 0.000 0.000 0.000 0.000 0.000 0.000 0.000 0.000 0.000 0.000 0.000 0.000 0.000 0.000 0.000
GLU01A0114_015 0.000 0.000 0.000 0.000 0.000 0.000 0.000 0.000 0.000 0.000 0.000 0.000 0.000 0.000 0.000
GLU01A0114_016 0.000 0.000 0.000 0.000 0.000 0.000 0.000 0.000 0.000 0.000 0.000 0.000 0.000 0.000 0.000
GLU01A0114_017 0.000 0.000 0.000 0.000 0.000 0.000 0.000 0.000 0.000 0.000 0.000 0.000 0.000 0.000 0.000
GLU01A0114_018 0.003 0.003 0.003 0.003 0.002 0.000 0.000 0.000 0.000 0.000 0.000 0.000 0.000 0.000 0.000
GLU01A0114_019 0.000 0.000 0.000 0.000 0.000 0.000 0.000 0.000 0.000 0.000 0.000 0.000 0.000 0.000 0.000
GLU01A0114_020 0.005 0.005 0.005 0.005 0.003 0.000 0.000 0.000 0.000 0.000 0.000 0.000 0.000 0.000 0.000
GLU02A0114_021 0.007 0.007 0.007 0.007 0.005 0.001 0.000 0.000 0.000 0.000 0.000 0.000 0.000 0.000 0.000
GLU02A0114_022 0.003 0.003 0.003 0.003 0.002 0.000 0.000 0.000 0.000 0.000 0.000 0.000 0.000 0.000 0.000
GLU02A0114_023 0.000 0.000 0.000 0.000 0.000 0.000 0.000 0.000 0.000 0.000 0.000 0.000 0.000 0.000 0.000
GLU02A0114_024 0.013 0.013 0.013 0.012 0.008 0.002 0.000 0.000 0.000 0.000 0.000 0.000 0.000 0.000 0.000
GLU02A0114_025 0.000 0.000 0.000 0.000 0.000 0.000 0.000 0.000 0.000 0.000 0.000 0.000 0.000 0.000 0.000
GLU02A0114_026 0.000 0.000 0.000 0.000 0.000 0.000 0.000 0.000 0.000 0.000 0.000 0.000 0.000 0.000 0.000
GLU02A0114_027 0.089 0.089 0.090 0.083 0.056 0.015 0.003 0.000 0.000 0.000 0.000 0.000 0.000 0.000 0.000
GLU02A0114_028 0.071 0.071 0.071 0.066 0.045 0.012 0.002 0.000 0.000 0.000 0.000 0.000 0.000 0.000 0.000
GLU02A0114_029 0.000 0.000 0.000 0.000 0.000 0.000 0.000 0.000 0.000 0.000 0.000 0.000 0.000 0.000 0.000
GLU02A0114_030 0.005 0.005 0.005 0.005 0.003 0.000 0.000 0.000 0.000 0.000 0.000 0.000 0.000 0.000 0.000
GLU02A0114_031 0.003 0.003 0.003 0.003 0.002 0.000 0.000 0.000 0.000 0.000 0.000 0.000 0.000 0.000 0.000
GLU02A0114_032 0.000 0.000 0.000 0.000 0.000 0.000 0.000 0.000 0.000 0.000 0.000 0.000 0.000 0.000 0.000
GLU02A0114_033 0.000 0.000 0.000 0.000 0.000 0.000 0.000 0.000 0.000 0.000 0.000 0.000 0.000 0.000 0.000
GLU02A0114_034 0.008 0.008 0.008 0.008 0.005 0.001 0.000 0.000 0.000 0.000 0.000 0.000 0.000 0.000 0.000
GLU02A0114_035 0.004 0.003 0.003 0.003 0.002 0.000 0.000 0.000 0.000 0.000 0.000 0.000 0.000 0.000 0.000
GLU02A0114_036 0.225 0.224 0.223 0.213 0.143 0.038 0.006 0.000 0.000 0.000 0.000 0.000 0.000 0.000 0.000
GLU02A0114_037 0.009 0.009 0.009 0.009 0.006 0.002 0.000 0.000 0.000 0.000 0.000 0.000 0.000 0.000 0.000
GLU02A0114_038 0.000 0.000 0.000 0.000 0.000 0.000 0.000 0.000 0.000 0.000 0.000 0.000 0.000 0.000 0.000
GLU02A0114_039 0.001 0.001 0.001 0.001 0.000 0.000 0.000 0.000 0.000 0.000 0.000 0.000 0.000 0.000 0.000
GLU-1A0114_040 0.000 0.000 0.003 0.019 0.126 0.288 0.339 0.345 0.346 0.346 0.347 0.344 0.347 0.347 0.348
GLU-1A0114_041 0.000 0.000 0.002 0.012 0.083 0.190 0.221 0.228 0.227 0.226 0.226 0.228 0.225 0.226 0.226
GLU-1A0114_042 0.000 0.000 0.002 0.019 0.126 0.291 0.338 0.347 0.347 0.348 0.348 0.348 0.349 0.348 0.347
GLU-1A0114_043 0.000 0.000 0.000 0.000 0.000 0.002 0.002 0.002 0.002 0.002 0.002 0.002 0.002 0.002 0.002
GLU-1A0114_044 0.000 0.000 0.000 0.002 0.015 0.034 0.039 0.039 0.040 0.040 0.040 0.040 0.040 0.040 0.039
GLU-1A0114_045 0.000 0.000 0.000 0.000 0.001 0.002 0.003 0.003 0.003 0.003 0.003 0.003 0.003 0.003 0.003
GLU-1A0114_046 0.000 0.000 0.000 0.002 0.013 0.029 0.034 0.035 0.035 0.035 0.035 0.035 0.034 0.035 0.035
