 ph              0.0   1.0   2.0   3.0   4.0   5.0   6.0   7.0   8.0   9.0  10.0  11.0  12.0  13.0  14.0
TYR01A0109_001 0.033 0.032 0.032 0.033 0.033 0.033 0.032 0.032 0.031 0.024 0.006 0.000 0.000 0.000 0.000
TYR01A0109_002 0.000 0.000 0.000 0.000 0.000 0.000 0.000 0.000 0.000 0.000 0.000 0.000 0.000 0.000 0.000
TYR01A0109_003 0.141 0.141 0.141 0.141 0.141 0.142 0.142 0.140 0.136 0.102 0.028 0.004 0.000 0.000 0.000
TYR01A0109_004 0.000 0.000 0.000 0.000 0.000 0.000 0.000 0.000 0.000 0.000 0.000 0.000 0.000 0.000 0.000
TYR01A0109_005 0.000 0.000 0.000 0.000 0.000 0.000 0.000 0.000 0.000 0.000 0.000 0.000 0.000 0.000 0.000
TYR01A0109_006 0.000 0.000 0.000 0.000 0.000 0.000 0.000 0.000 0.000 0.000 0.000 0.000 0.000 0.000 0.000
TYR01A0109_007 0.064 0.063 0.064 0.064 0.064 0.064 0.064 0.064 0.061 0.046 0.013 0.002 0.000 0.000 0.000
TYR01A0109_008 0.393 0.394 0.392 0.392 0.391 0.391 0.390 0.390 0.378 0.279 0.078 0.011 0.005 0.000 0.000
TYR01A0109_009 0.103 0.102 0.103 0.103 0.103 0.103 0.102 0.102 0.099 0.074 0.020 0.003 0.000 0.000 0.000
TYR01A0109_010 0.000 0.000 0.000 0.000 0.000 0.000 0.000 0.000 0.000 0.000 0.000 0.000 0.000 0.000 0.000
TYR01A0109_011 0.000 0.000 0.000 0.000 0.000 0.000 0.000 0.000 0.000 0.000 0.000 0.000 0.000 0.000 0.000
TYR01A0109_012 0.000 0.000 0.000 0.000 0.000 0.000 0.000 0.000 0.000 0.000 0.000 0.000 0.000 0.000 0.000
TYR01A0109_013 0.000 0.000 0.000 0.000 0.000 0.000 0.000 0.000 0.000 0.000 0.000 0.000 0.000 0.000 0.000
TYR01A0109_014 0.000 0.000 0.000 0.000 0.000 0.000 0.000 0.000 0.000 0.000 0.000 0.000 0.000 0.000 0.000
TYR01A0109_015 0.016 0.016 0.016 0.016 0.016 0.016 0.016 0.016 0.015 0.012 0.003 0.000 0.000 0.000 0.000
TYR01A0109_016 0.000 0.000 0.000 0.000 0.000 0.000 0.000 0.000 0.000 0.000 0.000 0.000 0.000 0.000 0.000
TYR01A0109_017 0.000 0.000 0.000 0.000 0.000 0.000 0.000 0.000 0.000 0.000 0.000 0.000 0.000 0.000 0.000
TYR01A0109_018 0.000 0.000 0.000 0.000 0.000 0.000 0.000 0.000 0.000 0.000 0.000 0.000 0.000 0.000 0.000
TYR01A0109_019 0.072 0.073 0.073 0.073 0.073 0.073 0.072 0.073 0.071 0.052 0.014 0.002 0.000 0.000 0.000
TYR01A0109_020 0.177 0.178 0.178 0.178 0.178 0.178 0.180 0.176 0.170 0.126 0.035 0.005 0.000 0.000 0.000
TYR-1A0109_021 0.000 0.000 0.000 0.000 0.000 0.000 0.000 0.000 0.001 0.010 0.029 0.035 0.036 0.035 0.036
TYR-1A0109_022 0.000 0.000 0.000 0.000 0.000 0.000 0.000 0.000 0.000 0.000 0.000 0.000 0.000 0.000 0.000
TYR-1A0109_023 0.000 0.000 0.000 0.000 0.000 0.000 0.000 0.000 0.000 0.000 0.000 0.000 0.000 0.000 0.000
TYR-1A0109_024 0.000 0.000 0.000 0.000 0.000 0.000 0.000 0.000 0.000 0.000 0.000 0.000 0.000 0.000 0.000
TYR-1A0109_025 0.000 0.000 0.000 0.000 0.000 0.000 0.000 0.000 0.003 0.019 0.054 0.066 0.067 0.068 0.066
TYR-1A0109_026 0.000 0.000 0.000 0.000 0.000 0.000 0.000 0.000 0.000 0.000 0.000 0.000 0.000 0.000 0.000
TYR-1A0109_027 0.000 0.000 0.000 0.000 0.000 0.000 0.000 0.000 0.000 0.000 0.000 0.000 0.000 0.000 0.000
TYR-1A0109_028 0.000 0.000 0.000 0.000 0.000 0.000 0.000 0.003 0.011 0.081 0.226 0.276 0.278 0.281 0.283
TYR-1A0109_029 0.000 0.000 0.000 0.000 0.000 0.000 0.000 0.000 0.002 0.013 0.035 0.043 0.044 0.043 0.043
TYR-1A0109_030 0.000 0.000 0.000 0.000 0.000 0.000 0.000 0.000 0.005 0.040 0.110 0.134 0.138 0.137 0.136
TYR-1A0109_031 0.000 0.000 0.000 0.000 0.000 0.000 0.000 0.000 0.000 0.000 0.000 0.000 0.000 0.000 0.000
TYR-1A0109_032 0.000 0.000 0.000 0.000 0.000 0.000 0.000 0.000 0.000 0.000 0.000 0.000 0.000 0.000 0.000
TYR-1A0109_033 0.000 0.000 0.000 0.000 0.000 0.000 0.000 0.000 0.000 0.000 0.000 0.000 0.000 0.000 0.000
TYR-1A0109_034 0.000 0.000 0.000 0.000 0.000 0.000 0.000 0.000 0.000 0.000 0.000 0.000 0.000 0.000 0.000
TYR-1A0109_035 0.000 0.000 0.000 0.000 0.000 0.000 0.000 0.000 0.002 0.017 0.046 0.056 0.058 0.057 0.058
TYR-1A0109_036 0.000 0.000 0.000 0.000 0.000 0.000 0.000 0.000 0.001 0.008 0.022 0.027 0.028 0.028 0.027
TYR-1A0109_037 0.000 0.000 0.000 0.000 0.000 0.000 0.000 0.000 0.000 0.000 0.000 0.000 0.000 0.000 0.000
TYR-1A0109_038 0.000 0.000 0.000 0.000 0.000 0.000 0.000 0.000 0.000 0.000 0.000 0.000 0.000 0.000 0.000
TYR-1A0109_039 0.000 0.000 0.000 0.000 0.000 0.000 0.000 0.004 0.013 0.100 0.279 0.336 0.345 0.351 0.349
TYR-1A0109_040 0.000 0.000 0.000 0.000 0.000 0.000 0.000 0.000 0.000 0.000 0.000 0.000 0.000 0.000 0.000
