 ph              0.0   1.0   2.0   3.0   4.0   5.0   6.0   7.0   8.0   9.0  10.0  11.0  12.0  13.0  14.0
LYS01A0214_001 0.000 0.000 0.000 0.000 0.000 0.000 0.000 0.000 0.000 0.000 0.000 0.000 0.000 0.000 0.000
LYS01A0214_002 0.000 0.000 0.000 0.000 0.000 0.000 0.000 0.000 0.000 0.008 0.050 0.154 0.202 0.207 0.209
LYS01A0214_003 0.000 0.000 0.000 0.000 0.000 0.000 0.000 0.000 0.000 0.012 0.074 0.230 0.297 0.312 0.313
LYS01A0214_004 0.000 0.000 0.000 0.000 0.000 0.000 0.000 0.000 0.000 0.000 0.000 0.001 0.002 0.002 0.002
LYS01A0214_005 0.000 0.000 0.000 0.000 0.000 0.000 0.000 0.000 0.000 0.005 0.031 0.096 0.126 0.129 0.129
LYS01A0214_006 0.000 0.000 0.000 0.000 0.000 0.000 0.000 0.000 0.000 0.000 0.005 0.016 0.021 0.022 0.022
LYS01A0214_007 0.000 0.000 0.000 0.000 0.000 0.000 0.000 0.000 0.000 0.000 0.002 0.005 0.006 0.006 0.006
LYS01A0214_008 0.000 0.000 0.000 0.000 0.000 0.000 0.000 0.000 0.000 0.000 0.002 0.006 0.008 0.009 0.009
LYS01A0214_009 0.000 0.000 0.000 0.000 0.000 0.000 0.000 0.000 0.000 0.000 0.004 0.013 0.016 0.017 0.018
LYS01A0214_010 0.000 0.000 0.000 0.000 0.000 0.000 0.000 0.000 0.000 0.000 0.000 0.002 0.002 0.003 0.003
LYS01A0214_011 0.000 0.000 0.000 0.000 0.000 0.000 0.000 0.000 0.000 0.000 0.000 0.000 0.000 0.000 0.000
LYS01A0214_012 0.000 0.000 0.000 0.000 0.000 0.000 0.000 0.000 0.000 0.000 0.004 0.013 0.016 0.016 0.017
LYS01A0214_013 0.000 0.000 0.000 0.000 0.000 0.000 0.000 0.000 0.000 0.000 0.000 0.000 0.001 0.001 0.001
LYS01A0214_014 0.000 0.000 0.000 0.000 0.000 0.000 0.000 0.000 0.000 0.000 0.000 0.000 0.000 0.000 0.000
LYS01A0214_015 0.000 0.000 0.000 0.000 0.000 0.000 0.000 0.000 0.000 0.003 0.020 0.064 0.083 0.085 0.086
LYS01A0214_016 0.000 0.000 0.000 0.000 0.000 0.000 0.000 0.000 0.000 0.000 0.000 0.002 0.003 0.003 0.003
LYS01A0214_017 0.000 0.000 0.000 0.000 0.000 0.000 0.000 0.000 0.000 0.007 0.043 0.133 0.174 0.178 0.180
LYS01A0214_018 0.000 0.000 0.000 0.000 0.000 0.000 0.000 0.000 0.000 0.000 0.000 0.000 0.000 0.000 0.000
LYS01A0214_019 0.000 0.000 0.000 0.000 0.000 0.000 0.000 0.000 0.000 0.000 0.000 0.003 0.003 0.003 0.004
LYS01A0214_020 0.000 0.000 0.000 0.000 0.000 0.000 0.000 0.000 0.000 0.000 0.000 0.000 0.000 0.000 0.000
LYS01A0214_021 0.000 0.000 0.000 0.000 0.000 0.000 0.000 0.000 0.000 0.000 0.000 0.000 0.000 0.000 0.000
LYS+1A0214_022 0.000 0.000 0.000 0.000 0.000 0.000 0.000 0.000 0.000 0.000 0.000 0.000 0.000 0.000 0.000
LYS+1A0214_023 0.219 0.217 0.217 0.219 0.220 0.221 0.219 0.218 0.218 0.209 0.166 0.057 0.009 0.000 0.000
LYS+1A0214_024 0.336 0.341 0.336 0.332 0.333 0.330 0.335 0.333 0.335 0.324 0.257 0.089 0.014 0.006 0.000
LYS+1A0214_025 0.133 0.131 0.134 0.134 0.132 0.132 0.133 0.134 0.134 0.128 0.101 0.035 0.005 0.000 0.000
LYS+1A0214_026 0.029 0.029 0.030 0.030 0.029 0.030 0.030 0.029 0.030 0.028 0.022 0.008 0.001 0.000 0.000
LYS+1A0214_027 0.039 0.038 0.038 0.039 0.039 0.039 0.039 0.038 0.038 0.037 0.030 0.010 0.002 0.000 0.000
LYS+1A0214_028 0.006 0.006 0.006 0.006 0.006 0.006 0.006 0.006 0.006 0.006 0.005 0.002 0.000 0.000 0.000
LYS+1A0214_029 0.191 0.190 0.190 0.191 0.191 0.193 0.188 0.192 0.189 0.185 0.146 0.050 0.008 0.000 0.000
LYS+1A0214_030 0.002 0.002 0.002 0.002 0.002 0.002 0.002 0.002 0.002 0.002 0.001 0.000 0.000 0.000 0.000
LYS+1A0214_031 0.000 0.000 0.000 0.000 0.000 0.000 0.000 0.000 0.000 0.000 0.000 0.000 0.000 0.000 0.000
LYS+1A0214_032 0.002 0.002 0.002 0.002 0.002 0.002 0.002 0.002 0.002 0.002 0.001 0.000 0.000 0.000 0.000
LYS+1A0214_033 0.000 0.000 0.000 0.000 0.000 0.000 0.000 0.000 0.000 0.000 0.000 0.000 0.000 0.000 0.000
LYS+1A0214_034 0.000 0.000 0.000 0.000 0.000 0.000 0.000 0.000 0.000 0.000 0.000 0.000 0.000 0.000 0.000
LYS+1A0214_035 0.000 0.000 0.000 0.000 0.000 0.000 0.000 0.000 0.000 0.000 0.000 0.000 0.000 0.000 0.000
LYS+1A0214_036 0.002 0.002 0.002 0.002 0.002 0.002 0.002 0.002 0.002 0.002 0.002 0.000 0.000 0.000 0.000
LYS+1A0214_037 0.002 0.002 0.002 0.002 0.002 0.002 0.002 0.002 0.002 0.002 0.002 0.000 0.000 0.000 0.000
LYS+1A0214_038 0.007 0.007 0.007 0.007 0.007 0.007 0.007 0.008 0.007 0.007 0.006 0.002 0.000 0.000 0.000
LYS+1A0214_039 0.000 0.000 0.000 0.000 0.000 0.000 0.000 0.000 0.000 0.000 0.000 0.000 0.000 0.000 0.000
LYS+1A0214_040 0.022 0.022 0.023 0.023 0.023 0.023 0.023 0.023 0.022 0.022 0.017 0.006 0.000 0.000 0.000
LYS+1A0214_041 0.010 0.010 0.010 0.010 0.010 0.010 0.010 0.010 0.010 0.009 0.008 0.003 0.000 0.000 0.000
LYS+1A0214_042 0.002 0.002 0.002 0.002 0.002 0.002 0.002 0.002 0.002 0.002 0.001 0.000 0.000 0.000 0.000
