 ph              0.0   1.0   2.0   3.0   4.0   5.0   6.0   7.0   8.0   9.0  10.0  11.0  12.0  13.0  14.0
GLU01A0203_001 0.000 0.000 0.000 0.000 0.000 0.000 0.000 0.000 0.000 0.000 0.000 0.000 0.000 0.000 0.000
GLU01A0203_002 0.001 0.001 0.001 0.001 0.000 0.000 0.000 0.000 0.000 0.000 0.000 0.000 0.000 0.000 0.000
GLU01A0203_003 0.000 0.000 0.000 0.000 0.000 0.000 0.000 0.000 0.000 0.000 0.000 0.000 0.000 0.000 0.000
GLU01A0203_004 0.004 0.003 0.003 0.003 0.002 0.000 0.000 0.000 0.000 0.000 0.000 0.000 0.000 0.000 0.000
GLU01A0203_005 0.000 0.000 0.000 0.000 0.000 0.000 0.000 0.000 0.000 0.000 0.000 0.000 0.000 0.000 0.000
GLU01A0203_006 0.000 0.000 0.000 0.000 0.000 0.000 0.000 0.000 0.000 0.000 0.000 0.000 0.000 0.000 0.000
GLU01A0203_007 0.002 0.002 0.002 0.002 0.001 0.000 0.000 0.000 0.000 0.000 0.000 0.000 0.000 0.000 0.000
GLU01A0203_008 0.000 0.000 0.000 0.000 0.000 0.000 0.000 0.000 0.000 0.000 0.000 0.000 0.000 0.000 0.000
GLU01A0203_009 0.035 0.035 0.035 0.032 0.021 0.006 0.000 0.000 0.000 0.000 0.000 0.000 0.000 0.000 0.000
GLU01A0203_010 0.023 0.023 0.023 0.021 0.014 0.004 0.000 0.000 0.000 0.000 0.000 0.000 0.000 0.000 0.000
GLU01A0203_011 0.000 0.000 0.000 0.000 0.000 0.000 0.000 0.000 0.000 0.000 0.000 0.000 0.000 0.000 0.000
GLU01A0203_012 0.008 0.008 0.008 0.007 0.005 0.000 0.000 0.000 0.000 0.000 0.000 0.000 0.000 0.000 0.000
GLU01A0203_013 0.002 0.002 0.003 0.002 0.001 0.000 0.000 0.000 0.000 0.000 0.000 0.000 0.000 0.000 0.000
GLU01A0203_014 0.000 0.000 0.000 0.000 0.000 0.000 0.000 0.000 0.000 0.000 0.000 0.000 0.000 0.000 0.000
GLU01A0203_015 0.000 0.000 0.000 0.000 0.000 0.000 0.000 0.000 0.000 0.000 0.000 0.000 0.000 0.000 0.000
GLU01A0203_016 0.005 0.005 0.005 0.005 0.003 0.000 0.000 0.000 0.000 0.000 0.000 0.000 0.000 0.000 0.000
GLU01A0203_017 0.001 0.001 0.001 0.001 0.000 0.000 0.000 0.000 0.000 0.000 0.000 0.000 0.000 0.000 0.000
GLU01A0203_018 0.001 0.001 0.001 0.001 0.000 0.000 0.000 0.000 0.000 0.000 0.000 0.000 0.000 0.000 0.000
GLU01A0203_019 0.000 0.000 0.000 0.000 0.000 0.000 0.000 0.000 0.000 0.000 0.000 0.000 0.000 0.000 0.000
GLU01A0203_020 0.005 0.004 0.005 0.004 0.003 0.000 0.000 0.000 0.000 0.000 0.000 0.000 0.000 0.000 0.000
GLU01A0203_021 0.027 0.026 0.026 0.025 0.016 0.004 0.000 0.000 0.000 0.000 0.000 0.000 0.000 0.000 0.000
GLU01A0203_022 0.000 0.000 0.000 0.000 0.000 0.000 0.000 0.000 0.000 0.000 0.000 0.000 0.000 0.000 0.000
GLU01A0203_023 0.065 0.065 0.065 0.061 0.040 0.010 0.003 0.000 0.000 0.000 0.000 0.000 0.000 0.000 0.000
GLU01A0203_024 0.000 0.000 0.000 0.000 0.000 0.000 0.000 0.000 0.000 0.000 0.000 0.000 0.000 0.000 0.000
GLU01A0203_025 0.000 0.000 0.000 0.000 0.000 0.000 0.000 0.000 0.000 0.000 0.000 0.000 0.000 0.000 0.000
GLU01A0203_026 0.043 0.043 0.042 0.039 0.026 0.007 0.000 0.000 0.000 0.000 0.000 0.000 0.000 0.000 0.000
GLU01A0203_027 0.039 0.039 0.039 0.037 0.024 0.006 0.000 0.000 0.000 0.000 0.000 0.000 0.000 0.000 0.000
GLU01A0203_028 0.011 0.011 0.011 0.010 0.006 0.002 0.000 0.000 0.000 0.000 0.000 0.000 0.000 0.000 0.000
GLU01A0203_029 0.051 0.051 0.051 0.049 0.031 0.008 0.000 0.000 0.000 0.000 0.000 0.000 0.000 0.000 0.000
GLU01A0203_030 0.102 0.102 0.102 0.097 0.062 0.016 0.005 0.000 0.000 0.000 0.000 0.000 0.000 0.000 0.000
GLU02A0203_031 0.000 0.000 0.000 0.000 0.000 0.000 0.000 0.000 0.000 0.000 0.000 0.000 0.000 0.000 0.000
GLU02A0203_032 0.002 0.002 0.002 0.002 0.001 0.000 0.000 0.000 0.000 0.000 0.000 0.000 0.000 0.000 0.000
GLU02A0203_033 0.000 0.000 0.000 0.000 0.000 0.000 0.000 0.000 0.000 0.000 0.000 0.000 0.000 0.000 0.000
GLU02A0203_034 0.000 0.000 0.000 0.000 0.000 0.000 0.000 0.000 0.000 0.000 0.000 0.000 0.000 0.000 0.000
GLU02A0203_035 0.000 0.000 0.000 0.000 0.000 0.000 0.000 0.000 0.000 0.000 0.000 0.000 0.000 0.000 0.000
GLU02A0203_036 0.022 0.023 0.022 0.021 0.013 0.003 0.000 0.000 0.000 0.000 0.000 0.000 0.000 0.000 0.000
GLU02A0203_037 0.058 0.057 0.057 0.054 0.035 0.009 0.000 0.000 0.000 0.000 0.000 0.000 0.000 0.000 0.000
GLU02A0203_038 0.103 0.102 0.102 0.096 0.062 0.016 0.004 0.000 0.000 0.000 0.000 0.000 0.000 0.000 0.000
GLU02A0203_039 0.005 0.005 0.005 0.005 0.003 0.000 0.000 0.000 0.000 0.000 0.000 0.000 0.000 0.000 0.000
GLU02A0203_040 0.005 0.005 0.005 0.005 0.003 0.000 0.000 0.000 0.000 0.000 0.000 0.000 0.000 0.000 0.000
GLU02A0203_041 0.005 0.004 0.005 0.004 0.003 0.000 0.000 0.000 0.000 0.000 0.000 0.000 0.000 0.000 0.000
GLU02A0203_042 0.000 0.000 0.000 0.000 0.000 0.000 0.000 0.000 0.000 0.000 0.000 0.000 0.000 0.000 0.000
GLU02A0203_043 0.000 0.000 0.000 0.000 0.000 0.000 0.000 0.000 0.000 0.000 0.000 0.000 0.000 0.000 0.000
GLU02A0203_044 0.007 0.007 0.007 0.006 0.004 0.000 0.000 0.000 0.000 0.000 0.000 0.000 0.000 0.000 0.000
GLU02A0203_045 0.002 0.002 0.002 0.002 0.001 0.000 0.000 0.000 0.000 0.000 0.000 0.000 0.000 0.000 0.000
GLU02A0203_046 0.003 0.003 0.002 0.002 0.002 0.000 0.000 0.000 0.000 0.000 0.000 0.000 0.000 0.000 0.000
GLU02A0203_047 0.004 0.004 0.004 0.004 0.003 0.000 0.000 0.000 0.000 0.000 0.000 0.000 0.000 0.000 0.000
GLU02A0203_048 0.002 0.002 0.002 0.002 0.001 0.000 0.000 0.000 0.000 0.000 0.000 0.000 0.000 0.000 0.000
GLU02A0203_049 0.000 0.000 0.000 0.000 0.000 0.000 0.000 0.000 0.000 0.000 0.000 0.000 0.000 0.000 0.000
GLU02A0203_050 0.001 0.000 0.000 0.000 0.000 0.000 0.000 0.000 0.000 0.000 0.000 0.000 0.000 0.000 0.000
GLU02A0203_051 0.004 0.004 0.004 0.004 0.002 0.000 0.000 0.000 0.000 0.000 0.000 0.000 0.000 0.000 0.000
GLU02A0203_052 0.000 0.000 0.000 0.000 0.000 0.000 0.000 0.000 0.000 0.000 0.000 0.000 0.000 0.000 0.000
GLU02A0203_053 0.066 0.067 0.066 0.062 0.040 0.010 0.003 0.000 0.000 0.000 0.000 0.000 0.000 0.000 0.000
GLU02A0203_054 0.080 0.080 0.078 0.075 0.048 0.013 0.004 0.000 0.000 0.000 0.000 0.000 0.000 0.000 0.000
GLU02A0203_055 0.092 0.094 0.091 0.087 0.056 0.015 0.004 0.000 0.000 0.000 0.000 0.000 0.000 0.000 0.000
GLU02A0203_056 0.055 0.055 0.054 0.052 0.033 0.009 0.000 0.000 0.000 0.000 0.000 0.000 0.000 0.000 0.000
GLU02A0203_057 0.036 0.036 0.036 0.034 0.022 0.006 0.000 0.000 0.000 0.000 0.000 0.000 0.000 0.000 0.000
GLU02A0203_058 0.000 0.000 0.000 0.000 0.000 0.000 0.000 0.000 0.000 0.000 0.000 0.000 0.000 0.000 0.000
GLU02A0203_059 0.021 0.021 0.021 0.020 0.013 0.003 0.000 0.000 0.000 0.000 0.000 0.000 0.000 0.000 0.000
GLU02A0203_060 0.000 0.000 0.000 0.000 0.000 0.000 0.000 0.000 0.000 0.000 0.000 0.000 0.000 0.000 0.000
GLU-1A0203_061 0.000 0.000 0.000 0.000 0.000 0.000 0.000 0.000 0.000 0.000 0.000 0.000 0.000 0.000 0.000
GLU-1A0203_062 0.000 0.000 0.000 0.000 0.000 0.000 0.000 0.000 0.000 0.000 0.000 0.000 0.000 0.000 0.000
GLU-1A0203_063 0.000 0.000 0.000 0.009 0.054 0.116 0.130 0.134 0.135 0.136 0.135 0.134 0.135 0.135 0.136
GLU-1A0203_064 0.000 0.000 0.000 0.000 0.000 0.001 0.001 0.002 0.001 0.001 0.001 0.001 0.001 0.001 0.001
GLU-1A0203_065 0.000 0.000 0.011 0.015 0.091 0.195 0.221 0.227 0.228 0.230 0.228 0.228 0.229 0.228 0.228
GLU-1A0203_066 0.000 0.000 0.000 0.003 0.016 0.034 0.040 0.040 0.040 0.040 0.040 0.040 0.041 0.041 0.041
GLU-1A0203_067 0.000 0.000 0.000 0.007 0.044 0.091 0.108 0.111 0.110 0.108 0.110 0.111 0.109 0.111 0.110
GLU-1A0203_068 0.000 0.000 0.000 0.008 0.051 0.109 0.125 0.128 0.128 0.127 0.128 0.129 0.127 0.127 0.128
GLU-1A0203_069 0.000 0.000 0.000 0.005 0.031 0.065 0.076 0.076 0.077 0.077 0.077 0.076 0.077 0.076 0.077
GLU-1A0203_070 0.000 0.000 0.000 0.000 0.000 0.000 0.000 0.000 0.000 0.000 0.000 0.000 0.000 0.000 0.000
GLU-1A0203_071 0.000 0.000 0.000 0.004 0.027 0.057 0.066 0.068 0.067 0.068 0.067 0.067 0.067 0.067 0.067
GLU-1A0203_072 0.000 0.000 0.000 0.008 0.047 0.102 0.116 0.118 0.117 0.117 0.118 0.119 0.118 0.117 0.117
GLU-1A0203_073 0.000 0.000 0.000 0.000 0.000 0.002 0.002 0.002 0.002 0.002 0.002 0.002 0.002 0.002 0.002
GLU-1A0203_074 0.000 0.000 0.000 0.006 0.037 0.078 0.091 0.094 0.094 0.093 0.093 0.093 0.093 0.094 0.093
