 ph              0.0   1.0   2.0   3.0   4.0   5.0   6.0   7.0   8.0   9.0  10.0  11.0  12.0  13.0  14.0
ILE01A0014_001 0.177 0.178 0.176 0.176 0.176 0.176 0.176 0.176 0.176 0.176 0.178 0.175 0.177 0.176 0.177
ILE01A0014_002 0.000 0.000 0.000 0.000 0.000 0.000 0.000 0.000 0.000 0.000 0.000 0.000 0.000 0.000 0.000
ILE01A0014_003 0.000 0.000 0.000 0.000 0.000 0.000 0.000 0.000 0.000 0.000 0.000 0.000 0.000 0.000 0.000
ILE01A0014_004 0.345 0.346 0.346 0.344 0.346 0.347 0.347 0.346 0.347 0.346 0.347 0.348 0.346 0.346 0.346
ILE01A0014_005 0.006 0.006 0.006 0.007 0.006 0.006 0.006 0.006 0.006 0.006 0.006 0.006 0.006 0.006 0.006
ILE01A0014_006 0.002 0.002 0.002 0.002 0.002 0.002 0.002 0.002 0.002 0.001 0.001 0.002 0.002 0.002 0.002
ILE01A0014_007 0.033 0.033 0.033 0.033 0.033 0.033 0.033 0.033 0.033 0.033 0.033 0.034 0.033 0.033 0.033
ILE01A0014_008 0.294 0.296 0.297 0.297 0.296 0.295 0.296 0.295 0.295 0.296 0.294 0.294 0.295 0.295 0.295
ILE01A0014_009 0.000 0.000 0.000 0.000 0.000 0.000 0.000 0.000 0.000 0.000 0.000 0.000 0.000 0.000 0.000
ILE01A0014_010 0.000 0.000 0.000 0.000 0.000 0.000 0.000 0.000 0.000 0.000 0.000 0.000 0.000 0.000 0.000
ILE01A0014_011 0.102 0.100 0.101 0.101 0.102 0.101 0.101 0.102 0.101 0.102 0.101 0.101 0.102 0.101 0.100
ILE01A0014_012 0.040 0.039 0.039 0.040 0.040 0.040 0.039 0.040 0.040 0.040 0.039 0.040 0.040 0.040 0.040
