 ph              0.0   1.0   2.0   3.0   4.0   5.0   6.0   7.0   8.0   9.0  10.0  11.0  12.0  13.0  14.0
TYR01A0039_001 0.268 0.268 0.268 0.266 0.267 0.266 0.267 0.266 0.259 0.207 0.071 0.011 0.001 0.000 0.000
TYR01A0039_002 0.000 0.000 0.000 0.000 0.000 0.000 0.000 0.000 0.000 0.000 0.000 0.000 0.000 0.000 0.000
TYR01A0039_003 0.000 0.000 0.000 0.000 0.000 0.000 0.000 0.000 0.000 0.000 0.000 0.000 0.000 0.000 0.000
TYR01A0039_004 0.000 0.000 0.000 0.000 0.000 0.000 0.000 0.000 0.000 0.000 0.000 0.000 0.000 0.000 0.000
TYR01A0039_005 0.000 0.000 0.000 0.000 0.000 0.000 0.000 0.000 0.000 0.000 0.000 0.000 0.000 0.000 0.000
TYR01A0039_006 0.000 0.000 0.000 0.000 0.000 0.000 0.000 0.000 0.000 0.000 0.000 0.000 0.000 0.000 0.000
TYR01A0039_007 0.362 0.357 0.360 0.358 0.358 0.362 0.360 0.361 0.349 0.281 0.095 0.014 0.002 0.000 0.000
TYR01A0039_008 0.000 0.000 0.000 0.000 0.000 0.000 0.000 0.000 0.000 0.000 0.000 0.000 0.000 0.000 0.000
TYR01A0039_009 0.236 0.237 0.237 0.238 0.238 0.236 0.237 0.237 0.230 0.186 0.062 0.009 0.001 0.000 0.000
TYR01A0039_010 0.010 0.010 0.010 0.011 0.011 0.010 0.010 0.011 0.010 0.008 0.003 0.000 0.000 0.000 0.000
TYR01A0039_011 0.104 0.106 0.105 0.107 0.106 0.105 0.105 0.104 0.102 0.082 0.028 0.004 0.000 0.000 0.000
TYR01A0039_012 0.000 0.000 0.000 0.000 0.000 0.000 0.000 0.000 0.000 0.000 0.000 0.000 0.000 0.000 0.000
TYR01A0039_013 0.000 0.000 0.000 0.000 0.000 0.000 0.000 0.000 0.000 0.000 0.000 0.000 0.000 0.000 0.000
TYR01A0039_014 0.000 0.001 0.000 0.001 0.000 0.000 0.000 0.000 0.000 0.000 0.000 0.000 0.000 0.000 0.000
TYR01A0039_015 0.020 0.020 0.020 0.020 0.021 0.020 0.020 0.020 0.020 0.016 0.005 0.000 0.000 0.000 0.000
TYR-1A0039_016 0.000 0.000 0.000 0.000 0.000 0.000 0.000 0.000 0.009 0.061 0.206 0.269 0.279 0.280 0.280
TYR-1A0039_017 0.000 0.000 0.000 0.000 0.000 0.000 0.000 0.000 0.003 0.020 0.068 0.089 0.091 0.092 0.093
TYR-1A0039_018 0.000 0.000 0.000 0.000 0.000 0.000 0.000 0.000 0.000 0.000 0.000 0.000 0.000 0.000 0.000
TYR-1A0039_019 0.000 0.000 0.000 0.000 0.000 0.000 0.000 0.000 0.000 0.000 0.000 0.000 0.000 0.000 0.000
TYR-1A0039_020 0.000 0.000 0.000 0.000 0.000 0.000 0.000 0.000 0.010 0.072 0.241 0.311 0.324 0.328 0.328
TYR-1A0039_021 0.000 0.000 0.000 0.000 0.000 0.000 0.000 0.000 0.008 0.060 0.202 0.264 0.272 0.271 0.271
TYR-1A0039_022 0.000 0.000 0.000 0.000 0.000 0.000 0.000 0.000 0.000 0.000 0.000 0.000 0.000 0.000 0.000
TYR-1A0039_023 0.000 0.000 0.000 0.000 0.000 0.000 0.000 0.000 0.000 0.000 0.000 0.000 0.000 0.000 0.000
TYR-1A0039_024 0.000 0.000 0.000 0.000 0.000 0.000 0.000 0.000 0.000 0.000 0.000 0.000 0.000 0.000 0.000
TYR-1A0039_025 0.000 0.000 0.000 0.000 0.000 0.000 0.000 0.000 0.000 0.000 0.000 0.001 0.001 0.001 0.001
TYR-1A0039_026 0.000 0.000 0.000 0.000 0.000 0.000 0.000 0.000 0.000 0.000 0.000 0.000 0.000 0.000 0.000
TYR-1A0039_027 0.000 0.000 0.000 0.000 0.000 0.000 0.000 0.000 0.000 0.000 0.000 0.000 0.000 0.000 0.000
TYR-1A0039_028 0.000 0.000 0.000 0.000 0.000 0.000 0.000 0.000 0.000 0.004 0.014 0.019 0.020 0.020 0.019
TYR-1A0039_029 0.000 0.000 0.000 0.000 0.000 0.000 0.000 0.000 0.000 0.002 0.005 0.007 0.008 0.007 0.007
TYR-1A0039_030 0.000 0.000 0.000 0.000 0.000 0.000 0.000 0.000 0.000 0.000 0.000 0.000 0.000 0.000 0.000
