 ph              0.0   1.0   2.0   3.0   4.0   5.0   6.0   7.0   8.0   9.0  10.0  11.0  12.0  13.0  14.0
ASP01A0106_001 0.000 0.000 0.000 0.000 0.000 0.000 0.000 0.000 0.000 0.000 0.000 0.000 0.000 0.000 0.000
ASP01A0106_002 0.000 0.000 0.000 0.000 0.000 0.000 0.000 0.000 0.000 0.000 0.000 0.000 0.000 0.000 0.000
ASP01A0106_003 0.003 0.003 0.003 0.002 0.000 0.000 0.000 0.000 0.000 0.000 0.000 0.000 0.000 0.000 0.000
ASP01A0106_004 0.074 0.073 0.072 0.058 0.021 0.003 0.000 0.000 0.000 0.000 0.000 0.000 0.000 0.000 0.000
ASP01A0106_005 0.099 0.099 0.097 0.077 0.028 0.004 0.000 0.000 0.000 0.000 0.000 0.000 0.000 0.000 0.000
ASP01A0106_006 0.082 0.083 0.081 0.066 0.024 0.004 0.000 0.000 0.000 0.000 0.000 0.000 0.000 0.000 0.000
ASP01A0106_007 0.009 0.009 0.009 0.007 0.003 0.000 0.000 0.000 0.000 0.000 0.000 0.000 0.000 0.000 0.000
ASP01A0106_008 0.001 0.001 0.001 0.001 0.000 0.000 0.000 0.000 0.000 0.000 0.000 0.000 0.000 0.000 0.000
ASP01A0106_009 0.000 0.000 0.000 0.000 0.000 0.000 0.000 0.000 0.000 0.000 0.000 0.000 0.000 0.000 0.000
ASP01A0106_010 0.004 0.004 0.003 0.003 0.000 0.000 0.000 0.000 0.000 0.000 0.000 0.000 0.000 0.000 0.000
ASP01A0106_011 0.004 0.004 0.004 0.003 0.001 0.000 0.000 0.000 0.000 0.000 0.000 0.000 0.000 0.000 0.000
ASP01A0106_012 0.021 0.022 0.021 0.017 0.006 0.000 0.000 0.000 0.000 0.000 0.000 0.000 0.000 0.000 0.000
ASP01A0106_013 0.185 0.184 0.180 0.143 0.052 0.009 0.000 0.000 0.000 0.000 0.000 0.000 0.000 0.000 0.000
ASP01A0106_014 0.024 0.024 0.023 0.019 0.007 0.001 0.000 0.000 0.000 0.000 0.000 0.000 0.000 0.000 0.000
ASP02A0106_015 0.005 0.005 0.005 0.004 0.001 0.000 0.000 0.000 0.000 0.000 0.000 0.000 0.000 0.000 0.000
ASP02A0106_016 0.005 0.004 0.004 0.004 0.001 0.000 0.000 0.000 0.000 0.000 0.000 0.000 0.000 0.000 0.000
ASP02A0106_017 0.061 0.061 0.060 0.048 0.017 0.003 0.000 0.000 0.000 0.000 0.000 0.000 0.000 0.000 0.000
ASP02A0106_018 0.054 0.054 0.053 0.042 0.016 0.002 0.000 0.000 0.000 0.000 0.000 0.000 0.000 0.000 0.000
ASP02A0106_019 0.003 0.003 0.003 0.002 0.000 0.000 0.000 0.000 0.000 0.000 0.000 0.000 0.000 0.000 0.000
ASP02A0106_020 0.002 0.002 0.002 0.002 0.000 0.000 0.000 0.000 0.000 0.000 0.000 0.000 0.000 0.000 0.000
ASP02A0106_021 0.012 0.012 0.012 0.010 0.003 0.000 0.000 0.000 0.000 0.000 0.000 0.000 0.000 0.000 0.000
ASP02A0106_022 0.009 0.009 0.009 0.007 0.003 0.000 0.000 0.000 0.000 0.000 0.000 0.000 0.000 0.000 0.000
ASP02A0106_023 0.003 0.003 0.003 0.002 0.000 0.000 0.000 0.000 0.000 0.000 0.000 0.000 0.000 0.000 0.000
ASP02A0106_024 0.003 0.003 0.003 0.003 0.000 0.000 0.000 0.000 0.000 0.000 0.000 0.000 0.000 0.000 0.000
ASP02A0106_025 0.172 0.171 0.166 0.134 0.049 0.008 0.000 0.000 0.000 0.000 0.000 0.000 0.000 0.000 0.000
ASP02A0106_026 0.027 0.027 0.026 0.021 0.008 0.001 0.000 0.000 0.000 0.000 0.000 0.000 0.000 0.000 0.000
ASP02A0106_027 0.095 0.094 0.093 0.074 0.027 0.004 0.000 0.000 0.000 0.000 0.000 0.000 0.000 0.000 0.000
ASP02A0106_028 0.042 0.042 0.040 0.033 0.012 0.002 0.000 0.000 0.000 0.000 0.000 0.000 0.000 0.000 0.000
ASP-1A0106_029 0.000 0.000 0.006 0.053 0.177 0.233 0.244 0.243 0.242 0.241 0.245 0.243 0.244 0.244 0.245
ASP-1A0106_030 0.000 0.000 0.002 0.019 0.061 0.082 0.084 0.085 0.085 0.084 0.085 0.083 0.085 0.085 0.086
ASP-1A0106_031 0.000 0.000 0.006 0.046 0.153 0.203 0.211 0.211 0.211 0.211 0.209 0.211 0.213 0.210 0.213
ASP-1A0106_032 0.000 0.004 0.012 0.102 0.332 0.441 0.460 0.461 0.462 0.464 0.460 0.463 0.459 0.461 0.457
