 ph              0.0   1.0   2.0   3.0   4.0   5.0   6.0   7.0   8.0   9.0  10.0  11.0  12.0  13.0  14.0
GLU01A0238_001 0.001 0.001 0.000 0.000 0.000 0.000 0.000 0.000 0.000 0.000 0.000 0.000 0.000 0.000 0.000
GLU01A0238_002 0.000 0.000 0.000 0.000 0.000 0.000 0.000 0.000 0.000 0.000 0.000 0.000 0.000 0.000 0.000
GLU01A0238_003 0.002 0.002 0.002 0.002 0.001 0.000 0.000 0.000 0.000 0.000 0.000 0.000 0.000 0.000 0.000
GLU01A0238_004 0.000 0.000 0.000 0.000 0.000 0.000 0.000 0.000 0.000 0.000 0.000 0.000 0.000 0.000 0.000
GLU01A0238_005 0.005 0.005 0.005 0.005 0.002 0.000 0.000 0.000 0.000 0.000 0.000 0.000 0.000 0.000 0.000
GLU01A0238_006 0.000 0.000 0.000 0.000 0.000 0.000 0.000 0.000 0.000 0.000 0.000 0.000 0.000 0.000 0.000
GLU01A0238_007 0.034 0.034 0.034 0.031 0.016 0.004 0.000 0.000 0.000 0.000 0.000 0.000 0.000 0.000 0.000
GLU01A0238_008 0.045 0.044 0.044 0.040 0.021 0.005 0.000 0.000 0.000 0.000 0.000 0.000 0.000 0.000 0.000
GLU01A0238_009 0.003 0.003 0.003 0.003 0.001 0.000 0.000 0.000 0.000 0.000 0.000 0.000 0.000 0.000 0.000
GLU01A0238_010 0.002 0.002 0.002 0.002 0.001 0.000 0.000 0.000 0.000 0.000 0.000 0.000 0.000 0.000 0.000
GLU01A0238_011 0.009 0.009 0.009 0.008 0.004 0.000 0.000 0.000 0.000 0.000 0.000 0.000 0.000 0.000 0.000
GLU01A0238_012 0.000 0.000 0.000 0.000 0.000 0.000 0.000 0.000 0.000 0.000 0.000 0.000 0.000 0.000 0.000
GLU01A0238_013 0.011 0.010 0.010 0.009 0.005 0.000 0.000 0.000 0.000 0.000 0.000 0.000 0.000 0.000 0.000
GLU01A0238_014 0.000 0.000 0.000 0.000 0.000 0.000 0.000 0.000 0.000 0.000 0.000 0.000 0.000 0.000 0.000
GLU01A0238_015 0.004 0.004 0.004 0.003 0.002 0.000 0.000 0.000 0.000 0.000 0.000 0.000 0.000 0.000 0.000
GLU01A0238_016 0.004 0.004 0.004 0.003 0.002 0.000 0.000 0.000 0.000 0.000 0.000 0.000 0.000 0.000 0.000
GLU01A0238_017 0.000 0.000 0.000 0.000 0.000 0.000 0.000 0.000 0.000 0.000 0.000 0.000 0.000 0.000 0.000
GLU01A0238_018 0.000 0.000 0.000 0.000 0.000 0.000 0.000 0.000 0.000 0.000 0.000 0.000 0.000 0.000 0.000
GLU01A0238_019 0.000 0.000 0.000 0.000 0.000 0.000 0.000 0.000 0.000 0.000 0.000 0.000 0.000 0.000 0.000
GLU01A0238_020 0.000 0.000 0.000 0.000 0.000 0.000 0.000 0.000 0.000 0.000 0.000 0.000 0.000 0.000 0.000
GLU01A0238_021 0.061 0.062 0.061 0.055 0.028 0.007 0.000 0.000 0.000 0.000 0.000 0.000 0.000 0.000 0.000
GLU01A0238_022 0.112 0.112 0.110 0.098 0.052 0.013 0.004 0.000 0.000 0.000 0.000 0.000 0.000 0.000 0.000
GLU01A0238_023 0.000 0.000 0.000 0.000 0.000 0.000 0.000 0.000 0.000 0.000 0.000 0.000 0.000 0.000 0.000
GLU01A0238_024 0.002 0.002 0.002 0.001 0.000 0.000 0.000 0.000 0.000 0.000 0.000 0.000 0.000 0.000 0.000
GLU01A0238_025 0.012 0.012 0.012 0.010 0.005 0.001 0.000 0.000 0.000 0.000 0.000 0.000 0.000 0.000 0.000
GLU01A0238_026 0.000 0.000 0.000 0.000 0.000 0.000 0.000 0.000 0.000 0.000 0.000 0.000 0.000 0.000 0.000
GLU01A0238_027 0.005 0.005 0.004 0.004 0.002 0.000 0.000 0.000 0.000 0.000 0.000 0.000 0.000 0.000 0.000
GLU01A0238_028 0.000 0.000 0.000 0.000 0.000 0.000 0.000 0.000 0.000 0.000 0.000 0.000 0.000 0.000 0.000
GLU02A0238_029 0.006 0.006 0.006 0.006 0.003 0.000 0.000 0.000 0.000 0.000 0.000 0.000 0.000 0.000 0.000
GLU02A0238_030 0.005 0.004 0.005 0.004 0.002 0.000 0.000 0.000 0.000 0.000 0.000 0.000 0.000 0.000 0.000
GLU02A0238_031 0.003 0.003 0.003 0.002 0.001 0.000 0.000 0.000 0.000 0.000 0.000 0.000 0.000 0.000 0.000
GLU02A0238_032 0.000 0.000 0.000 0.000 0.000 0.000 0.000 0.000 0.000 0.000 0.000 0.000 0.000 0.000 0.000
GLU02A0238_033 0.008 0.008 0.008 0.007 0.004 0.000 0.000 0.000 0.000 0.000 0.000 0.000 0.000 0.000 0.000
GLU02A0238_034 0.089 0.090 0.087 0.079 0.041 0.010 0.000 0.000 0.000 0.000 0.000 0.000 0.000 0.000 0.000
GLU02A0238_035 0.000 0.001 0.000 0.000 0.000 0.000 0.000 0.000 0.000 0.000 0.000 0.000 0.000 0.000 0.000
GLU02A0238_036 0.002 0.003 0.002 0.002 0.001 0.000 0.000 0.000 0.000 0.000 0.000 0.000 0.000 0.000 0.000
GLU02A0238_037 0.000 0.000 0.000 0.000 0.000 0.000 0.000 0.000 0.000 0.000 0.000 0.000 0.000 0.000 0.000
GLU02A0238_038 0.000 0.000 0.000 0.000 0.000 0.000 0.000 0.000 0.000 0.000 0.000 0.000 0.000 0.000 0.000
GLU02A0238_039 0.000 0.000 0.000 0.000 0.000 0.000 0.000 0.000 0.000 0.000 0.000 0.000 0.000 0.000 0.000
GLU02A0238_040 0.000 0.000 0.000 0.000 0.000 0.000 0.000 0.000 0.000 0.000 0.000 0.000 0.000 0.000 0.000
GLU02A0238_041 0.000 0.000 0.000 0.000 0.000 0.000 0.000 0.000 0.000 0.000 0.000 0.000 0.000 0.000 0.000
GLU02A0238_042 0.005 0.005 0.005 0.004 0.002 0.000 0.000 0.000 0.000 0.000 0.000 0.000 0.000 0.000 0.000
GLU02A0238_043 0.004 0.004 0.004 0.003 0.002 0.000 0.000 0.000 0.000 0.000 0.000 0.000 0.000 0.000 0.000
GLU02A0238_044 0.000 0.000 0.000 0.000 0.000 0.000 0.000 0.000 0.000 0.000 0.000 0.000 0.000 0.000 0.000
GLU02A0238_045 0.008 0.007 0.007 0.006 0.003 0.000 0.000 0.000 0.000 0.000 0.000 0.000 0.000 0.000 0.000
GLU02A0238_046 0.001 0.001 0.001 0.001 0.000 0.000 0.000 0.000 0.000 0.000 0.000 0.000 0.000 0.000 0.000
GLU02A0238_047 0.000 0.000 0.000 0.000 0.000 0.000 0.000 0.000 0.000 0.000 0.000 0.000 0.000 0.000 0.000
GLU02A0238_048 0.000 0.000 0.000 0.000 0.000 0.000 0.000 0.000 0.000 0.000 0.000 0.000 0.000 0.000 0.000
GLU02A0238_049 0.000 0.000 0.000 0.000 0.000 0.000 0.000 0.000 0.000 0.000 0.000 0.000 0.000 0.000 0.000
GLU02A0238_050 0.064 0.064 0.064 0.057 0.029 0.007 0.000 0.000 0.000 0.000 0.000 0.000 0.000 0.000 0.000
GLU02A0238_051 0.052 0.053 0.051 0.047 0.024 0.006 0.000 0.000 0.000 0.000 0.000 0.000 0.000 0.000 0.000
GLU02A0238_052 0.244 0.241 0.237 0.216 0.112 0.028 0.008 0.000 0.000 0.000 0.000 0.000 0.000 0.000 0.000
GLU02A0238_053 0.030 0.030 0.029 0.027 0.014 0.003 0.000 0.000 0.000 0.000 0.000 0.000 0.000 0.000 0.000
GLU02A0238_054 0.004 0.004 0.004 0.003 0.002 0.000 0.000 0.000 0.000 0.000 0.000 0.000 0.000 0.000 0.000
GLU02A0238_055 0.005 0.005 0.005 0.004 0.002 0.000 0.000 0.000 0.000 0.000 0.000 0.000 0.000 0.000 0.000
GLU02A0238_056 0.152 0.153 0.153 0.141 0.072 0.018 0.005 0.000 0.000 0.000 0.000 0.000 0.000 0.000 0.000
GLU02A0238_057 0.005 0.005 0.005 0.004 0.002 0.000 0.000 0.000 0.000 0.000 0.000 0.000 0.000 0.000 0.000
GLU02A0238_058 0.003 0.003 0.003 0.002 0.001 0.000 0.000 0.000 0.000 0.000 0.000 0.000 0.000 0.000 0.000
GLU02A0238_059 0.000 0.000 0.000 0.000 0.000 0.000 0.000 0.000 0.000 0.000 0.000 0.000 0.000 0.000 0.000
GLU-1A0238_060 0.000 0.000 0.001 0.010 0.049 0.082 0.090 0.092 0.093 0.091 0.092 0.092 0.091 0.090 0.092
GLU-1A0238_061 0.000 0.000 0.002 0.017 0.083 0.137 0.151 0.154 0.151 0.154 0.153 0.153 0.153 0.153 0.154
GLU-1A0238_062 0.000 0.000 0.002 0.015 0.074 0.124 0.134 0.137 0.135 0.138 0.138 0.138 0.138 0.138 0.138
GLU-1A0238_063 0.000 0.000 0.000 0.000 0.000 0.002 0.002 0.002 0.002 0.002 0.002 0.002 0.002 0.002 0.002
GLU-1A0238_064 0.000 0.000 0.005 0.032 0.164 0.272 0.298 0.302 0.305 0.302 0.303 0.303 0.304 0.304 0.305
GLU-1A0238_065 0.000 0.000 0.000 0.007 0.036 0.060 0.067 0.069 0.068 0.069 0.069 0.068 0.068 0.068 0.068
GLU-1A0238_066 0.000 0.000 0.000 0.000 0.000 0.000 0.000 0.000 0.000 0.000 0.000 0.000 0.000 0.000 0.000
GLU-1A0238_067 0.000 0.000 0.000 0.000 0.004 0.007 0.008 0.008 0.008 0.008 0.008 0.008 0.008 0.008 0.008
GLU-1A0238_068 0.000 0.000 0.000 0.003 0.013 0.022 0.025 0.026 0.025 0.025 0.025 0.025 0.025 0.026 0.025
GLU-1A0238_069 0.000 0.000 0.003 0.022 0.111 0.184 0.201 0.205 0.207 0.206 0.205 0.204 0.205 0.205 0.203
GLU-1A0238_070 0.000 0.000 0.000 0.000 0.002 0.003 0.004 0.004 0.004 0.004 0.004 0.004 0.004 0.004 0.004
GLU-1A0238_071 0.000 0.000 0.000 0.000 0.000 0.001 0.001 0.001 0.001 0.001 0.001 0.001 0.001 0.001 0.001
