 ph              0.0   1.0   2.0   3.0   4.0   5.0   6.0   7.0   8.0   9.0  10.0  11.0  12.0  13.0  14.0
HIS01A0026_001 0.000 0.000 0.000 0.000 0.000 0.000 0.006 0.031 0.074 0.086 0.088 0.088 0.089 0.087 0.088
HIS01A0026_002 0.000 0.000 0.000 0.000 0.000 0.000 0.000 0.006 0.014 0.016 0.016 0.016 0.016 0.016 0.016
HIS01A0026_003 0.000 0.000 0.000 0.000 0.000 0.000 0.006 0.030 0.072 0.084 0.085 0.085 0.086 0.085 0.086
HIS01A0026_004 0.000 0.000 0.000 0.000 0.000 0.000 0.005 0.023 0.056 0.065 0.067 0.067 0.067 0.067 0.067
HIS01A0026_005 0.000 0.000 0.000 0.000 0.000 0.000 0.000 0.003 0.007 0.009 0.009 0.009 0.009 0.009 0.009
HIS01A0026_006 0.000 0.000 0.000 0.000 0.000 0.000 0.000 0.000 0.002 0.002 0.002 0.002 0.002 0.002 0.002
HIS01A0026_007 0.000 0.000 0.000 0.000 0.000 0.000 0.002 0.010 0.024 0.028 0.029 0.029 0.029 0.029 0.028
HIS01A0026_008 0.000 0.000 0.000 0.000 0.000 0.000 0.000 0.001 0.003 0.004 0.004 0.004 0.004 0.004 0.004
HIS01A0026_009 0.000 0.000 0.000 0.000 0.000 0.000 0.000 0.000 0.000 0.000 0.000 0.000 0.000 0.000 0.000
HIS01A0026_010 0.000 0.000 0.000 0.000 0.000 0.000 0.000 0.000 0.000 0.000 0.000 0.000 0.000 0.000 0.000
HIS01A0026_011 0.000 0.000 0.000 0.000 0.000 0.000 0.000 0.003 0.007 0.008 0.009 0.008 0.008 0.008 0.008
HIS01A0026_012 0.000 0.000 0.000 0.000 0.000 0.000 0.000 0.004 0.009 0.011 0.011 0.011 0.011 0.011 0.011
HIS01A0026_013 0.000 0.000 0.000 0.000 0.000 0.000 0.000 0.004 0.011 0.012 0.012 0.013 0.013 0.013 0.013
HIS01A0026_014 0.000 0.000 0.000 0.000 0.000 0.000 0.000 0.000 0.000 0.000 0.000 0.000 0.000 0.000 0.000
HIS01A0026_015 0.000 0.000 0.000 0.000 0.000 0.000 0.000 0.000 0.000 0.000 0.000 0.000 0.000 0.000 0.000
HIS01A0026_016 0.000 0.000 0.000 0.000 0.000 0.000 0.000 0.000 0.000 0.000 0.000 0.000 0.000 0.000 0.000
HIS01A0026_017 0.000 0.000 0.000 0.000 0.000 0.000 0.005 0.026 0.065 0.075 0.077 0.077 0.077 0.077 0.077
HIS01A0026_018 0.000 0.000 0.000 0.000 0.000 0.000 0.000 0.000 0.000 0.000 0.000 0.000 0.000 0.000 0.000
HIS01A0026_019 0.000 0.000 0.000 0.000 0.000 0.000 0.000 0.000 0.000 0.000 0.000 0.000 0.000 0.000 0.000
HIS02A0026_020 0.000 0.000 0.000 0.000 0.000 0.000 0.009 0.046 0.111 0.129 0.131 0.132 0.131 0.132 0.133
HIS02A0026_021 0.000 0.000 0.000 0.000 0.000 0.000 0.000 0.004 0.009 0.011 0.011 0.011 0.011 0.011 0.011
HIS02A0026_022 0.000 0.000 0.000 0.000 0.000 0.000 0.002 0.009 0.023 0.027 0.027 0.027 0.028 0.027 0.028
HIS02A0026_023 0.000 0.000 0.000 0.000 0.000 0.000 0.000 0.002 0.006 0.007 0.007 0.007 0.007 0.007 0.007
HIS02A0026_024 0.000 0.000 0.000 0.000 0.000 0.000 0.010 0.049 0.119 0.139 0.143 0.142 0.143 0.144 0.143
HIS02A0026_025 0.000 0.000 0.000 0.000 0.000 0.000 0.006 0.031 0.075 0.088 0.089 0.089 0.090 0.089 0.090
HIS02A0026_026 0.000 0.000 0.000 0.000 0.000 0.000 0.000 0.000 0.000 0.000 0.000 0.000 0.000 0.000 0.000
HIS02A0026_027 0.000 0.000 0.000 0.000 0.000 0.000 0.000 0.000 0.000 0.000 0.000 0.000 0.000 0.000 0.000
HIS02A0026_028 0.000 0.000 0.000 0.000 0.000 0.000 0.003 0.013 0.032 0.036 0.038 0.037 0.037 0.038 0.037
HIS02A0026_029 0.000 0.000 0.000 0.000 0.000 0.007 0.008 0.038 0.092 0.108 0.111 0.111 0.110 0.110 0.109
HIS02A0026_030 0.000 0.000 0.000 0.000 0.000 0.000 0.000 0.000 0.000 0.000 0.000 0.000 0.000 0.000 0.000
HIS02A0026_031 0.000 0.000 0.000 0.000 0.000 0.000 0.000 0.000 0.000 0.000 0.000 0.000 0.000 0.000 0.000
HIS02A0026_032 0.000 0.000 0.000 0.000 0.000 0.000 0.000 0.000 0.000 0.000 0.000 0.000 0.000 0.000 0.000
HIS02A0026_033 0.000 0.000 0.000 0.000 0.000 0.000 0.000 0.000 0.000 0.000 0.000 0.000 0.000 0.000 0.000
HIS02A0026_034 0.000 0.000 0.000 0.000 0.000 0.000 0.000 0.000 0.000 0.000 0.000 0.000 0.000 0.000 0.000
HIS02A0026_035 0.000 0.000 0.000 0.000 0.000 0.000 0.000 0.005 0.013 0.015 0.016 0.015 0.016 0.016 0.015
HIS02A0026_036 0.000 0.000 0.000 0.000 0.000 0.000 0.000 0.000 0.000 0.000 0.000 0.000 0.000 0.000 0.000
HIS02A0026_037 0.000 0.000 0.000 0.000 0.000 0.000 0.000 0.005 0.011 0.013 0.013 0.013 0.013 0.013 0.013
HIS02A0026_038 0.000 0.000 0.000 0.000 0.000 0.000 0.000 0.000 0.000 0.000 0.000 0.000 0.000 0.000 0.000
HIS02A0026_039 0.000 0.000 0.000 0.000 0.000 0.000 0.000 0.002 0.004 0.005 0.005 0.005 0.005 0.005 0.005
HIS+1A0026_040 0.224 0.224 0.225 0.223 0.225 0.221 0.210 0.147 0.036 0.006 0.000 0.000 0.000 0.000 0.000
HIS+1A0026_041 0.040 0.040 0.040 0.040 0.040 0.039 0.038 0.026 0.007 0.000 0.000 0.000 0.000 0.000 0.000
HIS+1A0026_042 0.030 0.031 0.030 0.030 0.031 0.031 0.028 0.020 0.005 0.000 0.000 0.000 0.000 0.000 0.000
HIS+1A0026_043 0.052 0.053 0.052 0.053 0.053 0.053 0.049 0.035 0.008 0.000 0.000 0.000 0.000 0.000 0.000
HIS+1A0026_044 0.000 0.000 0.000 0.000 0.000 0.000 0.000 0.000 0.000 0.000 0.000 0.000 0.000 0.000 0.000
HIS+1A0026_045 0.007 0.007 0.007 0.007 0.007 0.007 0.006 0.004 0.001 0.000 0.000 0.000 0.000 0.000 0.000
HIS+1A0026_046 0.178 0.179 0.180 0.179 0.176 0.175 0.167 0.117 0.028 0.005 0.000 0.000 0.000 0.000 0.000
HIS+1A0026_047 0.000 0.000 0.000 0.000 0.000 0.000 0.000 0.000 0.000 0.000 0.000 0.000 0.000 0.000 0.000
HIS+1A0026_048 0.000 0.000 0.000 0.000 0.000 0.000 0.000 0.000 0.000 0.000 0.000 0.000 0.000 0.000 0.000
HIS+1A0026_049 0.019 0.019 0.019 0.019 0.019 0.019 0.018 0.013 0.003 0.000 0.000 0.000 0.000 0.000 0.000
HIS+1A0026_050 0.009 0.009 0.009 0.009 0.009 0.009 0.008 0.006 0.001 0.000 0.000 0.000 0.000 0.000 0.000
HIS+1A0026_051 0.250 0.251 0.251 0.253 0.253 0.252 0.237 0.164 0.041 0.007 0.000 0.000 0.000 0.000 0.000
HIS+1A0026_052 0.123 0.120 0.119 0.121 0.121 0.119 0.112 0.079 0.020 0.003 0.000 0.000 0.000 0.000 0.000
HIS+1A0026_053 0.000 0.000 0.000 0.000 0.000 0.000 0.000 0.000 0.000 0.000 0.000 0.000 0.000 0.000 0.000
HIS+1A0026_054 0.000 0.000 0.000 0.000 0.000 0.000 0.000 0.000 0.000 0.000 0.000 0.000 0.000 0.000 0.000
HIS+1A0026_055 0.000 0.000 0.000 0.000 0.000 0.000 0.000 0.000 0.000 0.000 0.000 0.000 0.000 0.000 0.000
HIS+1A0026_056 0.068 0.068 0.067 0.068 0.068 0.068 0.064 0.045 0.011 0.002 0.000 0.000 0.000 0.000 0.000
HIS+1A0026_057 0.000 0.000 0.000 0.000 0.000 0.000 0.000 0.000 0.000 0.000 0.000 0.000 0.000 0.000 0.000
HIS+1A0026_058 0.000 0.000 0.000 0.000 0.000 0.000 0.000 0.000 0.000 0.000 0.000 0.000 0.000 0.000 0.000
