 ph              0.0   1.0   2.0   3.0   4.0   5.0   6.0   7.0   8.0   9.0  10.0  11.0  12.0  13.0  14.0
GLU01A0129_001 0.000 0.000 0.000 0.000 0.000 0.000 0.000 0.000 0.000 0.000 0.000 0.000 0.000 0.000 0.000
GLU01A0129_002 0.013 0.013 0.013 0.012 0.008 0.002 0.000 0.000 0.000 0.000 0.000 0.000 0.000 0.000 0.000
GLU01A0129_003 0.029 0.028 0.028 0.027 0.019 0.005 0.000 0.000 0.000 0.000 0.000 0.000 0.000 0.000 0.000
GLU01A0129_004 0.030 0.030 0.030 0.029 0.020 0.005 0.000 0.000 0.000 0.000 0.000 0.000 0.000 0.000 0.000
GLU01A0129_005 0.018 0.019 0.018 0.018 0.012 0.003 0.000 0.000 0.000 0.000 0.000 0.000 0.000 0.000 0.000
GLU01A0129_006 0.641 0.643 0.639 0.611 0.425 0.111 0.019 0.004 0.000 0.000 0.000 0.000 0.000 0.000 0.000
GLU02A0129_007 0.005 0.005 0.005 0.004 0.003 0.000 0.000 0.000 0.000 0.000 0.000 0.000 0.000 0.000 0.000
GLU02A0129_008 0.054 0.053 0.053 0.051 0.036 0.009 0.002 0.000 0.000 0.000 0.000 0.000 0.000 0.000 0.000
GLU02A0129_009 0.006 0.006 0.006 0.006 0.004 0.000 0.000 0.000 0.000 0.000 0.000 0.000 0.000 0.000 0.000
GLU02A0129_010 0.060 0.060 0.059 0.056 0.039 0.010 0.002 0.000 0.000 0.000 0.000 0.000 0.000 0.000 0.000
GLU02A0129_011 0.143 0.143 0.142 0.137 0.096 0.025 0.004 0.000 0.000 0.000 0.000 0.000 0.000 0.000 0.000
GLU-1A0129_012 0.000 0.000 0.000 0.007 0.051 0.126 0.150 0.150 0.146 0.152 0.152 0.151 0.150 0.148 0.152
GLU-1A0129_013 0.000 0.000 0.006 0.041 0.286 0.703 0.824 0.846 0.854 0.848 0.848 0.849 0.850 0.852 0.848
