 ph              0.0   1.0   2.0   3.0   4.0   5.0   6.0   7.0   8.0   9.0  10.0  11.0  12.0  13.0  14.0
ASP01A0173_001 0.000 0.000 0.000 0.000 0.000 0.000 0.000 0.000 0.000 0.000 0.000 0.000 0.000 0.000 0.000
ASP01A0173_002 0.004 0.004 0.004 0.003 0.001 0.000 0.000 0.000 0.000 0.000 0.000 0.000 0.000 0.000 0.000
ASP01A0173_003 0.268 0.265 0.263 0.233 0.111 0.021 0.003 0.000 0.000 0.000 0.000 0.000 0.000 0.000 0.000
ASP01A0173_004 0.000 0.000 0.000 0.000 0.000 0.000 0.000 0.000 0.000 0.000 0.000 0.000 0.000 0.000 0.000
ASP01A0173_005 0.009 0.009 0.009 0.008 0.004 0.000 0.000 0.000 0.000 0.000 0.000 0.000 0.000 0.000 0.000
ASP01A0173_006 0.006 0.006 0.006 0.005 0.002 0.000 0.000 0.000 0.000 0.000 0.000 0.000 0.000 0.000 0.000
ASP01A0173_007 0.021 0.021 0.020 0.018 0.009 0.002 0.000 0.000 0.000 0.000 0.000 0.000 0.000 0.000 0.000
ASP01A0173_008 0.163 0.165 0.160 0.142 0.068 0.013 0.002 0.000 0.000 0.000 0.000 0.000 0.000 0.000 0.000
ASP01A0173_009 0.155 0.155 0.155 0.136 0.065 0.012 0.002 0.000 0.000 0.000 0.000 0.000 0.000 0.000 0.000
ASP01A0173_010 0.002 0.002 0.002 0.002 0.000 0.000 0.000 0.000 0.000 0.000 0.000 0.000 0.000 0.000 0.000
ASP02A0173_011 0.000 0.001 0.000 0.000 0.000 0.000 0.000 0.000 0.000 0.000 0.000 0.000 0.000 0.000 0.000
ASP02A0173_012 0.014 0.014 0.014 0.013 0.006 0.001 0.000 0.000 0.000 0.000 0.000 0.000 0.000 0.000 0.000
ASP02A0173_013 0.002 0.003 0.002 0.002 0.000 0.000 0.000 0.000 0.000 0.000 0.000 0.000 0.000 0.000 0.000
ASP02A0173_014 0.010 0.010 0.010 0.009 0.004 0.000 0.000 0.000 0.000 0.000 0.000 0.000 0.000 0.000 0.000
ASP02A0173_015 0.000 0.000 0.000 0.000 0.000 0.000 0.000 0.000 0.000 0.000 0.000 0.000 0.000 0.000 0.000
ASP02A0173_016 0.000 0.000 0.000 0.000 0.000 0.000 0.000 0.000 0.000 0.000 0.000 0.000 0.000 0.000 0.000
ASP02A0173_017 0.007 0.007 0.006 0.006 0.003 0.000 0.000 0.000 0.000 0.000 0.000 0.000 0.000 0.000 0.000
ASP02A0173_018 0.049 0.049 0.048 0.042 0.020 0.004 0.000 0.000 0.000 0.000 0.000 0.000 0.000 0.000 0.000
ASP02A0173_019 0.151 0.149 0.147 0.130 0.062 0.012 0.002 0.000 0.000 0.000 0.000 0.000 0.000 0.000 0.000
ASP02A0173_020 0.002 0.002 0.002 0.001 0.000 0.000 0.000 0.000 0.000 0.000 0.000 0.000 0.000 0.000 0.000
ASP02A0173_021 0.138 0.138 0.137 0.121 0.057 0.011 0.000 0.000 0.000 0.000 0.000 0.000 0.000 0.000 0.000
ASP-1A0173_022 0.000 0.000 0.000 0.004 0.017 0.027 0.029 0.028 0.027 0.028 0.028 0.028 0.029 0.029 0.029
ASP-1A0173_023 0.000 0.000 0.004 0.032 0.146 0.229 0.248 0.247 0.247 0.252 0.248 0.249 0.252 0.248 0.248
ASP-1A0173_024 0.000 0.000 0.000 0.000 0.003 0.005 0.006 0.006 0.006 0.006 0.006 0.006 0.006 0.005 0.006
ASP-1A0173_025 0.000 0.002 0.012 0.093 0.421 0.664 0.709 0.719 0.720 0.714 0.718 0.717 0.713 0.718 0.717
