 ph              0.0   1.0   2.0   3.0   4.0   5.0   6.0   7.0   8.0   9.0  10.0  11.0  12.0  13.0  14.0
HIS01A0026_001 0.000 0.000 0.000 0.000 0.000 0.000 0.008 0.041 0.090 0.100 0.101 0.102 0.102 0.101 0.103
HIS01A0026_002 0.000 0.000 0.000 0.000 0.000 0.003 0.016 0.077 0.165 0.188 0.191 0.191 0.191 0.191 0.192
HIS01A0026_003 0.000 0.000 0.000 0.000 0.000 0.000 0.000 0.003 0.006 0.007 0.007 0.007 0.006 0.007 0.006
HIS01A0026_004 0.000 0.000 0.000 0.000 0.000 0.000 0.000 0.005 0.010 0.012 0.012 0.012 0.011 0.012 0.012
HIS01A0026_005 0.000 0.000 0.000 0.000 0.000 0.000 0.000 0.000 0.000 0.000 0.000 0.000 0.000 0.000 0.000
HIS01A0026_006 0.000 0.000 0.000 0.000 0.000 0.000 0.000 0.006 0.014 0.015 0.016 0.016 0.016 0.016 0.016
HIS01A0026_007 0.000 0.000 0.000 0.000 0.000 0.000 0.006 0.031 0.068 0.076 0.077 0.076 0.077 0.078 0.078
HIS01A0026_008 0.000 0.000 0.000 0.000 0.000 0.000 0.000 0.000 0.000 0.000 0.000 0.000 0.000 0.000 0.000
HIS01A0026_009 0.000 0.000 0.000 0.000 0.000 0.000 0.000 0.000 0.000 0.000 0.000 0.000 0.000 0.000 0.000
HIS01A0026_010 0.000 0.000 0.000 0.000 0.000 0.000 0.000 0.000 0.000 0.000 0.000 0.000 0.000 0.000 0.000
HIS01A0026_011 0.000 0.000 0.000 0.000 0.000 0.000 0.000 0.000 0.000 0.000 0.000 0.000 0.000 0.000 0.000
HIS01A0026_012 0.000 0.000 0.000 0.000 0.000 0.000 0.000 0.004 0.009 0.010 0.010 0.010 0.010 0.010 0.010
HIS01A0026_013 0.000 0.000 0.000 0.000 0.000 0.000 0.000 0.000 0.000 0.000 0.000 0.000 0.000 0.000 0.000
HIS01A0026_014 0.000 0.000 0.000 0.000 0.000 0.000 0.000 0.000 0.002 0.002 0.002 0.002 0.002 0.002 0.002
HIS01A0026_015 0.000 0.000 0.000 0.000 0.000 0.000 0.000 0.002 0.005 0.005 0.005 0.005 0.005 0.005 0.005
HIS01A0026_016 0.000 0.000 0.000 0.000 0.000 0.000 0.000 0.000 0.000 0.000 0.000 0.000 0.000 0.000 0.000
HIS01A0026_017 0.000 0.000 0.000 0.000 0.000 0.000 0.000 0.000 0.000 0.000 0.000 0.000 0.000 0.000 0.000
HIS01A0026_018 0.000 0.000 0.000 0.000 0.000 0.000 0.000 0.000 0.000 0.000 0.000 0.000 0.000 0.000 0.000
HIS02A0026_019 0.000 0.000 0.000 0.000 0.000 0.003 0.015 0.077 0.167 0.188 0.193 0.193 0.192 0.191 0.194
HIS02A0026_020 0.000 0.000 0.000 0.000 0.000 0.004 0.017 0.083 0.180 0.204 0.209 0.208 0.210 0.210 0.204
HIS02A0026_021 0.000 0.000 0.000 0.000 0.000 0.000 0.000 0.000 0.000 0.000 0.000 0.000 0.000 0.000 0.000
HIS02A0026_022 0.000 0.000 0.000 0.000 0.000 0.000 0.000 0.005 0.011 0.013 0.013 0.013 0.013 0.013 0.013
HIS02A0026_023 0.000 0.000 0.000 0.000 0.000 0.000 0.003 0.013 0.027 0.031 0.031 0.032 0.032 0.032 0.032
HIS02A0026_024 0.000 0.000 0.000 0.000 0.000 0.000 0.000 0.000 0.000 0.000 0.000 0.000 0.000 0.000 0.000
HIS02A0026_025 0.000 0.000 0.000 0.000 0.000 0.000 0.009 0.041 0.091 0.103 0.104 0.105 0.103 0.104 0.103
HIS02A0026_026 0.000 0.000 0.000 0.000 0.000 0.000 0.000 0.000 0.000 0.000 0.000 0.000 0.000 0.000 0.000
HIS02A0026_027 0.000 0.000 0.000 0.000 0.000 0.000 0.001 0.006 0.013 0.015 0.015 0.015 0.015 0.015 0.015
HIS02A0026_028 0.000 0.000 0.000 0.000 0.000 0.000 0.000 0.000 0.000 0.000 0.000 0.000 0.000 0.000 0.000
HIS02A0026_029 0.000 0.000 0.000 0.000 0.000 0.000 0.000 0.000 0.000 0.000 0.000 0.000 0.000 0.000 0.000
HIS02A0026_030 0.000 0.000 0.000 0.000 0.000 0.000 0.000 0.000 0.000 0.000 0.000 0.000 0.000 0.000 0.000
HIS02A0026_031 0.000 0.000 0.000 0.000 0.000 0.000 0.000 0.003 0.007 0.008 0.009 0.009 0.009 0.008 0.009
HIS02A0026_032 0.000 0.000 0.000 0.000 0.000 0.000 0.000 0.000 0.000 0.000 0.000 0.000 0.000 0.000 0.000
HIS02A0026_033 0.000 0.000 0.000 0.000 0.000 0.000 0.000 0.000 0.000 0.000 0.000 0.000 0.000 0.000 0.000
HIS02A0026_034 0.000 0.000 0.000 0.000 0.000 0.000 0.000 0.002 0.004 0.005 0.005 0.005 0.005 0.005 0.005
HIS02A0026_035 0.000 0.000 0.000 0.000 0.000 0.000 0.000 0.000 0.000 0.000 0.000 0.000 0.000 0.000 0.000
HIS02A0026_036 0.000 0.000 0.000 0.000 0.000 0.000 0.000 0.000 0.000 0.000 0.000 0.000 0.000 0.000 0.000
HIS02A0026_037 0.000 0.000 0.000 0.000 0.000 0.000 0.000 0.000 0.000 0.000 0.000 0.000 0.000 0.000 0.000
HIS+1A0026_038 0.323 0.324 0.320 0.323 0.321 0.319 0.296 0.191 0.042 0.007 0.000 0.000 0.000 0.000 0.000
HIS+1A0026_039 0.000 0.000 0.000 0.000 0.000 0.000 0.000 0.000 0.000 0.000 0.000 0.000 0.000 0.000 0.000
HIS+1A0026_040 0.000 0.000 0.000 0.000 0.000 0.000 0.000 0.000 0.000 0.000 0.000 0.000 0.000 0.000 0.000
HIS+1A0026_041 0.338 0.334 0.337 0.338 0.337 0.334 0.311 0.202 0.044 0.007 0.000 0.000 0.000 0.000 0.000
HIS+1A0026_042 0.000 0.000 0.000 0.000 0.000 0.000 0.000 0.000 0.000 0.000 0.000 0.000 0.000 0.000 0.000
HIS+1A0026_043 0.000 0.000 0.000 0.000 0.000 0.000 0.000 0.000 0.000 0.000 0.000 0.000 0.000 0.000 0.000
HIS+1A0026_044 0.069 0.070 0.070 0.070 0.070 0.070 0.065 0.042 0.009 0.001 0.000 0.000 0.000 0.000 0.000
HIS+1A0026_045 0.000 0.000 0.000 0.000 0.000 0.000 0.000 0.000 0.000 0.000 0.000 0.000 0.000 0.000 0.000
HIS+1A0026_046 0.000 0.000 0.000 0.000 0.000 0.000 0.000 0.000 0.000 0.000 0.000 0.000 0.000 0.000 0.000
HIS+1A0026_047 0.000 0.000 0.000 0.000 0.000 0.000 0.000 0.000 0.000 0.000 0.000 0.000 0.000 0.000 0.000
HIS+1A0026_048 0.048 0.047 0.048 0.047 0.048 0.047 0.044 0.029 0.006 0.000 0.000 0.000 0.000 0.000 0.000
HIS+1A0026_049 0.041 0.040 0.041 0.041 0.041 0.041 0.039 0.024 0.005 0.000 0.000 0.000 0.000 0.000 0.000
HIS+1A0026_050 0.011 0.011 0.011 0.011 0.011 0.011 0.010 0.007 0.001 0.000 0.000 0.000 0.000 0.000 0.000
HIS+1A0026_051 0.160 0.163 0.162 0.159 0.161 0.157 0.149 0.098 0.021 0.003 0.000 0.000 0.000 0.000 0.000
HIS+1A0026_052 0.000 0.000 0.000 0.000 0.000 0.000 0.000 0.000 0.000 0.000 0.000 0.000 0.000 0.000 0.000
HIS+1A0026_053 0.010 0.010 0.011 0.010 0.010 0.010 0.009 0.006 0.001 0.000 0.000 0.000 0.000 0.000 0.000
HIS+1A0026_054 0.000 0.000 0.000 0.000 0.000 0.000 0.000 0.000 0.000 0.000 0.000 0.000 0.000 0.000 0.000
HIS+1A0026_055 0.000 0.000 0.000 0.000 0.000 0.000 0.000 0.000 0.000 0.000 0.000 0.000 0.000 0.000 0.000
HIS+1A0026_056 0.000 0.000 0.000 0.000 0.000 0.000 0.000 0.000 0.000 0.000 0.000 0.000 0.000 0.000 0.000
