 ph              0.0   1.0   2.0   3.0   4.0   5.0   6.0   7.0   8.0   9.0  10.0  11.0  12.0  13.0  14.0
GLN01A0177_001 0.009 0.009 0.009 0.009 0.009 0.009 0.009 0.009 0.009 0.009 0.009 0.009 0.009 0.009 0.009
GLN01A0177_002 0.010 0.010 0.010 0.010 0.010 0.010 0.010 0.010 0.010 0.010 0.010 0.010 0.010 0.010 0.010
GLN01A0177_003 0.008 0.008 0.008 0.008 0.008 0.008 0.008 0.008 0.008 0.008 0.008 0.008 0.008 0.008 0.008
GLN01A0177_004 0.020 0.020 0.020 0.020 0.020 0.020 0.020 0.020 0.020 0.020 0.020 0.020 0.020 0.020 0.020
GLN01A0177_005 0.095 0.095 0.095 0.095 0.094 0.096 0.095 0.095 0.094 0.094 0.093 0.095 0.094 0.096 0.095
GLN01A0177_006 0.005 0.005 0.005 0.005 0.005 0.005 0.005 0.005 0.005 0.005 0.005 0.005 0.005 0.005 0.005
GLN01A0177_007 0.040 0.041 0.040 0.040 0.041 0.040 0.040 0.040 0.040 0.040 0.040 0.040 0.040 0.040 0.040
GLN01A0177_008 0.013 0.013 0.013 0.013 0.013 0.013 0.013 0.013 0.013 0.013 0.013 0.013 0.013 0.013 0.013
GLN01A0177_009 0.129 0.129 0.129 0.128 0.130 0.129 0.128 0.129 0.130 0.128 0.128 0.128 0.129 0.128 0.129
GLN01A0177_010 0.020 0.020 0.019 0.020 0.020 0.020 0.020 0.020 0.020 0.020 0.019 0.020 0.020 0.020 0.020
GLN01A0177_011 0.013 0.013 0.013 0.013 0.013 0.013 0.013 0.013 0.013 0.013 0.013 0.013 0.013 0.013 0.013
GLN01A0177_012 0.221 0.220 0.221 0.222 0.222 0.221 0.221 0.221 0.219 0.223 0.223 0.220 0.221 0.222 0.219
GLN01A0177_013 0.026 0.026 0.025 0.025 0.025 0.025 0.026 0.025 0.025 0.026 0.025 0.025 0.025 0.025 0.026
GLN01A0177_014 0.392 0.391 0.392 0.392 0.391 0.392 0.392 0.392 0.394 0.391 0.395 0.396 0.393 0.391 0.393
