 ph              0.0   1.0   2.0   3.0   4.0   5.0   6.0   7.0   8.0   9.0  10.0  11.0  12.0  13.0  14.0
ASP01A0256_001 0.000 0.000 0.000 0.000 0.000 0.000 0.000 0.000 0.000 0.000 0.000 0.000 0.000 0.000 0.000
ASP01A0256_002 0.014 0.014 0.013 0.010 0.003 0.000 0.000 0.000 0.000 0.000 0.000 0.000 0.000 0.000 0.000
ASP01A0256_003 0.003 0.003 0.003 0.002 0.000 0.000 0.000 0.000 0.000 0.000 0.000 0.000 0.000 0.000 0.000
ASP01A0256_004 0.007 0.007 0.006 0.005 0.002 0.000 0.000 0.000 0.000 0.000 0.000 0.000 0.000 0.000 0.000
ASP01A0256_005 0.003 0.003 0.003 0.002 0.000 0.000 0.000 0.000 0.000 0.000 0.000 0.000 0.000 0.000 0.000
ASP01A0256_006 0.009 0.010 0.009 0.007 0.002 0.000 0.000 0.000 0.000 0.000 0.000 0.000 0.000 0.000 0.000
ASP01A0256_007 0.000 0.000 0.000 0.000 0.000 0.000 0.000 0.000 0.000 0.000 0.000 0.000 0.000 0.000 0.000
ASP01A0256_008 0.009 0.009 0.009 0.007 0.002 0.000 0.000 0.000 0.000 0.000 0.000 0.000 0.000 0.000 0.000
ASP01A0256_009 0.004 0.004 0.004 0.003 0.000 0.000 0.000 0.000 0.000 0.000 0.000 0.000 0.000 0.000 0.000
ASP01A0256_010 0.000 0.000 0.000 0.000 0.000 0.000 0.000 0.000 0.000 0.000 0.000 0.000 0.000 0.000 0.000
ASP01A0256_011 0.154 0.154 0.147 0.115 0.037 0.006 0.000 0.000 0.000 0.000 0.000 0.000 0.000 0.000 0.000
ASP01A0256_012 0.116 0.115 0.112 0.088 0.028 0.005 0.000 0.000 0.000 0.000 0.000 0.000 0.000 0.000 0.000
ASP01A0256_013 0.157 0.154 0.148 0.118 0.038 0.006 0.000 0.000 0.000 0.000 0.000 0.000 0.000 0.000 0.000
ASP01A0256_014 0.003 0.003 0.003 0.002 0.000 0.000 0.000 0.000 0.000 0.000 0.000 0.000 0.000 0.000 0.000
ASP02A0256_015 0.002 0.002 0.002 0.001 0.000 0.000 0.000 0.000 0.000 0.000 0.000 0.000 0.000 0.000 0.000
ASP02A0256_016 0.002 0.002 0.002 0.001 0.000 0.000 0.000 0.000 0.000 0.000 0.000 0.000 0.000 0.000 0.000
ASP02A0256_017 0.021 0.021 0.020 0.015 0.005 0.000 0.000 0.000 0.000 0.000 0.000 0.000 0.000 0.000 0.000
ASP02A0256_018 0.106 0.108 0.103 0.081 0.026 0.004 0.000 0.000 0.000 0.000 0.000 0.000 0.000 0.000 0.000
ASP02A0256_019 0.001 0.001 0.001 0.001 0.000 0.000 0.000 0.000 0.000 0.000 0.000 0.000 0.000 0.000 0.000
ASP02A0256_020 0.215 0.212 0.209 0.159 0.052 0.009 0.006 0.000 0.000 0.000 0.000 0.000 0.000 0.000 0.000
ASP02A0256_021 0.005 0.005 0.005 0.004 0.001 0.000 0.000 0.000 0.000 0.000 0.000 0.000 0.000 0.000 0.000
ASP02A0256_022 0.009 0.009 0.008 0.007 0.002 0.000 0.000 0.000 0.000 0.000 0.000 0.000 0.000 0.000 0.000
ASP02A0256_023 0.000 0.000 0.000 0.000 0.000 0.000 0.000 0.000 0.000 0.000 0.000 0.000 0.000 0.000 0.000
ASP02A0256_024 0.005 0.005 0.005 0.004 0.001 0.000 0.000 0.000 0.000 0.000 0.000 0.000 0.000 0.000 0.000
ASP02A0256_025 0.003 0.003 0.002 0.002 0.000 0.000 0.000 0.000 0.000 0.000 0.000 0.000 0.000 0.000 0.000
ASP02A0256_026 0.012 0.012 0.012 0.009 0.003 0.000 0.000 0.000 0.000 0.000 0.000 0.000 0.000 0.000 0.000
ASP02A0256_027 0.103 0.104 0.099 0.076 0.026 0.004 0.000 0.000 0.000 0.000 0.000 0.000 0.000 0.000 0.000
ASP02A0256_028 0.039 0.039 0.037 0.029 0.009 0.002 0.000 0.000 0.000 0.000 0.000 0.000 0.000 0.000 0.000
ASP02A0256_029 0.000 0.000 0.000 0.000 0.000 0.000 0.000 0.000 0.000 0.000 0.000 0.000 0.000 0.000 0.000
ASP-1A0256_030 0.000 0.000 0.000 0.005 0.015 0.019 0.020 0.020 0.020 0.020 0.020 0.020 0.018 0.020 0.019
ASP-1A0256_031 0.000 0.000 0.009 0.057 0.171 0.221 0.224 0.222 0.224 0.224 0.223 0.223 0.225 0.225 0.224
ASP-1A0256_032 0.000 0.000 0.000 0.006 0.019 0.024 0.025 0.024 0.024 0.024 0.024 0.025 0.024 0.025 0.024
ASP-1A0256_033 0.000 0.000 0.000 0.004 0.012 0.015 0.016 0.016 0.016 0.016 0.016 0.016 0.016 0.016 0.016
ASP-1A0256_034 0.000 0.000 0.014 0.083 0.253 0.316 0.332 0.333 0.331 0.332 0.332 0.334 0.334 0.331 0.338
ASP-1A0256_035 0.000 0.000 0.000 0.002 0.006 0.008 0.008 0.008 0.008 0.008 0.008 0.008 0.008 0.008 0.008
ASP-1A0256_036 0.000 0.005 0.016 0.095 0.283 0.360 0.370 0.376 0.378 0.376 0.377 0.375 0.374 0.374 0.371
