 ph              0.0   1.0   2.0   3.0   4.0   5.0   6.0   7.0   8.0   9.0  10.0  11.0  12.0  13.0  14.0
CYS01A0048_001 0.189 0.189 0.188 0.189 0.190 0.189 0.188 0.178 0.110 0.024 0.002 0.000 0.000 0.000 0.000
CYS01A0048_002 0.000 0.000 0.000 0.000 0.000 0.000 0.000 0.000 0.000 0.000 0.000 0.000 0.000 0.000 0.000
CYS01A0048_003 0.127 0.125 0.127 0.126 0.127 0.126 0.125 0.116 0.072 0.016 0.002 0.000 0.000 0.000 0.000
CYS01A0048_004 0.199 0.199 0.199 0.198 0.200 0.199 0.198 0.185 0.116 0.025 0.003 0.000 0.000 0.000 0.000
CYS01A0048_005 0.221 0.220 0.219 0.221 0.220 0.220 0.217 0.206 0.128 0.027 0.003 0.000 0.000 0.000 0.000
CYS01A0048_006 0.000 0.000 0.000 0.000 0.000 0.000 0.000 0.000 0.000 0.000 0.000 0.000 0.000 0.000 0.000
CYS01A0048_007 0.000 0.000 0.000 0.000 0.000 0.000 0.000 0.000 0.000 0.000 0.000 0.000 0.000 0.000 0.000
CYS01A0048_008 0.128 0.129 0.129 0.130 0.128 0.128 0.128 0.119 0.075 0.016 0.002 0.000 0.000 0.000 0.000
CYS01A0048_009 0.136 0.138 0.138 0.137 0.136 0.137 0.136 0.127 0.080 0.017 0.002 0.000 0.000 0.000 0.000
CYS01A0048_010 0.000 0.000 0.000 0.000 0.000 0.000 0.000 0.000 0.000 0.000 0.000 0.000 0.000 0.000 0.000
CYS01A0048_011 0.000 0.000 0.000 0.000 0.000 0.000 0.000 0.000 0.000 0.000 0.000 0.000 0.000 0.000 0.000
CYS01A0048_012 0.000 0.000 0.000 0.000 0.000 0.000 0.000 0.000 0.000 0.000 0.000 0.000 0.000 0.000 0.000
CYS-1A0048_013 0.000 0.000 0.000 0.000 0.000 0.000 0.006 0.050 0.309 0.644 0.730 0.736 0.739 0.739 0.735
CYS-1A0048_014 0.000 0.000 0.000 0.000 0.000 0.000 0.000 0.000 0.000 0.000 0.000 0.001 0.000 0.000 0.000
CYS-1A0048_015 0.000 0.000 0.000 0.000 0.000 0.000 0.002 0.017 0.109 0.232 0.256 0.262 0.261 0.261 0.265
CYS-1A0048_016 0.000 0.000 0.000 0.000 0.000 0.000 0.000 0.000 0.000 0.000 0.000 0.000 0.000 0.000 0.000
