 ph              0.0   1.0   2.0   3.0   4.0   5.0   6.0   7.0   8.0   9.0  10.0  11.0  12.0  13.0  14.0
ASP01A0082_001 0.000 0.000 0.000 0.000 0.000 0.000 0.000 0.000 0.000 0.000 0.000 0.000 0.000 0.000 0.000
ASP01A0082_002 0.002 0.002 0.002 0.002 0.000 0.000 0.000 0.000 0.000 0.000 0.000 0.000 0.000 0.000 0.000
ASP01A0082_003 0.072 0.071 0.071 0.064 0.032 0.006 0.000 0.000 0.000 0.000 0.000 0.000 0.000 0.000 0.000
ASP01A0082_004 0.009 0.010 0.009 0.008 0.004 0.000 0.000 0.000 0.000 0.000 0.000 0.000 0.000 0.000 0.000
ASP01A0082_005 0.009 0.009 0.009 0.008 0.004 0.000 0.000 0.000 0.000 0.000 0.000 0.000 0.000 0.000 0.000
ASP01A0082_006 0.096 0.097 0.095 0.086 0.043 0.008 0.000 0.000 0.000 0.000 0.000 0.000 0.000 0.000 0.000
ASP01A0082_007 0.125 0.126 0.125 0.110 0.056 0.011 0.000 0.000 0.000 0.000 0.000 0.000 0.000 0.000 0.000
ASP01A0082_008 0.152 0.154 0.151 0.136 0.068 0.013 0.003 0.000 0.000 0.000 0.000 0.000 0.000 0.000 0.000
ASP02A0082_009 0.008 0.008 0.008 0.007 0.003 0.000 0.000 0.000 0.000 0.000 0.000 0.000 0.000 0.000 0.000
ASP02A0082_010 0.014 0.014 0.013 0.012 0.006 0.000 0.000 0.000 0.000 0.000 0.000 0.000 0.000 0.000 0.000
ASP02A0082_011 0.099 0.099 0.099 0.089 0.044 0.009 0.000 0.000 0.000 0.000 0.000 0.000 0.000 0.000 0.000
ASP02A0082_012 0.005 0.004 0.004 0.004 0.002 0.000 0.000 0.000 0.000 0.000 0.000 0.000 0.000 0.000 0.000
ASP02A0082_013 0.012 0.013 0.012 0.011 0.006 0.000 0.000 0.000 0.000 0.000 0.000 0.000 0.000 0.000 0.000
ASP02A0082_014 0.155 0.154 0.152 0.138 0.069 0.013 0.003 0.000 0.000 0.000 0.000 0.000 0.000 0.000 0.000
ASP02A0082_015 0.041 0.041 0.040 0.036 0.018 0.004 0.000 0.000 0.000 0.000 0.000 0.000 0.000 0.000 0.000
ASP02A0082_016 0.202 0.200 0.197 0.178 0.090 0.017 0.005 0.000 0.000 0.000 0.000 0.000 0.000 0.000 0.000
ASP-1A0082_017 0.000 0.000 0.005 0.045 0.226 0.374 0.402 0.407 0.410 0.409 0.410 0.406 0.418 0.406 0.408
ASP-1A0082_018 0.000 0.000 0.007 0.066 0.327 0.543 0.586 0.592 0.590 0.591 0.590 0.594 0.582 0.594 0.592
