 ph              0.0   1.0   2.0   3.0   4.0   5.0   6.0   7.0   8.0   9.0  10.0  11.0  12.0  13.0  14.0
ASP01A0036_001 0.002 0.002 0.002 0.002 0.000 0.000 0.000 0.000 0.000 0.000 0.000 0.000 0.000 0.000 0.000
ASP01A0036_002 0.023 0.023 0.023 0.021 0.010 0.002 0.000 0.000 0.000 0.000 0.000 0.000 0.000 0.000 0.000
ASP01A0036_003 0.163 0.162 0.159 0.143 0.071 0.012 0.002 0.000 0.000 0.000 0.000 0.000 0.000 0.000 0.000
ASP01A0036_004 0.107 0.107 0.106 0.095 0.047 0.008 0.001 0.000 0.000 0.000 0.000 0.000 0.000 0.000 0.000
ASP01A0036_005 0.011 0.011 0.011 0.009 0.005 0.000 0.000 0.000 0.000 0.000 0.000 0.000 0.000 0.000 0.000
ASP01A0036_006 0.269 0.269 0.264 0.237 0.117 0.020 0.004 0.000 0.000 0.000 0.000 0.000 0.000 0.000 0.000
ASP02A0036_007 0.016 0.016 0.016 0.014 0.007 0.001 0.000 0.000 0.000 0.000 0.000 0.000 0.000 0.000 0.000
ASP02A0036_008 0.002 0.002 0.002 0.002 0.000 0.000 0.000 0.000 0.000 0.000 0.000 0.000 0.000 0.000 0.000
ASP02A0036_009 0.004 0.004 0.004 0.004 0.002 0.000 0.000 0.000 0.000 0.000 0.000 0.000 0.000 0.000 0.000
ASP02A0036_010 0.205 0.205 0.203 0.182 0.090 0.015 0.003 0.000 0.000 0.000 0.000 0.000 0.000 0.000 0.000
ASP02A0036_011 0.114 0.114 0.113 0.101 0.050 0.009 0.000 0.000 0.000 0.000 0.000 0.000 0.000 0.000 0.000
ASP02A0036_012 0.084 0.084 0.083 0.075 0.037 0.006 0.000 0.000 0.000 0.000 0.000 0.000 0.000 0.000 0.000
ASP-1A0036_013 0.000 0.000 0.009 0.077 0.377 0.617 0.664 0.667 0.665 0.663 0.667 0.668 0.669 0.666 0.666
ASP-1A0036_014 0.000 0.000 0.004 0.038 0.186 0.310 0.326 0.333 0.335 0.337 0.333 0.332 0.331 0.334 0.334
