 ph              0.0   1.0   2.0   3.0   4.0   5.0   6.0   7.0   8.0   9.0  10.0  11.0  12.0  13.0  14.0
ASP01A0190_001 0.000 0.000 0.000 0.000 0.000 0.000 0.000 0.000 0.000 0.000 0.000 0.000 0.000 0.000 0.000
ASP01A0190_002 0.002 0.002 0.002 0.002 0.002 0.000 0.000 0.000 0.000 0.000 0.000 0.000 0.000 0.000 0.000
ASP01A0190_003 0.001 0.000 0.000 0.000 0.000 0.000 0.000 0.000 0.000 0.000 0.000 0.000 0.000 0.000 0.000
ASP01A0190_004 0.036 0.036 0.036 0.035 0.026 0.008 0.002 0.000 0.000 0.000 0.000 0.000 0.000 0.000 0.000
ASP01A0190_005 0.000 0.000 0.000 0.000 0.000 0.000 0.000 0.000 0.000 0.000 0.000 0.000 0.000 0.000 0.000
ASP01A0190_006 0.008 0.008 0.008 0.008 0.006 0.002 0.000 0.000 0.000 0.000 0.000 0.000 0.000 0.000 0.000
ASP01A0190_007 0.002 0.002 0.002 0.002 0.002 0.000 0.000 0.000 0.000 0.000 0.000 0.000 0.000 0.000 0.000
ASP01A0190_008 0.000 0.001 0.001 0.000 0.000 0.000 0.000 0.000 0.000 0.000 0.000 0.000 0.000 0.000 0.000
ASP01A0190_009 0.426 0.416 0.418 0.405 0.309 0.095 0.018 0.006 0.000 0.000 0.000 0.000 0.000 0.000 0.000
ASP01A0190_010 0.018 0.018 0.017 0.017 0.013 0.004 0.000 0.000 0.000 0.000 0.000 0.000 0.000 0.000 0.000
ASP01A0190_011 0.151 0.153 0.151 0.146 0.111 0.034 0.006 0.000 0.000 0.000 0.000 0.000 0.000 0.000 0.000
ASP01A0190_012 0.027 0.027 0.027 0.026 0.020 0.006 0.000 0.000 0.000 0.000 0.000 0.000 0.000 0.000 0.000
ASP01A0190_013 0.013 0.013 0.013 0.012 0.010 0.003 0.000 0.000 0.000 0.000 0.000 0.000 0.000 0.000 0.000
ASP02A0190_014 0.000 0.000 0.000 0.000 0.000 0.000 0.000 0.000 0.000 0.000 0.000 0.000 0.000 0.000 0.000
ASP02A0190_015 0.000 0.000 0.000 0.000 0.000 0.000 0.000 0.000 0.000 0.000 0.000 0.000 0.000 0.000 0.000
ASP02A0190_016 0.000 0.000 0.000 0.000 0.000 0.000 0.000 0.000 0.000 0.000 0.000 0.000 0.000 0.000 0.000
ASP02A0190_017 0.002 0.002 0.002 0.002 0.002 0.000 0.000 0.000 0.000 0.000 0.000 0.000 0.000 0.000 0.000
ASP02A0190_018 0.000 0.000 0.000 0.000 0.000 0.000 0.000 0.000 0.000 0.000 0.000 0.000 0.000 0.000 0.000
ASP02A0190_019 0.006 0.006 0.006 0.006 0.004 0.001 0.000 0.000 0.000 0.000 0.000 0.000 0.000 0.000 0.000
ASP02A0190_020 0.004 0.004 0.004 0.004 0.003 0.000 0.000 0.000 0.000 0.000 0.000 0.000 0.000 0.000 0.000
ASP02A0190_021 0.017 0.017 0.017 0.016 0.013 0.004 0.000 0.000 0.000 0.000 0.000 0.000 0.000 0.000 0.000
ASP02A0190_022 0.021 0.022 0.022 0.021 0.016 0.005 0.000 0.000 0.000 0.000 0.000 0.000 0.000 0.000 0.000
ASP02A0190_023 0.002 0.002 0.002 0.002 0.001 0.000 0.000 0.000 0.000 0.000 0.000 0.000 0.000 0.000 0.000
ASP02A0190_024 0.008 0.008 0.008 0.008 0.006 0.002 0.000 0.000 0.000 0.000 0.000 0.000 0.000 0.000 0.000
ASP02A0190_025 0.179 0.185 0.182 0.175 0.134 0.041 0.008 0.000 0.000 0.000 0.000 0.000 0.000 0.000 0.000
ASP02A0190_026 0.076 0.078 0.077 0.074 0.056 0.017 0.003 0.000 0.000 0.000 0.000 0.000 0.000 0.000 0.000
ASP-1A0190_027 0.000 0.000 0.000 0.000 0.006 0.016 0.020 0.021 0.021 0.020 0.020 0.021 0.021 0.020 0.021
ASP-1A0190_028 0.000 0.000 0.001 0.012 0.082 0.236 0.295 0.304 0.304 0.304 0.303 0.305 0.304 0.307 0.309
ASP-1A0190_029 0.000 0.000 0.003 0.024 0.166 0.487 0.599 0.617 0.623 0.626 0.625 0.621 0.623 0.623 0.621
ASP-1A0190_030 0.000 0.000 0.000 0.002 0.014 0.039 0.050 0.051 0.051 0.050 0.051 0.052 0.052 0.050 0.049
