 ph              0.0   1.0   2.0   3.0   4.0   5.0   6.0   7.0   8.0   9.0  10.0  11.0  12.0  13.0  14.0
ASN01A0149_001 0.302 0.304 0.305 0.305 0.303 0.304 0.303 0.303 0.304 0.303 0.303 0.305 0.303 0.304 0.303
ASN01A0149_002 0.028 0.028 0.028 0.028 0.028 0.028 0.029 0.028 0.028 0.028 0.028 0.028 0.028 0.028 0.028
ASN01A0149_003 0.000 0.000 0.000 0.000 0.000 0.000 0.000 0.000 0.000 0.000 0.000 0.000 0.000 0.000 0.000
ASN01A0149_004 0.007 0.007 0.007 0.007 0.007 0.007 0.007 0.007 0.007 0.007 0.007 0.007 0.007 0.007 0.007
ASN01A0149_005 0.006 0.006 0.006 0.006 0.006 0.006 0.006 0.006 0.006 0.006 0.006 0.006 0.006 0.006 0.006
ASN01A0149_006 0.000 0.000 0.000 0.000 0.000 0.000 0.000 0.000 0.000 0.000 0.000 0.000 0.000 0.000 0.000
ASN01A0149_007 0.046 0.046 0.046 0.046 0.046 0.047 0.046 0.046 0.046 0.046 0.046 0.045 0.046 0.046 0.046
ASN01A0149_008 0.000 0.000 0.000 0.000 0.000 0.000 0.000 0.000 0.000 0.000 0.000 0.000 0.000 0.000 0.000
ASN01A0149_009 0.189 0.187 0.188 0.188 0.188 0.187 0.187 0.188 0.187 0.187 0.188 0.185 0.189 0.188 0.189
ASN01A0149_010 0.027 0.027 0.028 0.027 0.027 0.027 0.027 0.027 0.027 0.027 0.027 0.027 0.027 0.027 0.027
ASN01A0149_011 0.047 0.047 0.046 0.046 0.047 0.047 0.048 0.046 0.047 0.047 0.047 0.047 0.047 0.047 0.047
ASN01A0149_012 0.259 0.260 0.259 0.259 0.260 0.259 0.259 0.261 0.259 0.259 0.259 0.261 0.259 0.260 0.260
ASN01A0149_013 0.089 0.088 0.087 0.088 0.088 0.088 0.088 0.088 0.088 0.089 0.088 0.088 0.088 0.088 0.087
ASN01A0149_014 0.000 0.000 0.000 0.000 0.000 0.000 0.000 0.000 0.000 0.000 0.000 0.000 0.000 0.000 0.000
