 ph              0.0   1.0   2.0   3.0   4.0   5.0   6.0   7.0   8.0   9.0  10.0  11.0  12.0  13.0  14.0
GLU01A0142_001 0.001 0.001 0.001 0.001 0.000 0.000 0.000 0.000 0.000 0.000 0.000 0.000 0.000 0.000 0.000
GLU01A0142_002 0.042 0.042 0.043 0.041 0.032 0.010 0.002 0.000 0.000 0.000 0.000 0.000 0.000 0.000 0.000
GLU01A0142_003 0.032 0.032 0.032 0.031 0.024 0.008 0.000 0.000 0.000 0.000 0.000 0.000 0.000 0.000 0.000
GLU01A0142_004 0.004 0.004 0.004 0.004 0.003 0.000 0.000 0.000 0.000 0.000 0.000 0.000 0.000 0.000 0.000
GLU01A0142_005 0.410 0.410 0.409 0.398 0.311 0.099 0.015 0.000 0.000 0.000 0.000 0.000 0.000 0.000 0.000
GLU01A0142_006 0.071 0.071 0.071 0.068 0.053 0.017 0.003 0.000 0.000 0.000 0.000 0.000 0.000 0.000 0.000
GLU02A0142_007 0.007 0.007 0.007 0.007 0.005 0.002 0.000 0.000 0.000 0.000 0.000 0.000 0.000 0.000 0.000
GLU02A0142_008 0.009 0.009 0.008 0.008 0.007 0.002 0.000 0.000 0.000 0.000 0.000 0.000 0.000 0.000 0.000
GLU02A0142_009 0.110 0.111 0.110 0.107 0.083 0.027 0.004 0.000 0.000 0.000 0.000 0.000 0.000 0.000 0.000
GLU02A0142_010 0.070 0.071 0.070 0.069 0.053 0.017 0.003 0.000 0.000 0.000 0.000 0.000 0.000 0.000 0.000
GLU02A0142_011 0.003 0.003 0.003 0.003 0.002 0.000 0.000 0.000 0.000 0.000 0.000 0.000 0.000 0.000 0.000
GLU02A0142_012 0.241 0.239 0.238 0.231 0.181 0.059 0.009 0.000 0.000 0.000 0.000 0.000 0.000 0.000 0.000
GLU-1A0142_013 0.000 0.000 0.002 0.015 0.114 0.354 0.449 0.469 0.464 0.468 0.468 0.466 0.469 0.465 0.467
GLU-1A0142_014 0.000 0.000 0.002 0.017 0.131 0.407 0.516 0.530 0.536 0.532 0.532 0.534 0.531 0.535 0.533
