 ph              0.0   1.0   2.0   3.0   4.0   5.0   6.0   7.0   8.0   9.0  10.0  11.0  12.0  13.0  14.0
HIS01A0151_001 0.000 0.000 0.000 0.000 0.000 0.000 0.002 0.014 0.034 0.040 0.041 0.041 0.042 0.041 0.041
HIS01A0151_002 0.000 0.000 0.000 0.000 0.000 0.000 0.007 0.045 0.109 0.128 0.130 0.130 0.131 0.130 0.131
HIS01A0151_003 0.000 0.000 0.000 0.000 0.000 0.000 0.002 0.015 0.036 0.042 0.043 0.043 0.043 0.043 0.043
HIS01A0151_004 0.000 0.000 0.000 0.000 0.000 0.000 0.000 0.000 0.000 0.000 0.000 0.000 0.000 0.000 0.000
HIS01A0151_005 0.000 0.000 0.000 0.000 0.000 0.000 0.000 0.000 0.000 0.000 0.000 0.000 0.000 0.000 0.000
HIS01A0151_006 0.000 0.000 0.000 0.000 0.000 0.000 0.000 0.000 0.000 0.000 0.000 0.000 0.000 0.000 0.000
HIS01A0151_007 0.000 0.000 0.000 0.000 0.000 0.000 0.002 0.012 0.029 0.033 0.034 0.034 0.035 0.035 0.034
HIS01A0151_008 0.000 0.000 0.000 0.000 0.000 0.000 0.000 0.000 0.000 0.000 0.000 0.000 0.000 0.000 0.000
HIS01A0151_009 0.000 0.000 0.000 0.000 0.000 0.000 0.000 0.000 0.000 0.000 0.000 0.000 0.000 0.000 0.000
HIS01A0151_010 0.000 0.000 0.000 0.000 0.000 0.000 0.000 0.000 0.000 0.000 0.000 0.000 0.000 0.000 0.000
HIS01A0151_011 0.000 0.000 0.000 0.000 0.000 0.000 0.000 0.000 0.000 0.000 0.000 0.000 0.000 0.000 0.000
HIS01A0151_012 0.000 0.000 0.000 0.000 0.000 0.000 0.002 0.013 0.032 0.039 0.038 0.039 0.038 0.038 0.039
HIS01A0151_013 0.000 0.000 0.000 0.000 0.000 0.000 0.000 0.000 0.000 0.001 0.001 0.001 0.000 0.000 0.000
HIS01A0151_014 0.000 0.000 0.000 0.000 0.000 0.000 0.001 0.009 0.021 0.025 0.026 0.026 0.026 0.026 0.026
HIS01A0151_015 0.000 0.000 0.000 0.000 0.000 0.000 0.000 0.000 0.002 0.002 0.002 0.002 0.002 0.002 0.002
HIS01A0151_016 0.000 0.000 0.000 0.000 0.000 0.000 0.003 0.021 0.052 0.061 0.062 0.063 0.061 0.062 0.062
HIS01A0151_017 0.000 0.000 0.000 0.000 0.000 0.000 0.000 0.000 0.000 0.000 0.000 0.000 0.000 0.000 0.000
HIS01A0151_018 0.000 0.000 0.000 0.000 0.000 0.000 0.002 0.017 0.041 0.048 0.048 0.049 0.049 0.049 0.049
HIS01A0151_019 0.000 0.000 0.000 0.000 0.000 0.000 0.000 0.000 0.000 0.000 0.000 0.000 0.000 0.000 0.000
HIS01A0151_020 0.000 0.000 0.000 0.000 0.000 0.000 0.000 0.000 0.000 0.000 0.000 0.000 0.000 0.000 0.000
HIS02A0151_021 0.000 0.000 0.000 0.000 0.000 0.000 0.004 0.030 0.074 0.087 0.088 0.089 0.090 0.090 0.089
HIS02A0151_022 0.000 0.000 0.000 0.000 0.000 0.000 0.006 0.039 0.095 0.112 0.113 0.113 0.113 0.113 0.114
HIS02A0151_023 0.000 0.000 0.000 0.000 0.000 0.000 0.000 0.000 0.000 0.000 0.000 0.000 0.000 0.000 0.000
HIS02A0151_024 0.000 0.000 0.000 0.000 0.000 0.000 0.003 0.019 0.047 0.053 0.056 0.056 0.055 0.055 0.055
HIS02A0151_025 0.000 0.000 0.000 0.000 0.000 0.000 0.000 0.000 0.000 0.001 0.001 0.001 0.001 0.001 0.001
HIS02A0151_026 0.000 0.000 0.000 0.000 0.000 0.000 0.002 0.016 0.038 0.044 0.046 0.045 0.046 0.046 0.046
HIS02A0151_027 0.000 0.000 0.000 0.000 0.000 0.000 0.000 0.000 0.000 0.000 0.000 0.000 0.000 0.000 0.000
HIS02A0151_028 0.000 0.000 0.000 0.000 0.000 0.000 0.000 0.000 0.000 0.000 0.000 0.000 0.000 0.000 0.000
HIS02A0151_029 0.000 0.000 0.000 0.000 0.000 0.000 0.000 0.000 0.000 0.000 0.000 0.000 0.000 0.000 0.000
HIS02A0151_030 0.000 0.000 0.000 0.000 0.000 0.000 0.003 0.018 0.043 0.051 0.051 0.052 0.051 0.051 0.051
HIS02A0151_031 0.000 0.000 0.000 0.000 0.000 0.000 0.000 0.000 0.000 0.000 0.000 0.000 0.000 0.000 0.000
HIS02A0151_032 0.000 0.000 0.000 0.000 0.000 0.000 0.000 0.000 0.000 0.000 0.000 0.000 0.000 0.000 0.000
HIS02A0151_033 0.000 0.000 0.000 0.000 0.000 0.000 0.005 0.036 0.087 0.102 0.106 0.105 0.104 0.105 0.105
HIS02A0151_034 0.000 0.000 0.000 0.000 0.000 0.000 0.000 0.000 0.002 0.002 0.002 0.002 0.002 0.002 0.002
HIS02A0151_035 0.000 0.000 0.000 0.000 0.000 0.000 0.004 0.027 0.065 0.079 0.079 0.079 0.078 0.079 0.079
HIS02A0151_036 0.000 0.000 0.000 0.000 0.000 0.000 0.000 0.000 0.000 0.000 0.000 0.000 0.000 0.000 0.000
HIS02A0151_037 0.000 0.000 0.000 0.000 0.000 0.000 0.002 0.010 0.026 0.030 0.031 0.031 0.031 0.031 0.031
HIS02A0151_038 0.000 0.000 0.000 0.000 0.000 0.000 0.000 0.000 0.000 0.000 0.000 0.000 0.000 0.000 0.000
HIS02A0151_039 0.000 0.000 0.000 0.000 0.000 0.000 0.000 0.000 0.000 0.000 0.000 0.000 0.000 0.000 0.000
HIS02A0151_040 0.000 0.000 0.000 0.000 0.000 0.000 0.000 0.000 0.000 0.000 0.000 0.000 0.000 0.000 0.000
HIS+1A0151_041 0.138 0.139 0.139 0.140 0.138 0.139 0.132 0.092 0.023 0.003 0.000 0.000 0.000 0.000 0.000
HIS+1A0151_042 0.239 0.238 0.239 0.239 0.238 0.238 0.228 0.157 0.040 0.005 0.000 0.000 0.000 0.000 0.000
HIS+1A0151_043 0.070 0.070 0.070 0.070 0.069 0.068 0.065 0.045 0.012 0.001 0.000 0.000 0.000 0.000 0.000
HIS+1A0151_044 0.059 0.059 0.059 0.060 0.060 0.060 0.059 0.040 0.010 0.001 0.000 0.000 0.000 0.000 0.000
HIS+1A0151_045 0.000 0.000 0.000 0.000 0.000 0.000 0.000 0.000 0.000 0.000 0.000 0.000 0.000 0.000 0.000
HIS+1A0151_046 0.000 0.000 0.000 0.000 0.000 0.000 0.000 0.000 0.000 0.000 0.000 0.000 0.000 0.000 0.000
HIS+1A0151_047 0.091 0.091 0.091 0.090 0.092 0.091 0.085 0.062 0.015 0.002 0.000 0.000 0.000 0.000 0.000
HIS+1A0151_048 0.000 0.000 0.000 0.000 0.000 0.000 0.000 0.000 0.000 0.000 0.000 0.000 0.000 0.000 0.000
HIS+1A0151_049 0.036 0.037 0.037 0.036 0.037 0.037 0.035 0.024 0.006 0.000 0.000 0.000 0.000 0.000 0.000
HIS+1A0151_050 0.000 0.000 0.000 0.000 0.000 0.000 0.000 0.000 0.000 0.000 0.000 0.000 0.000 0.000 0.000
HIS+1A0151_051 0.000 0.000 0.000 0.000 0.000 0.000 0.000 0.000 0.000 0.000 0.000 0.000 0.000 0.000 0.000
HIS+1A0151_052 0.071 0.071 0.071 0.071 0.071 0.072 0.068 0.047 0.012 0.002 0.000 0.000 0.000 0.000 0.000
HIS+1A0151_053 0.000 0.000 0.000 0.000 0.000 0.000 0.000 0.000 0.000 0.000 0.000 0.000 0.000 0.000 0.000
HIS+1A0151_054 0.002 0.002 0.002 0.002 0.002 0.002 0.002 0.001 0.000 0.000 0.000 0.000 0.000 0.000 0.000
HIS+1A0151_055 0.000 0.000 0.000 0.000 0.000 0.000 0.000 0.000 0.000 0.000 0.000 0.000 0.000 0.000 0.000
HIS+1A0151_056 0.000 0.000 0.000 0.000 0.000 0.000 0.000 0.000 0.000 0.000 0.000 0.000 0.000 0.000 0.000
HIS+1A0151_057 0.289 0.288 0.287 0.286 0.287 0.287 0.272 0.188 0.050 0.006 0.000 0.000 0.000 0.000 0.000
HIS+1A0151_058 0.004 0.004 0.005 0.005 0.004 0.004 0.004 0.003 0.000 0.000 0.000 0.000 0.000 0.000 0.000
HIS+1A0151_059 0.000 0.000 0.000 0.000 0.000 0.000 0.000 0.000 0.000 0.000 0.000 0.000 0.000 0.000 0.000
HIS+1A0151_060 0.000 0.000 0.000 0.000 0.000 0.000 0.000 0.000 0.000 0.000 0.000 0.000 0.000 0.000 0.000
