 ph              0.0   1.0   2.0   3.0   4.0   5.0   6.0   7.0   8.0   9.0  10.0  11.0  12.0  13.0  14.0
ASN01A0105_001 0.021 0.021 0.020 0.021 0.021 0.020 0.020 0.021 0.021 0.021 0.021 0.020 0.020 0.021 0.021
ASN01A0105_002 0.013 0.013 0.013 0.013 0.013 0.012 0.012 0.013 0.013 0.013 0.012 0.012 0.012 0.013 0.013
ASN01A0105_003 0.238 0.235 0.239 0.234 0.238 0.237 0.240 0.238 0.236 0.237 0.237 0.237 0.237 0.235 0.236
ASN01A0105_004 0.000 0.000 0.000 0.000 0.000 0.000 0.000 0.000 0.000 0.000 0.000 0.000 0.000 0.000 0.000
ASN01A0105_005 0.062 0.061 0.061 0.062 0.061 0.062 0.060 0.061 0.062 0.061 0.061 0.061 0.061 0.062 0.062
ASN01A0105_006 0.372 0.374 0.371 0.375 0.371 0.373 0.374 0.372 0.373 0.373 0.373 0.374 0.374 0.372 0.374
ASN01A0105_007 0.071 0.071 0.071 0.071 0.071 0.071 0.070 0.070 0.071 0.071 0.071 0.071 0.071 0.072 0.071
ASN01A0105_008 0.000 0.000 0.000 0.000 0.000 0.000 0.000 0.000 0.000 0.000 0.000 0.000 0.000 0.000 0.000
ASN01A0105_009 0.105 0.105 0.106 0.104 0.105 0.105 0.104 0.105 0.104 0.105 0.105 0.105 0.105 0.105 0.105
ASN01A0105_010 0.033 0.033 0.033 0.033 0.032 0.033 0.033 0.033 0.033 0.033 0.033 0.033 0.032 0.032 0.033
ASN01A0105_011 0.000 0.000 0.000 0.000 0.000 0.000 0.000 0.000 0.000 0.000 0.000 0.000 0.000 0.000 0.000
ASN01A0105_012 0.077 0.076 0.077 0.077 0.077 0.077 0.077 0.077 0.078 0.077 0.077 0.077 0.077 0.077 0.076
ASN01A0105_013 0.010 0.010 0.010 0.010 0.010 0.011 0.010 0.010 0.010 0.010 0.010 0.010 0.010 0.011 0.010
