 ph              0.0   1.0   2.0   3.0   4.0   5.0   6.0   7.0   8.0   9.0  10.0  11.0  12.0  13.0  14.0
LYS01A0080_001 0.000 0.000 0.000 0.000 0.000 0.000 0.000 0.000 0.009 0.043 0.263 0.627 0.731 0.749 0.758
LYS01A0080_002 0.000 0.000 0.000 0.000 0.000 0.000 0.000 0.000 0.000 0.002 0.009 0.022 0.026 0.026 0.026
LYS01A0080_003 0.000 0.000 0.000 0.000 0.000 0.000 0.000 0.000 0.000 0.000 0.000 0.000 0.000 0.000 0.000
LYS01A0080_004 0.000 0.000 0.000 0.000 0.000 0.000 0.000 0.000 0.000 0.000 0.000 0.002 0.002 0.003 0.003
LYS01A0080_005 0.000 0.000 0.000 0.000 0.000 0.000 0.000 0.000 0.000 0.000 0.000 0.000 0.000 0.000 0.000
LYS01A0080_006 0.000 0.000 0.000 0.000 0.000 0.000 0.000 0.000 0.000 0.000 0.000 0.000 0.000 0.000 0.000
LYS01A0080_007 0.000 0.000 0.000 0.000 0.000 0.000 0.000 0.000 0.000 0.000 0.000 0.000 0.000 0.000 0.000
LYS01A0080_008 0.000 0.000 0.000 0.000 0.000 0.000 0.000 0.000 0.000 0.000 0.000 0.000 0.000 0.000 0.000
LYS01A0080_009 0.000 0.000 0.000 0.000 0.000 0.000 0.000 0.000 0.000 0.006 0.037 0.090 0.107 0.106 0.104
LYS01A0080_010 0.000 0.000 0.000 0.000 0.000 0.000 0.000 0.000 0.000 0.000 0.000 0.000 0.000 0.000 0.000
LYS01A0080_011 0.000 0.000 0.000 0.000 0.000 0.000 0.000 0.000 0.000 0.000 0.000 0.000 0.000 0.000 0.000
LYS01A0080_012 0.000 0.000 0.000 0.000 0.000 0.000 0.000 0.000 0.000 0.000 0.007 0.016 0.019 0.019 0.018
LYS01A0080_013 0.000 0.000 0.000 0.000 0.000 0.000 0.000 0.000 0.000 0.000 0.000 0.000 0.000 0.000 0.000
LYS01A0080_014 0.000 0.000 0.000 0.000 0.000 0.000 0.000 0.000 0.000 0.004 0.025 0.058 0.068 0.070 0.067
LYS01A0080_015 0.000 0.000 0.000 0.000 0.000 0.000 0.000 0.000 0.000 0.000 0.006 0.013 0.016 0.017 0.016
LYS01A0080_016 0.000 0.000 0.000 0.000 0.000 0.000 0.000 0.000 0.000 0.000 0.000 0.000 0.000 0.000 0.000
LYS01A0080_017 0.000 0.000 0.000 0.000 0.000 0.000 0.000 0.000 0.000 0.000 0.000 0.000 0.000 0.000 0.000
LYS01A0080_018 0.000 0.000 0.000 0.000 0.000 0.000 0.000 0.000 0.000 0.000 0.000 0.003 0.003 0.003 0.003
LYS01A0080_019 0.000 0.000 0.000 0.000 0.000 0.000 0.000 0.000 0.000 0.000 0.001 0.003 0.004 0.004 0.004
LYS+1A0080_020 0.685 0.691 0.690 0.690 0.689 0.694 0.695 0.692 0.682 0.648 0.450 0.115 0.018 0.004 0.000
LYS+1A0080_021 0.000 0.000 0.000 0.000 0.000 0.000 0.000 0.000 0.000 0.000 0.000 0.000 0.000 0.000 0.000
LYS+1A0080_022 0.000 0.000 0.000 0.000 0.000 0.000 0.000 0.000 0.000 0.000 0.000 0.000 0.000 0.000 0.000
LYS+1A0080_023 0.028 0.028 0.028 0.028 0.026 0.028 0.027 0.028 0.028 0.027 0.018 0.005 0.000 0.000 0.000
LYS+1A0080_024 0.000 0.000 0.000 0.000 0.000 0.000 0.000 0.000 0.000 0.000 0.000 0.000 0.000 0.000 0.000
LYS+1A0080_025 0.032 0.031 0.030 0.030 0.030 0.030 0.030 0.031 0.030 0.029 0.020 0.005 0.000 0.000 0.000
LYS+1A0080_026 0.004 0.004 0.004 0.004 0.004 0.004 0.004 0.004 0.004 0.004 0.003 0.000 0.000 0.000 0.000
LYS+1A0080_027 0.000 0.000 0.000 0.000 0.000 0.000 0.000 0.000 0.000 0.000 0.000 0.000 0.000 0.000 0.000
LYS+1A0080_028 0.000 0.000 0.000 0.000 0.000 0.000 0.000 0.000 0.000 0.000 0.000 0.000 0.000 0.000 0.000
LYS+1A0080_029 0.000 0.000 0.000 0.000 0.000 0.000 0.000 0.000 0.000 0.000 0.000 0.000 0.000 0.000 0.000
LYS+1A0080_030 0.000 0.000 0.000 0.000 0.000 0.000 0.000 0.000 0.000 0.000 0.000 0.000 0.000 0.000 0.000
LYS+1A0080_031 0.008 0.008 0.007 0.008 0.007 0.007 0.007 0.008 0.008 0.007 0.005 0.001 0.000 0.000 0.000
LYS+1A0080_032 0.134 0.131 0.133 0.131 0.134 0.132 0.131 0.131 0.130 0.126 0.087 0.022 0.004 0.000 0.000
LYS+1A0080_033 0.000 0.000 0.000 0.000 0.000 0.000 0.000 0.000 0.000 0.000 0.000 0.000 0.000 0.000 0.000
LYS+1A0080_034 0.085 0.085 0.086 0.086 0.086 0.084 0.083 0.085 0.085 0.081 0.056 0.014 0.002 0.000 0.000
LYS+1A0080_035 0.022 0.022 0.021 0.021 0.021 0.021 0.020 0.021 0.022 0.021 0.014 0.004 0.000 0.000 0.000
LYS+1A0080_036 0.000 0.000 0.000 0.000 0.000 0.000 0.000 0.000 0.000 0.000 0.000 0.000 0.000 0.000 0.000
LYS+1A0080_037 0.000 0.000 0.000 0.000 0.000 0.000 0.000 0.000 0.000 0.000 0.000 0.000 0.000 0.000 0.000
LYS+1A0080_038 0.001 0.000 0.000 0.001 0.001 0.000 0.001 0.001 0.001 0.001 0.000 0.000 0.000 0.000 0.000
