 ph              0.0   1.0   2.0   3.0   4.0   5.0   6.0   7.0   8.0   9.0  10.0  11.0  12.0  13.0  14.0
CYS01A0178_001 0.043 0.044 0.044 0.044 0.044 0.044 0.042 0.040 0.020 0.004 0.000 0.000 0.000 0.000 0.000
CYS01A0178_002 0.189 0.189 0.188 0.188 0.188 0.188 0.185 0.167 0.086 0.016 0.002 0.000 0.000 0.000 0.000
CYS01A0178_003 0.005 0.005 0.005 0.005 0.005 0.005 0.005 0.004 0.002 0.000 0.000 0.000 0.000 0.000 0.000
CYS01A0178_004 0.034 0.034 0.034 0.034 0.034 0.034 0.034 0.030 0.016 0.003 0.000 0.000 0.000 0.000 0.000
CYS01A0178_005 0.044 0.044 0.044 0.045 0.044 0.045 0.044 0.039 0.021 0.004 0.000 0.000 0.000 0.000 0.000
CYS01A0178_006 0.000 0.000 0.000 0.000 0.000 0.000 0.000 0.000 0.000 0.000 0.000 0.000 0.000 0.000 0.000
CYS01A0178_007 0.188 0.186 0.189 0.187 0.187 0.188 0.187 0.169 0.087 0.016 0.002 0.000 0.000 0.000 0.000
CYS01A0178_008 0.000 0.000 0.000 0.000 0.000 0.000 0.000 0.000 0.000 0.000 0.000 0.000 0.000 0.000 0.000
CYS01A0178_009 0.238 0.237 0.236 0.237 0.239 0.237 0.232 0.214 0.110 0.020 0.003 0.000 0.000 0.000 0.000
CYS01A0178_010 0.247 0.248 0.247 0.248 0.247 0.246 0.244 0.221 0.114 0.021 0.003 0.000 0.000 0.000 0.000
CYS01A0178_011 0.007 0.007 0.007 0.007 0.007 0.007 0.007 0.006 0.003 0.000 0.000 0.000 0.000 0.000 0.000
CYS01A0178_012 0.006 0.006 0.006 0.006 0.006 0.006 0.006 0.005 0.003 0.000 0.000 0.000 0.000 0.000 0.000
CYS-1A0178_013 0.000 0.000 0.000 0.000 0.000 0.000 0.000 0.005 0.028 0.047 0.052 0.051 0.052 0.052 0.051
CYS-1A0178_014 0.000 0.000 0.000 0.000 0.000 0.000 0.000 0.000 0.002 0.003 0.003 0.003 0.003 0.003 0.003
CYS-1A0178_015 0.000 0.000 0.000 0.000 0.000 0.000 0.005 0.037 0.187 0.319 0.342 0.349 0.349 0.348 0.350
CYS-1A0178_016 0.000 0.000 0.000 0.000 0.000 0.000 0.000 0.002 0.008 0.014 0.015 0.016 0.016 0.015 0.016
CYS-1A0178_017 0.000 0.000 0.000 0.000 0.000 0.000 0.008 0.062 0.314 0.534 0.577 0.581 0.581 0.581 0.580
