 ph              0.0   1.0   2.0   3.0   4.0   5.0   6.0   7.0   8.0   9.0  10.0  11.0  12.0  13.0  14.0
ASN01A0212_001 0.000 0.000 0.000 0.000 0.000 0.000 0.000 0.000 0.000 0.000 0.000 0.000 0.000 0.000 0.000
ASN01A0212_002 0.000 0.000 0.000 0.000 0.000 0.000 0.000 0.000 0.000 0.000 0.000 0.000 0.000 0.000 0.000
ASN01A0212_003 0.221 0.221 0.221 0.222 0.220 0.221 0.220 0.221 0.219 0.221 0.220 0.221 0.220 0.220 0.222
ASN01A0212_004 0.002 0.002 0.002 0.002 0.002 0.002 0.002 0.002 0.002 0.002 0.002 0.002 0.002 0.002 0.002
ASN01A0212_005 0.008 0.008 0.008 0.008 0.008 0.008 0.008 0.008 0.008 0.008 0.008 0.008 0.008 0.008 0.008
ASN01A0212_006 0.000 0.000 0.000 0.000 0.000 0.000 0.000 0.000 0.000 0.000 0.000 0.000 0.000 0.000 0.000
ASN01A0212_007 0.000 0.000 0.000 0.000 0.000 0.000 0.000 0.000 0.000 0.000 0.000 0.000 0.000 0.000 0.000
ASN01A0212_008 0.000 0.000 0.000 0.000 0.000 0.000 0.000 0.000 0.000 0.000 0.000 0.000 0.000 0.000 0.000
ASN01A0212_009 0.161 0.161 0.162 0.160 0.162 0.160 0.161 0.161 0.161 0.161 0.161 0.159 0.161 0.160 0.161
ASN01A0212_010 0.003 0.003 0.003 0.003 0.003 0.003 0.003 0.003 0.003 0.003 0.003 0.003 0.003 0.003 0.003
ASN01A0212_011 0.091 0.090 0.090 0.090 0.091 0.090 0.091 0.091 0.091 0.090 0.091 0.090 0.090 0.091 0.091
ASN01A0212_012 0.110 0.110 0.109 0.110 0.110 0.109 0.110 0.110 0.110 0.111 0.110 0.111 0.110 0.110 0.109
ASN01A0212_013 0.094 0.094 0.095 0.094 0.094 0.095 0.095 0.094 0.095 0.094 0.095 0.095 0.094 0.095 0.094
ASN01A0212_014 0.099 0.098 0.098 0.098 0.098 0.098 0.098 0.098 0.099 0.098 0.099 0.098 0.098 0.098 0.098
ASN01A0212_015 0.183 0.184 0.183 0.184 0.184 0.185 0.184 0.185 0.184 0.183 0.184 0.184 0.184 0.184 0.185
ASN01A0212_016 0.028 0.028 0.028 0.028 0.028 0.028 0.028 0.028 0.028 0.028 0.028 0.028 0.028 0.028 0.028
