 ph              0.0   1.0   2.0   3.0   4.0   5.0   6.0   7.0   8.0   9.0  10.0  11.0  12.0  13.0  14.0
GLU01A0153_001 0.002 0.002 0.002 0.002 0.000 0.000 0.000 0.000 0.000 0.000 0.000 0.000 0.000 0.000 0.000
GLU01A0153_002 0.003 0.003 0.003 0.002 0.001 0.000 0.000 0.000 0.000 0.000 0.000 0.000 0.000 0.000 0.000
GLU01A0153_003 0.091 0.091 0.089 0.078 0.036 0.007 0.000 0.000 0.000 0.000 0.000 0.000 0.000 0.000 0.000
GLU01A0153_004 0.000 0.000 0.000 0.000 0.000 0.000 0.000 0.000 0.000 0.000 0.000 0.000 0.000 0.000 0.000
GLU01A0153_005 0.019 0.020 0.019 0.017 0.008 0.001 0.000 0.000 0.000 0.000 0.000 0.000 0.000 0.000 0.000
GLU01A0153_006 0.076 0.077 0.075 0.066 0.030 0.006 0.000 0.000 0.000 0.000 0.000 0.000 0.000 0.000 0.000
GLU01A0153_007 0.060 0.060 0.059 0.051 0.024 0.005 0.000 0.000 0.000 0.000 0.000 0.000 0.000 0.000 0.000
GLU01A0153_008 0.009 0.009 0.009 0.008 0.004 0.000 0.000 0.000 0.000 0.000 0.000 0.000 0.000 0.000 0.000
GLU01A0153_009 0.005 0.006 0.005 0.005 0.002 0.000 0.000 0.000 0.000 0.000 0.000 0.000 0.000 0.000 0.000
GLU01A0153_010 0.005 0.005 0.005 0.005 0.002 0.000 0.000 0.000 0.000 0.000 0.000 0.000 0.000 0.000 0.000
GLU01A0153_011 0.000 0.000 0.000 0.000 0.000 0.000 0.000 0.000 0.000 0.000 0.000 0.000 0.000 0.000 0.000
GLU01A0153_012 0.000 0.000 0.000 0.000 0.000 0.000 0.000 0.000 0.000 0.000 0.000 0.000 0.000 0.000 0.000
GLU01A0153_013 0.000 0.000 0.000 0.000 0.000 0.000 0.000 0.000 0.000 0.000 0.000 0.000 0.000 0.000 0.000
GLU01A0153_014 0.002 0.002 0.002 0.002 0.000 0.000 0.000 0.000 0.000 0.000 0.000 0.000 0.000 0.000 0.000
GLU01A0153_015 0.002 0.002 0.002 0.002 0.000 0.000 0.000 0.000 0.000 0.000 0.000 0.000 0.000 0.000 0.000
GLU01A0153_016 0.008 0.008 0.008 0.007 0.003 0.000 0.000 0.000 0.000 0.000 0.000 0.000 0.000 0.000 0.000
GLU01A0153_017 0.000 0.000 0.000 0.000 0.000 0.000 0.000 0.000 0.000 0.000 0.000 0.000 0.000 0.000 0.000
GLU01A0153_018 0.004 0.004 0.004 0.003 0.001 0.000 0.000 0.000 0.000 0.000 0.000 0.000 0.000 0.000 0.000
GLU01A0153_019 0.000 0.000 0.000 0.000 0.000 0.000 0.000 0.000 0.000 0.000 0.000 0.000 0.000 0.000 0.000
GLU01A0153_020 0.039 0.038 0.037 0.033 0.015 0.003 0.000 0.000 0.000 0.000 0.000 0.000 0.000 0.000 0.000
GLU01A0153_021 0.000 0.000 0.000 0.000 0.000 0.000 0.000 0.000 0.000 0.000 0.000 0.000 0.000 0.000 0.000
GLU01A0153_022 0.027 0.027 0.027 0.024 0.011 0.002 0.000 0.000 0.000 0.000 0.000 0.000 0.000 0.000 0.000
GLU01A0153_023 0.000 0.000 0.000 0.000 0.000 0.000 0.000 0.000 0.000 0.000 0.000 0.000 0.000 0.000 0.000
GLU01A0153_024 0.026 0.026 0.026 0.022 0.010 0.002 0.000 0.000 0.000 0.000 0.000 0.000 0.000 0.000 0.000
GLU01A0153_025 0.110 0.111 0.108 0.095 0.043 0.009 0.000 0.000 0.000 0.000 0.000 0.000 0.000 0.000 0.000
GLU01A0153_026 0.077 0.076 0.075 0.065 0.030 0.006 0.000 0.000 0.000 0.000 0.000 0.000 0.000 0.000 0.000
GLU01A0153_027 0.000 0.000 0.000 0.000 0.000 0.000 0.000 0.000 0.000 0.000 0.000 0.000 0.000 0.000 0.000
GLU02A0153_028 0.007 0.007 0.007 0.006 0.003 0.000 0.000 0.000 0.000 0.000 0.000 0.000 0.000 0.000 0.000
GLU02A0153_029 0.000 0.000 0.000 0.000 0.000 0.000 0.000 0.000 0.000 0.000 0.000 0.000 0.000 0.000 0.000
GLU02A0153_030 0.004 0.003 0.003 0.003 0.001 0.000 0.000 0.000 0.000 0.000 0.000 0.000 0.000 0.000 0.000
GLU02A0153_031 0.000 0.000 0.000 0.000 0.000 0.000 0.000 0.000 0.000 0.000 0.000 0.000 0.000 0.000 0.000
GLU02A0153_032 0.002 0.002 0.002 0.002 0.000 0.000 0.000 0.000 0.000 0.000 0.000 0.000 0.000 0.000 0.000
GLU02A0153_033 0.000 0.000 0.000 0.000 0.000 0.000 0.000 0.000 0.000 0.000 0.000 0.000 0.000 0.000 0.000
GLU02A0153_034 0.000 0.000 0.000 0.000 0.000 0.000 0.000 0.000 0.000 0.000 0.000 0.000 0.000 0.000 0.000
GLU02A0153_035 0.104 0.102 0.101 0.089 0.041 0.008 0.000 0.000 0.000 0.000 0.000 0.000 0.000 0.000 0.000
GLU02A0153_036 0.014 0.014 0.014 0.012 0.005 0.000 0.000 0.000 0.000 0.000 0.000 0.000 0.000 0.000 0.000
GLU02A0153_037 0.000 0.000 0.000 0.000 0.000 0.000 0.000 0.000 0.000 0.000 0.000 0.000 0.000 0.000 0.000
GLU02A0153_038 0.002 0.002 0.002 0.002 0.000 0.000 0.000 0.000 0.000 0.000 0.000 0.000 0.000 0.000 0.000
GLU02A0153_039 0.000 0.000 0.000 0.000 0.000 0.000 0.000 0.000 0.000 0.000 0.000 0.000 0.000 0.000 0.000
GLU02A0153_040 0.000 0.000 0.000 0.000 0.000 0.000 0.000 0.000 0.000 0.000 0.000 0.000 0.000 0.000 0.000
GLU02A0153_041 0.000 0.000 0.000 0.000 0.000 0.000 0.000 0.000 0.000 0.000 0.000 0.000 0.000 0.000 0.000
GLU02A0153_042 0.002 0.002 0.002 0.002 0.000 0.000 0.000 0.000 0.000 0.000 0.000 0.000 0.000 0.000 0.000
GLU02A0153_043 0.005 0.005 0.005 0.004 0.002 0.000 0.000 0.000 0.000 0.000 0.000 0.000 0.000 0.000 0.000
GLU02A0153_044 0.000 0.000 0.000 0.000 0.000 0.000 0.000 0.000 0.000 0.000 0.000 0.000 0.000 0.000 0.000
GLU02A0153_045 0.001 0.001 0.001 0.001 0.000 0.000 0.000 0.000 0.000 0.000 0.000 0.000 0.000 0.000 0.000
GLU02A0153_046 0.013 0.013 0.013 0.011 0.005 0.000 0.000 0.000 0.000 0.000 0.000 0.000 0.000 0.000 0.000
GLU02A0153_047 0.037 0.036 0.036 0.032 0.014 0.003 0.000 0.000 0.000 0.000 0.000 0.000 0.000 0.000 0.000
GLU02A0153_048 0.056 0.058 0.056 0.050 0.023 0.004 0.000 0.000 0.000 0.000 0.000 0.000 0.000 0.000 0.000
GLU02A0153_049 0.000 0.000 0.000 0.000 0.000 0.000 0.000 0.000 0.000 0.000 0.000 0.000 0.000 0.000 0.000
GLU02A0153_050 0.000 0.000 0.000 0.000 0.000 0.000 0.000 0.000 0.000 0.000 0.000 0.000 0.000 0.000 0.000
GLU02A0153_051 0.061 0.062 0.059 0.053 0.024 0.005 0.000 0.000 0.000 0.000 0.000 0.000 0.000 0.000 0.000
GLU02A0153_052 0.016 0.016 0.016 0.014 0.006 0.000 0.000 0.000 0.000 0.000 0.000 0.000 0.000 0.000 0.000
GLU02A0153_053 0.074 0.075 0.073 0.065 0.029 0.006 0.000 0.000 0.000 0.000 0.000 0.000 0.000 0.000 0.000
GLU02A0153_054 0.034 0.033 0.033 0.029 0.013 0.003 0.000 0.000 0.000 0.000 0.000 0.000 0.000 0.000 0.000
GLU02A0153_055 0.000 0.000 0.000 0.000 0.000 0.000 0.000 0.000 0.000 0.000 0.000 0.000 0.000 0.000 0.000
GLU-1A0153_056 0.000 0.000 0.005 0.027 0.118 0.176 0.190 0.193 0.191 0.191 0.191 0.191 0.190 0.191 0.191
GLU-1A0153_057 0.000 0.000 0.000 0.000 0.000 0.000 0.000 0.000 0.000 0.000 0.000 0.000 0.000 0.000 0.000
GLU-1A0153_058 0.000 0.000 0.010 0.058 0.254 0.386 0.417 0.413 0.411 0.413 0.415 0.415 0.415 0.415 0.412
GLU-1A0153_059 0.000 0.000 0.000 0.005 0.020 0.031 0.032 0.033 0.032 0.033 0.033 0.033 0.032 0.033 0.032
GLU-1A0153_060 0.000 0.000 0.000 0.000 0.000 0.000 0.000 0.000 0.000 0.000 0.000 0.000 0.000 0.000 0.000
GLU-1A0153_061 0.000 0.000 0.000 0.008 0.034 0.051 0.056 0.055 0.056 0.056 0.055 0.054 0.055 0.055 0.056
GLU-1A0153_062 0.000 0.000 0.000 0.006 0.024 0.037 0.039 0.039 0.040 0.040 0.040 0.039 0.040 0.040 0.040
GLU-1A0153_063 0.000 0.000 0.004 0.019 0.082 0.126 0.135 0.135 0.137 0.135 0.135 0.137 0.136 0.134 0.136
GLU-1A0153_064 0.000 0.000 0.002 0.010 0.042 0.065 0.068 0.070 0.070 0.070 0.069 0.069 0.069 0.070 0.070
GLU-1A0153_065 0.000 0.000 0.000 0.000 0.000 0.000 0.000 0.000 0.000 0.000 0.000 0.000 0.000 0.000 0.000
GLU-1A0153_066 0.000 0.000 0.000 0.009 0.038 0.058 0.061 0.062 0.062 0.063 0.062 0.062 0.062 0.062 0.063
GLU-1A0153_067 0.000 0.000 0.000 0.000 0.000 0.000 0.000 0.000 0.000 0.000 0.000 0.000 0.000 0.000 0.000
