 ph              0.0   1.0   2.0   3.0   4.0   5.0   6.0   7.0   8.0   9.0  10.0  11.0  12.0  13.0  14.0
HIS01A0197_001 0.000 0.000 0.000 0.000 0.000 0.000 0.003 0.018 0.035 0.039 0.039 0.040 0.039 0.040 0.039
HIS01A0197_002 0.000 0.000 0.000 0.000 0.000 0.000 0.004 0.021 0.042 0.046 0.047 0.047 0.046 0.047 0.047
HIS01A0197_003 0.000 0.000 0.000 0.000 0.000 0.000 0.004 0.023 0.046 0.052 0.053 0.053 0.052 0.053 0.052
HIS01A0197_004 0.000 0.000 0.000 0.000 0.000 0.000 0.000 0.000 0.000 0.000 0.000 0.000 0.000 0.000 0.000
HIS01A0197_005 0.000 0.000 0.000 0.000 0.000 0.000 0.000 0.004 0.007 0.008 0.008 0.008 0.009 0.009 0.008
HIS01A0197_006 0.000 0.000 0.000 0.000 0.000 0.000 0.001 0.007 0.015 0.016 0.016 0.016 0.016 0.016 0.016
HIS01A0197_007 0.000 0.000 0.000 0.000 0.000 0.000 0.000 0.000 0.000 0.000 0.000 0.000 0.000 0.000 0.000
HIS01A0197_008 0.000 0.000 0.000 0.000 0.000 0.000 0.000 0.000 0.000 0.000 0.000 0.000 0.000 0.000 0.000
HIS01A0197_009 0.000 0.000 0.000 0.000 0.000 0.000 0.001 0.006 0.012 0.013 0.014 0.014 0.014 0.014 0.014
HIS01A0197_010 0.000 0.000 0.000 0.000 0.000 0.000 0.000 0.000 0.000 0.000 0.000 0.000 0.000 0.000 0.000
HIS01A0197_011 0.000 0.000 0.000 0.000 0.000 0.000 0.005 0.030 0.060 0.065 0.068 0.068 0.067 0.067 0.067
HIS01A0197_012 0.000 0.000 0.000 0.000 0.000 0.000 0.002 0.013 0.026 0.029 0.030 0.029 0.029 0.030 0.030
HIS01A0197_013 0.000 0.000 0.000 0.000 0.000 0.000 0.005 0.027 0.054 0.061 0.061 0.061 0.061 0.061 0.061
HIS01A0197_014 0.000 0.000 0.000 0.000 0.000 0.000 0.000 0.002 0.004 0.004 0.004 0.004 0.004 0.004 0.004
HIS01A0197_015 0.000 0.000 0.000 0.000 0.000 0.000 0.001 0.006 0.012 0.014 0.014 0.014 0.014 0.014 0.014
HIS01A0197_016 0.000 0.000 0.000 0.000 0.000 0.000 0.003 0.016 0.033 0.037 0.037 0.037 0.038 0.037 0.038
HIS01A0197_017 0.000 0.000 0.000 0.000 0.000 0.000 0.000 0.000 0.000 0.000 0.000 0.000 0.000 0.000 0.000
HIS01A0197_018 0.000 0.000 0.000 0.000 0.000 0.000 0.000 0.000 0.000 0.000 0.000 0.000 0.000 0.000 0.000
HIS01A0197_019 0.000 0.000 0.000 0.000 0.000 0.000 0.000 0.000 0.000 0.000 0.000 0.000 0.000 0.000 0.000
HIS02A0197_020 0.000 0.000 0.000 0.000 0.000 0.000 0.006 0.031 0.063 0.070 0.071 0.071 0.071 0.071 0.071
HIS02A0197_021 0.000 0.000 0.000 0.000 0.000 0.000 0.006 0.034 0.069 0.077 0.077 0.077 0.078 0.078 0.077
HIS02A0197_022 0.000 0.000 0.000 0.000 0.000 0.000 0.006 0.036 0.071 0.081 0.082 0.082 0.081 0.081 0.082
HIS02A0197_023 0.000 0.000 0.000 0.000 0.000 0.000 0.000 0.000 0.000 0.000 0.000 0.000 0.000 0.000 0.000
HIS02A0197_024 0.000 0.000 0.000 0.000 0.000 0.000 0.008 0.045 0.092 0.101 0.102 0.102 0.103 0.103 0.103
HIS02A0197_025 0.000 0.000 0.000 0.000 0.000 0.000 0.008 0.048 0.095 0.105 0.108 0.106 0.107 0.107 0.107
HIS02A0197_026 0.000 0.000 0.000 0.000 0.000 0.000 0.000 0.003 0.005 0.006 0.006 0.006 0.006 0.006 0.006
HIS02A0197_027 0.000 0.000 0.000 0.000 0.000 0.000 0.001 0.008 0.016 0.018 0.018 0.018 0.018 0.018 0.018
HIS02A0197_028 0.000 0.000 0.000 0.000 0.000 0.000 0.005 0.028 0.056 0.063 0.063 0.064 0.063 0.063 0.063
HIS02A0197_029 0.000 0.000 0.000 0.000 0.000 0.000 0.000 0.004 0.008 0.009 0.010 0.010 0.009 0.010 0.010
HIS02A0197_030 0.000 0.000 0.000 0.000 0.000 0.000 0.000 0.000 0.000 0.000 0.000 0.000 0.000 0.000 0.000
HIS02A0197_031 0.000 0.000 0.000 0.000 0.000 0.000 0.000 0.000 0.000 0.000 0.000 0.000 0.000 0.000 0.000
HIS02A0197_032 0.000 0.000 0.000 0.000 0.000 0.000 0.000 0.000 0.000 0.000 0.000 0.000 0.000 0.000 0.000
HIS02A0197_033 0.000 0.000 0.000 0.000 0.000 0.000 0.001 0.007 0.014 0.015 0.016 0.016 0.016 0.016 0.016
HIS02A0197_034 0.000 0.000 0.000 0.000 0.000 0.000 0.000 0.000 0.000 0.000 0.000 0.000 0.000 0.000 0.000
HIS02A0197_035 0.000 0.000 0.000 0.000 0.000 0.000 0.003 0.017 0.035 0.038 0.039 0.039 0.040 0.040 0.039
HIS02A0197_036 0.000 0.000 0.000 0.000 0.000 0.000 0.001 0.007 0.015 0.016 0.017 0.016 0.017 0.016 0.016
HIS02A0197_037 0.000 0.000 0.000 0.000 0.000 0.000 0.000 0.000 0.000 0.000 0.000 0.000 0.000 0.000 0.000
HIS02A0197_038 0.000 0.000 0.000 0.000 0.000 0.000 0.000 0.000 0.000 0.000 0.000 0.000 0.000 0.000 0.000
HIS+1A0197_039 0.085 0.086 0.086 0.086 0.085 0.085 0.079 0.048 0.010 0.001 0.000 0.000 0.000 0.000 0.000
HIS+1A0197_040 0.130 0.130 0.130 0.129 0.129 0.130 0.118 0.073 0.015 0.002 0.000 0.000 0.000 0.000 0.000
HIS+1A0197_041 0.032 0.032 0.032 0.032 0.032 0.032 0.029 0.018 0.004 0.000 0.000 0.000 0.000 0.000 0.000
HIS+1A0197_042 0.000 0.000 0.000 0.000 0.000 0.000 0.000 0.000 0.000 0.000 0.000 0.000 0.000 0.000 0.000
HIS+1A0197_043 0.000 0.000 0.000 0.000 0.000 0.000 0.000 0.000 0.000 0.000 0.000 0.000 0.000 0.000 0.000
HIS+1A0197_044 0.088 0.088 0.088 0.089 0.088 0.087 0.083 0.049 0.010 0.002 0.000 0.000 0.000 0.000 0.000
HIS+1A0197_045 0.008 0.008 0.008 0.008 0.008 0.008 0.007 0.004 0.000 0.000 0.000 0.000 0.000 0.000 0.000
HIS+1A0197_046 0.048 0.047 0.048 0.047 0.047 0.048 0.044 0.027 0.005 0.000 0.000 0.000 0.000 0.000 0.000
HIS+1A0197_047 0.031 0.031 0.031 0.031 0.031 0.032 0.029 0.017 0.004 0.000 0.000 0.000 0.000 0.000 0.000
HIS+1A0197_048 0.000 0.000 0.000 0.000 0.000 0.000 0.000 0.000 0.000 0.000 0.000 0.000 0.000 0.000 0.000
HIS+1A0197_049 0.000 0.000 0.000 0.000 0.000 0.000 0.000 0.000 0.000 0.000 0.000 0.000 0.000 0.000 0.000
HIS+1A0197_050 0.150 0.150 0.148 0.149 0.149 0.149 0.139 0.083 0.017 0.003 0.000 0.000 0.000 0.000 0.000
HIS+1A0197_051 0.191 0.191 0.191 0.191 0.192 0.190 0.175 0.106 0.022 0.003 0.000 0.000 0.000 0.000 0.000
HIS+1A0197_052 0.120 0.121 0.121 0.122 0.122 0.121 0.112 0.067 0.014 0.002 0.000 0.000 0.000 0.000 0.000
HIS+1A0197_053 0.093 0.091 0.093 0.091 0.092 0.091 0.086 0.051 0.011 0.002 0.000 0.000 0.000 0.000 0.000
HIS+1A0197_054 0.024 0.024 0.024 0.025 0.024 0.024 0.022 0.013 0.003 0.000 0.000 0.000 0.000 0.000 0.000
HIS+1A0197_055 0.000 0.000 0.000 0.000 0.000 0.000 0.000 0.000 0.000 0.000 0.000 0.000 0.000 0.000 0.000
HIS+1A0197_056 0.000 0.000 0.000 0.000 0.000 0.000 0.000 0.000 0.000 0.000 0.000 0.000 0.000 0.000 0.000
HIS+1A0197_057 0.000 0.000 0.000 0.000 0.000 0.000 0.000 0.000 0.000 0.000 0.000 0.000 0.000 0.000 0.000
