 ph              0.0   1.0   2.0   3.0   4.0   5.0   6.0   7.0   8.0   9.0  10.0  11.0  12.0  13.0  14.0
LYS01A0141_001 0.000 0.000 0.000 0.000 0.000 0.000 0.000 0.000 0.000 0.000 0.001 0.005 0.008 0.008 0.008
LYS01A0141_002 0.000 0.000 0.000 0.000 0.000 0.000 0.000 0.000 0.000 0.002 0.011 0.041 0.059 0.063 0.062
LYS01A0141_003 0.000 0.000 0.000 0.000 0.000 0.000 0.000 0.000 0.000 0.000 0.000 0.000 0.000 0.000 0.000
LYS01A0141_004 0.000 0.000 0.000 0.000 0.000 0.000 0.000 0.000 0.000 0.000 0.000 0.000 0.000 0.000 0.000
LYS01A0141_005 0.000 0.000 0.000 0.000 0.000 0.000 0.000 0.000 0.000 0.000 0.000 0.000 0.001 0.000 0.000
LYS01A0141_006 0.000 0.000 0.000 0.000 0.000 0.000 0.000 0.000 0.000 0.000 0.000 0.000 0.000 0.000 0.000
LYS01A0141_007 0.000 0.000 0.000 0.000 0.000 0.000 0.000 0.000 0.000 0.000 0.005 0.021 0.030 0.031 0.032
LYS01A0141_008 0.000 0.000 0.000 0.000 0.000 0.000 0.000 0.000 0.000 0.000 0.000 0.001 0.002 0.002 0.002
LYS01A0141_009 0.000 0.000 0.000 0.000 0.000 0.000 0.000 0.000 0.000 0.000 0.000 0.000 0.000 0.000 0.000
LYS01A0141_010 0.000 0.000 0.000 0.000 0.000 0.000 0.000 0.000 0.000 0.000 0.008 0.031 0.044 0.046 0.047
LYS01A0141_011 0.000 0.000 0.000 0.000 0.000 0.000 0.000 0.000 0.000 0.003 0.015 0.059 0.086 0.089 0.090
LYS01A0141_012 0.000 0.000 0.000 0.000 0.000 0.000 0.000 0.000 0.000 0.000 0.000 0.002 0.004 0.004 0.004
LYS01A0141_013 0.000 0.000 0.000 0.000 0.000 0.000 0.000 0.000 0.005 0.015 0.076 0.301 0.428 0.450 0.456
LYS01A0141_014 0.000 0.000 0.000 0.000 0.000 0.000 0.000 0.000 0.000 0.000 0.006 0.024 0.035 0.036 0.036
LYS01A0141_015 0.000 0.000 0.000 0.000 0.000 0.000 0.000 0.000 0.000 0.007 0.033 0.128 0.184 0.192 0.196
LYS01A0141_016 0.000 0.000 0.000 0.000 0.000 0.000 0.000 0.000 0.000 0.000 0.003 0.013 0.019 0.021 0.020
LYS01A0141_017 0.000 0.000 0.000 0.000 0.000 0.000 0.000 0.000 0.000 0.000 0.007 0.028 0.040 0.042 0.042
LYS01A0141_018 0.000 0.000 0.000 0.000 0.000 0.000 0.000 0.000 0.000 0.000 0.000 0.001 0.002 0.002 0.002
LYS01A0141_019 0.000 0.000 0.000 0.000 0.000 0.000 0.000 0.000 0.000 0.000 0.000 0.000 0.001 0.001 0.001
LYS+1A0141_020 0.011 0.011 0.010 0.010 0.010 0.010 0.011 0.010 0.010 0.010 0.009 0.004 0.000 0.000 0.000
LYS+1A0141_021 0.000 0.000 0.000 0.000 0.000 0.000 0.000 0.000 0.000 0.000 0.000 0.000 0.000 0.000 0.000
LYS+1A0141_022 0.048 0.048 0.049 0.048 0.047 0.048 0.048 0.048 0.048 0.046 0.040 0.017 0.003 0.000 0.000
LYS+1A0141_023 0.049 0.048 0.049 0.049 0.048 0.048 0.049 0.049 0.048 0.047 0.040 0.017 0.003 0.000 0.000
LYS+1A0141_024 0.613 0.612 0.613 0.613 0.614 0.611 0.612 0.611 0.612 0.599 0.513 0.212 0.036 0.012 0.000
LYS+1A0141_025 0.000 0.000 0.000 0.000 0.000 0.000 0.000 0.000 0.000 0.000 0.000 0.000 0.000 0.000 0.000
LYS+1A0141_026 0.002 0.002 0.002 0.002 0.002 0.002 0.002 0.002 0.002 0.002 0.001 0.000 0.000 0.000 0.000
LYS+1A0141_027 0.000 0.000 0.000 0.000 0.000 0.000 0.000 0.000 0.000 0.000 0.000 0.000 0.000 0.000 0.000
LYS+1A0141_028 0.039 0.039 0.038 0.039 0.039 0.040 0.039 0.039 0.038 0.038 0.032 0.014 0.002 0.000 0.000
LYS+1A0141_029 0.142 0.143 0.142 0.141 0.141 0.143 0.144 0.141 0.140 0.137 0.118 0.049 0.008 0.000 0.000
LYS+1A0141_030 0.016 0.016 0.016 0.016 0.016 0.015 0.015 0.016 0.016 0.015 0.013 0.005 0.000 0.000 0.000
LYS+1A0141_031 0.018 0.017 0.018 0.018 0.018 0.018 0.018 0.018 0.018 0.017 0.014 0.006 0.000 0.000 0.000
LYS+1A0141_032 0.020 0.019 0.019 0.020 0.019 0.020 0.019 0.020 0.019 0.019 0.017 0.007 0.001 0.000 0.000
LYS+1A0141_033 0.002 0.002 0.002 0.002 0.002 0.002 0.002 0.002 0.002 0.002 0.001 0.000 0.000 0.000 0.000
LYS+1A0141_034 0.000 0.000 0.000 0.000 0.000 0.000 0.000 0.000 0.000 0.000 0.000 0.000 0.000 0.000 0.000
LYS+1A0141_035 0.040 0.041 0.040 0.040 0.041 0.041 0.040 0.041 0.040 0.039 0.034 0.014 0.002 0.000 0.000
LYS+1A0141_036 0.000 0.000 0.000 0.000 0.000 0.000 0.000 0.000 0.000 0.000 0.000 0.000 0.000 0.000 0.000
LYS+1A0141_037 0.000 0.000 0.001 0.001 0.000 0.000 0.000 0.001 0.000 0.000 0.000 0.000 0.000 0.000 0.000
LYS+1A0141_038 0.002 0.002 0.002 0.002 0.002 0.002 0.002 0.002 0.002 0.002 0.002 0.000 0.000 0.000 0.000
