 ph              0.0   1.0   2.0   3.0   4.0   5.0   6.0   7.0   8.0   9.0  10.0  11.0  12.0  13.0  14.0
LEU01A0045_001 0.762 0.768 0.768 0.763 0.763 0.766 0.764 0.765 0.762 0.766 0.767 0.763 0.764 0.768 0.769
LEU01A0045_002 0.000 0.000 0.000 0.000 0.000 0.000 0.000 0.000 0.000 0.000 0.000 0.000 0.000 0.000 0.000
LEU01A0045_003 0.003 0.003 0.003 0.003 0.003 0.003 0.004 0.004 0.003 0.003 0.003 0.003 0.003 0.003 0.003
LEU01A0045_004 0.000 0.000 0.000 0.000 0.000 0.000 0.000 0.000 0.000 0.000 0.000 0.000 0.000 0.000 0.000
LEU01A0045_005 0.080 0.078 0.078 0.080 0.081 0.079 0.080 0.079 0.080 0.078 0.079 0.081 0.079 0.078 0.078
LEU01A0045_006 0.015 0.015 0.014 0.015 0.015 0.014 0.014 0.015 0.015 0.015 0.014 0.015 0.015 0.014 0.014
LEU01A0045_007 0.005 0.005 0.005 0.005 0.005 0.004 0.005 0.005 0.005 0.005 0.005 0.005 0.005 0.005 0.004
LEU01A0045_008 0.000 0.000 0.000 0.000 0.000 0.000 0.000 0.000 0.000 0.000 0.000 0.000 0.000 0.000 0.000
LEU01A0045_009 0.000 0.000 0.000 0.000 0.000 0.000 0.000 0.000 0.000 0.000 0.000 0.000 0.000 0.000 0.000
LEU01A0045_010 0.000 0.000 0.000 0.000 0.000 0.000 0.000 0.000 0.000 0.000 0.000 0.000 0.000 0.000 0.000
LEU01A0045_011 0.135 0.131 0.131 0.134 0.133 0.132 0.133 0.132 0.134 0.133 0.132 0.133 0.133 0.131 0.131
