 ph              0.0   1.0   2.0   3.0   4.0   5.0   6.0   7.0   8.0   9.0  10.0  11.0  12.0  13.0  14.0
LEU01A0144_001 0.464 0.464 0.465 0.462 0.465 0.465 0.466 0.465 0.463 0.464 0.465 0.464 0.461 0.463 0.464
LEU01A0144_002 0.055 0.054 0.055 0.054 0.055 0.054 0.054 0.054 0.055 0.055 0.055 0.054 0.055 0.055 0.055
LEU01A0144_003 0.215 0.216 0.215 0.216 0.214 0.215 0.215 0.215 0.215 0.215 0.217 0.218 0.216 0.217 0.216
LEU01A0144_004 0.147 0.147 0.146 0.147 0.148 0.147 0.146 0.147 0.147 0.147 0.145 0.146 0.148 0.147 0.146
LEU01A0144_005 0.029 0.029 0.029 0.029 0.029 0.029 0.029 0.028 0.029 0.029 0.029 0.029 0.029 0.029 0.029
LEU01A0144_006 0.004 0.004 0.004 0.004 0.004 0.004 0.004 0.004 0.004 0.004 0.004 0.004 0.004 0.004 0.004
LEU01A0144_007 0.017 0.017 0.017 0.017 0.017 0.017 0.017 0.017 0.017 0.017 0.017 0.017 0.017 0.017 0.017
LEU01A0144_008 0.034 0.034 0.034 0.035 0.034 0.035 0.034 0.034 0.035 0.034 0.034 0.034 0.034 0.034 0.034
LEU01A0144_009 0.010 0.010 0.010 0.010 0.010 0.010 0.010 0.010 0.010 0.010 0.010 0.010 0.010 0.010 0.010
LEU01A0144_010 0.000 0.000 0.000 0.000 0.000 0.000 0.000 0.000 0.000 0.000 0.000 0.000 0.000 0.000 0.000
LEU01A0144_011 0.001 0.001 0.001 0.001 0.001 0.000 0.001 0.001 0.001 0.001 0.000 0.001 0.001 0.000 0.001
LEU01A0144_012 0.024 0.023 0.024 0.023 0.023 0.023 0.024 0.023 0.024 0.024 0.023 0.023 0.024 0.024 0.023
