 ph              0.0   1.0   2.0   3.0   4.0   5.0   6.0   7.0   8.0   9.0  10.0  11.0  12.0  13.0  14.0
ILE01A0136_001 0.000 0.000 0.000 0.000 0.000 0.000 0.000 0.000 0.000 0.000 0.000 0.000 0.000 0.000 0.000
ILE01A0136_002 0.006 0.006 0.006 0.007 0.006 0.007 0.006 0.006 0.007 0.007 0.006 0.006 0.007 0.006 0.006
ILE01A0136_003 0.000 0.000 0.000 0.000 0.000 0.000 0.000 0.000 0.000 0.000 0.000 0.000 0.000 0.000 0.000
ILE01A0136_004 0.714 0.716 0.715 0.711 0.709 0.712 0.716 0.715 0.712 0.714 0.708 0.716 0.714 0.710 0.714
ILE01A0136_005 0.000 0.000 0.000 0.000 0.000 0.000 0.000 0.000 0.000 0.000 0.000 0.000 0.000 0.000 0.000
ILE01A0136_006 0.000 0.000 0.000 0.000 0.000 0.000 0.000 0.000 0.000 0.000 0.000 0.000 0.000 0.000 0.000
ILE01A0136_007 0.003 0.003 0.003 0.003 0.003 0.004 0.003 0.003 0.003 0.003 0.003 0.003 0.003 0.004 0.003
ILE01A0136_008 0.000 0.000 0.000 0.000 0.000 0.000 0.000 0.000 0.000 0.000 0.000 0.000 0.000 0.000 0.000
ILE01A0136_009 0.026 0.026 0.027 0.027 0.026 0.026 0.026 0.026 0.027 0.026 0.027 0.026 0.027 0.027 0.026
ILE01A0136_010 0.003 0.003 0.003 0.003 0.003 0.004 0.003 0.003 0.003 0.003 0.003 0.003 0.003 0.003 0.003
ILE01A0136_011 0.000 0.000 0.000 0.000 0.000 0.000 0.000 0.000 0.000 0.000 0.000 0.000 0.000 0.000 0.000
ILE01A0136_012 0.247 0.246 0.245 0.248 0.252 0.248 0.245 0.245 0.247 0.247 0.251 0.245 0.246 0.249 0.247
ILE01A0136_013 0.000 0.000 0.000 0.000 0.000 0.000 0.000 0.000 0.000 0.000 0.000 0.000 0.000 0.000 0.000
ILE01A0136_014 0.000 0.000 0.000 0.000 0.000 0.000 0.000 0.000 0.000 0.000 0.000 0.000 0.000 0.000 0.000
