 ph              0.0   1.0   2.0   3.0   4.0   5.0   6.0   7.0   8.0   9.0  10.0  11.0  12.0  13.0  14.0
ASP01A0132_001 0.019 0.018 0.018 0.016 0.007 0.000 0.000 0.000 0.000 0.000 0.000 0.000 0.000 0.000 0.000
ASP01A0132_002 0.003 0.003 0.003 0.002 0.000 0.000 0.000 0.000 0.000 0.000 0.000 0.000 0.000 0.000 0.000
ASP01A0132_003 0.002 0.002 0.002 0.002 0.000 0.000 0.000 0.000 0.000 0.000 0.000 0.000 0.000 0.000 0.000
ASP01A0132_004 0.487 0.487 0.479 0.417 0.188 0.032 0.005 0.000 0.000 0.000 0.000 0.000 0.000 0.000 0.000
ASP01A0132_005 0.024 0.024 0.023 0.021 0.010 0.002 0.000 0.000 0.000 0.000 0.000 0.000 0.000 0.000 0.000
ASP02A0132_006 0.027 0.027 0.027 0.024 0.011 0.002 0.000 0.000 0.000 0.000 0.000 0.000 0.000 0.000 0.000
ASP02A0132_007 0.405 0.404 0.395 0.346 0.158 0.026 0.004 0.000 0.000 0.000 0.000 0.000 0.000 0.000 0.000
ASP02A0132_008 0.007 0.007 0.007 0.006 0.003 0.000 0.000 0.000 0.000 0.000 0.000 0.000 0.000 0.000 0.000
ASP02A0132_009 0.002 0.002 0.002 0.002 0.000 0.000 0.000 0.000 0.000 0.000 0.000 0.000 0.000 0.000 0.000
ASP02A0132_010 0.025 0.025 0.025 0.022 0.010 0.002 0.000 0.000 0.000 0.000 0.000 0.000 0.000 0.000 0.000
ASP-1A0132_011 0.000 0.002 0.018 0.134 0.577 0.883 0.934 0.942 0.943 0.943 0.943 0.944 0.945 0.942 0.941
ASP-1A0132_012 0.000 0.000 0.000 0.008 0.035 0.053 0.058 0.058 0.057 0.057 0.057 0.056 0.055 0.058 0.059
