 ph              0.0   1.0   2.0   3.0   4.0   5.0   6.0   7.0   8.0   9.0  10.0  11.0  12.0  13.0  14.0
ASN01A0164_001 0.000 0.000 0.000 0.000 0.000 0.000 0.000 0.000 0.000 0.000 0.000 0.000 0.000 0.000 0.000
ASN01A0164_002 0.000 0.000 0.000 0.000 0.000 0.000 0.000 0.000 0.000 0.000 0.000 0.000 0.000 0.000 0.000
ASN01A0164_003 0.000 0.000 0.000 0.000 0.000 0.000 0.000 0.000 0.000 0.000 0.000 0.000 0.000 0.000 0.000
ASN01A0164_004 0.067 0.067 0.067 0.067 0.067 0.067 0.067 0.067 0.067 0.067 0.067 0.067 0.067 0.067 0.067
ASN01A0164_005 0.002 0.002 0.002 0.002 0.002 0.002 0.002 0.002 0.002 0.002 0.002 0.002 0.002 0.002 0.002
ASN01A0164_006 0.089 0.089 0.089 0.089 0.089 0.089 0.088 0.089 0.089 0.089 0.089 0.089 0.088 0.088 0.088
ASN01A0164_007 0.051 0.051 0.052 0.051 0.051 0.051 0.052 0.051 0.051 0.052 0.051 0.051 0.051 0.051 0.051
ASN01A0164_008 0.070 0.071 0.070 0.070 0.070 0.070 0.069 0.071 0.070 0.070 0.070 0.070 0.070 0.070 0.070
ASN01A0164_009 0.000 0.000 0.000 0.000 0.000 0.000 0.000 0.000 0.000 0.000 0.000 0.000 0.000 0.000 0.000
ASN01A0164_010 0.298 0.298 0.298 0.300 0.298 0.300 0.301 0.299 0.297 0.298 0.299 0.299 0.300 0.299 0.298
ASN01A0164_011 0.012 0.012 0.012 0.012 0.012 0.012 0.012 0.012 0.012 0.012 0.012 0.012 0.012 0.012 0.012
ASN01A0164_012 0.069 0.069 0.070 0.069 0.069 0.069 0.069 0.069 0.069 0.069 0.069 0.070 0.069 0.069 0.069
ASN01A0164_013 0.064 0.064 0.063 0.063 0.063 0.064 0.063 0.064 0.064 0.064 0.064 0.064 0.064 0.063 0.064
ASN01A0164_014 0.001 0.000 0.001 0.001 0.001 0.000 0.000 0.001 0.001 0.000 0.001 0.001 0.001 0.001 0.001
ASN01A0164_015 0.263 0.263 0.263 0.263 0.264 0.263 0.264 0.264 0.265 0.265 0.263 0.263 0.263 0.266 0.264
ASN01A0164_016 0.000 0.000 0.000 0.000 0.000 0.000 0.000 0.000 0.000 0.000 0.000 0.000 0.000 0.000 0.000
ASN01A0164_017 0.013 0.013 0.012 0.013 0.013 0.013 0.012 0.012 0.013 0.013 0.013 0.013 0.012 0.012 0.013
ASN01A0164_018 0.000 0.000 0.000 0.000 0.000 0.000 0.000 0.000 0.000 0.000 0.000 0.000 0.000 0.000 0.000
