 ph              0.0   1.0   2.0   3.0   4.0   5.0   6.0   7.0   8.0   9.0  10.0  11.0  12.0  13.0  14.0
TYR01A0106_001 0.066 0.066 0.065 0.066 0.065 0.066 0.065 0.065 0.063 0.044 0.012 0.002 0.000 0.000 0.000
TYR01A0106_002 0.104 0.104 0.102 0.104 0.102 0.104 0.103 0.103 0.100 0.070 0.018 0.003 0.000 0.000 0.000
TYR01A0106_003 0.087 0.086 0.086 0.086 0.086 0.086 0.087 0.085 0.082 0.058 0.015 0.002 0.000 0.000 0.000
TYR01A0106_004 0.152 0.153 0.150 0.152 0.152 0.151 0.152 0.150 0.144 0.101 0.026 0.004 0.000 0.000 0.000
TYR01A0106_005 0.002 0.002 0.002 0.002 0.002 0.002 0.002 0.002 0.002 0.001 0.000 0.000 0.000 0.000 0.000
TYR01A0106_006 0.000 0.000 0.000 0.000 0.000 0.000 0.000 0.000 0.000 0.000 0.000 0.000 0.000 0.000 0.000
TYR01A0106_007 0.000 0.000 0.000 0.000 0.000 0.000 0.000 0.000 0.000 0.000 0.000 0.000 0.000 0.000 0.000
TYR01A0106_008 0.000 0.000 0.000 0.000 0.000 0.000 0.000 0.000 0.000 0.000 0.000 0.000 0.000 0.000 0.000
TYR01A0106_009 0.074 0.074 0.073 0.073 0.074 0.073 0.074 0.073 0.070 0.050 0.013 0.002 0.000 0.000 0.000
TYR01A0106_010 0.042 0.042 0.042 0.042 0.042 0.042 0.042 0.041 0.040 0.028 0.007 0.000 0.000 0.000 0.000
TYR01A0106_011 0.000 0.000 0.000 0.000 0.000 0.000 0.000 0.000 0.000 0.000 0.000 0.000 0.000 0.000 0.000
TYR01A0106_012 0.000 0.000 0.000 0.000 0.000 0.000 0.000 0.000 0.000 0.000 0.000 0.000 0.000 0.000 0.000
TYR01A0106_013 0.004 0.004 0.004 0.004 0.004 0.004 0.004 0.004 0.003 0.002 0.000 0.000 0.000 0.000 0.000
TYR01A0106_014 0.039 0.038 0.039 0.039 0.039 0.039 0.039 0.039 0.037 0.026 0.007 0.000 0.000 0.000 0.000
TYR01A0106_015 0.200 0.201 0.201 0.201 0.201 0.199 0.199 0.197 0.191 0.135 0.035 0.005 0.000 0.000 0.000
TYR01A0106_016 0.000 0.000 0.000 0.000 0.000 0.000 0.000 0.000 0.000 0.000 0.000 0.000 0.000 0.000 0.000
TYR01A0106_017 0.000 0.000 0.000 0.000 0.000 0.000 0.000 0.000 0.000 0.000 0.000 0.000 0.000 0.000 0.000
TYR01A0106_018 0.231 0.232 0.235 0.231 0.233 0.234 0.232 0.230 0.221 0.156 0.041 0.006 0.000 0.000 0.000
TYR01A0106_019 0.000 0.000 0.000 0.000 0.000 0.000 0.000 0.000 0.000 0.000 0.000 0.000 0.000 0.000 0.000
TYR01A0106_020 0.000 0.000 0.000 0.000 0.000 0.000 0.000 0.000 0.000 0.000 0.000 0.000 0.000 0.000 0.000
TYR-1A0106_021 0.000 0.000 0.000 0.000 0.000 0.000 0.000 0.000 0.004 0.026 0.062 0.074 0.075 0.076 0.076
TYR-1A0106_022 0.000 0.000 0.000 0.000 0.000 0.000 0.000 0.000 0.000 0.000 0.003 0.003 0.003 0.003 0.003
TYR-1A0106_023 0.000 0.000 0.000 0.000 0.000 0.000 0.000 0.000 0.000 0.000 0.000 0.000 0.000 0.000 0.000
TYR-1A0106_024 0.000 0.000 0.000 0.000 0.000 0.000 0.000 0.000 0.000 0.000 0.000 0.000 0.000 0.000 0.000
TYR-1A0106_025 0.000 0.000 0.000 0.000 0.000 0.000 0.000 0.000 0.002 0.015 0.036 0.045 0.045 0.045 0.045
TYR-1A0106_026 0.000 0.000 0.000 0.000 0.000 0.000 0.000 0.000 0.004 0.028 0.071 0.083 0.086 0.085 0.086
TYR-1A0106_027 0.000 0.000 0.000 0.000 0.000 0.000 0.000 0.000 0.000 0.000 0.000 0.000 0.000 0.000 0.000
TYR-1A0106_028 0.000 0.000 0.000 0.000 0.000 0.000 0.000 0.000 0.000 0.000 0.000 0.000 0.000 0.000 0.000
TYR-1A0106_029 0.000 0.000 0.000 0.000 0.000 0.000 0.000 0.000 0.000 0.000 0.000 0.000 0.000 0.000 0.000
TYR-1A0106_030 0.000 0.000 0.000 0.000 0.000 0.000 0.000 0.000 0.000 0.000 0.000 0.000 0.000 0.000 0.000
TYR-1A0106_031 0.000 0.000 0.000 0.000 0.000 0.000 0.000 0.000 0.007 0.049 0.120 0.144 0.147 0.148 0.148
TYR-1A0106_032 0.000 0.000 0.000 0.000 0.000 0.000 0.000 0.000 0.001 0.009 0.023 0.027 0.028 0.028 0.028
TYR-1A0106_033 0.000 0.000 0.000 0.000 0.000 0.000 0.000 0.000 0.000 0.000 0.001 0.001 0.001 0.001 0.002
TYR-1A0106_034 0.000 0.000 0.000 0.000 0.000 0.000 0.000 0.000 0.008 0.056 0.141 0.168 0.172 0.170 0.170
TYR-1A0106_035 0.000 0.000 0.000 0.000 0.000 0.000 0.000 0.000 0.001 0.011 0.027 0.032 0.032 0.032 0.033
TYR-1A0106_036 0.000 0.000 0.000 0.000 0.000 0.000 0.000 0.000 0.000 0.000 0.000 0.000 0.000 0.000 0.000
TYR-1A0106_037 0.000 0.000 0.000 0.000 0.000 0.000 0.000 0.000 0.000 0.000 0.000 0.000 0.000 0.000 0.000
TYR-1A0106_038 0.000 0.000 0.000 0.000 0.000 0.000 0.000 0.010 0.017 0.118 0.301 0.352 0.362 0.362 0.362
TYR-1A0106_039 0.000 0.000 0.000 0.000 0.000 0.000 0.000 0.000 0.002 0.016 0.039 0.047 0.048 0.048 0.047
TYR-1A0106_040 0.000 0.000 0.000 0.000 0.000 0.000 0.000 0.000 0.000 0.000 0.000 0.000 0.000 0.000 0.000
