 ph              0.0   1.0   2.0   3.0   4.0   5.0   6.0   7.0   8.0   9.0  10.0  11.0  12.0  13.0  14.0
LEU01A0218_001 0.000 0.000 0.000 0.000 0.000 0.000 0.000 0.000 0.000 0.000 0.000 0.000 0.000 0.000 0.000
LEU01A0218_002 0.007 0.007 0.007 0.007 0.007 0.007 0.007 0.007 0.007 0.007 0.007 0.008 0.007 0.008 0.007
LEU01A0218_003 0.595 0.594 0.597 0.597 0.600 0.595 0.596 0.596 0.597 0.598 0.592 0.593 0.596 0.594 0.596
LEU01A0218_004 0.012 0.012 0.012 0.012 0.013 0.012 0.012 0.012 0.012 0.012 0.013 0.013 0.012 0.012 0.013
LEU01A0218_005 0.090 0.091 0.090 0.090 0.090 0.091 0.091 0.090 0.092 0.091 0.091 0.090 0.091 0.091 0.091
LEU01A0218_006 0.296 0.295 0.292 0.293 0.290 0.295 0.294 0.294 0.292 0.292 0.296 0.297 0.293 0.294 0.294
LEU01A0218_007 0.000 0.000 0.000 0.000 0.000 0.000 0.000 0.000 0.000 0.000 0.000 0.000 0.000 0.000 0.000
LEU01A0218_008 0.000 0.000 0.000 0.000 0.000 0.000 0.000 0.000 0.000 0.000 0.000 0.000 0.000 0.000 0.000
LEU01A0218_009 0.000 0.000 0.000 0.000 0.000 0.000 0.000 0.000 0.000 0.000 0.000 0.000 0.000 0.000 0.000
