 ph              0.0   1.0   2.0   3.0   4.0   5.0   6.0   7.0   8.0   9.0  10.0  11.0  12.0  13.0  14.0
TRP01A0058_001 0.263 0.264 0.264 0.263 0.264 0.264 0.266 0.265 0.261 0.266 0.264 0.266 0.265 0.262 0.264
TRP01A0058_002 0.046 0.045 0.044 0.044 0.045 0.045 0.045 0.045 0.045 0.044 0.044 0.045 0.045 0.045 0.044
TRP01A0058_003 0.001 0.001 0.001 0.001 0.001 0.001 0.001 0.001 0.001 0.001 0.001 0.001 0.001 0.001 0.001
TRP01A0058_004 0.003 0.003 0.003 0.003 0.003 0.003 0.003 0.003 0.003 0.003 0.003 0.003 0.003 0.003 0.003
TRP01A0058_005 0.028 0.028 0.029 0.028 0.028 0.029 0.028 0.029 0.029 0.028 0.029 0.029 0.029 0.029 0.029
TRP01A0058_006 0.031 0.032 0.031 0.031 0.031 0.031 0.031 0.031 0.031 0.031 0.031 0.032 0.032 0.031 0.031
TRP01A0058_007 0.026 0.026 0.026 0.026 0.026 0.026 0.026 0.026 0.026 0.026 0.026 0.026 0.026 0.026 0.026
TRP01A0058_008 0.049 0.049 0.049 0.049 0.048 0.049 0.049 0.049 0.050 0.049 0.050 0.050 0.050 0.049 0.049
TRP01A0058_009 0.014 0.014 0.014 0.014 0.014 0.014 0.014 0.014 0.014 0.014 0.014 0.014 0.014 0.014 0.014
TRP01A0058_010 0.003 0.003 0.003 0.003 0.003 0.003 0.003 0.003 0.003 0.003 0.003 0.003 0.003 0.003 0.003
TRP01A0058_011 0.259 0.259 0.259 0.260 0.260 0.259 0.258 0.258 0.259 0.259 0.258 0.258 0.256 0.260 0.258
TRP01A0058_012 0.020 0.020 0.020 0.020 0.020 0.020 0.020 0.020 0.020 0.020 0.020 0.020 0.020 0.020 0.020
TRP01A0058_013 0.126 0.127 0.127 0.126 0.127 0.127 0.128 0.126 0.127 0.126 0.127 0.125 0.128 0.127 0.127
TRP01A0058_014 0.003 0.003 0.003 0.003 0.003 0.003 0.003 0.003 0.003 0.003 0.003 0.003 0.003 0.003 0.003
TRP01A0058_015 0.033 0.034 0.034 0.034 0.033 0.033 0.033 0.033 0.034 0.034 0.033 0.034 0.034 0.034 0.034
TRP01A0058_016 0.006 0.006 0.006 0.006 0.006 0.006 0.006 0.006 0.006 0.006 0.006 0.006 0.006 0.006 0.006
TRP01A0058_017 0.046 0.046 0.045 0.045 0.045 0.045 0.045 0.046 0.046 0.045 0.047 0.046 0.046 0.046 0.046
TRP01A0058_018 0.038 0.038 0.038 0.038 0.038 0.038 0.038 0.038 0.038 0.038 0.038 0.038 0.038 0.039 0.038
TRP01A0058_019 0.003 0.003 0.003 0.003 0.003 0.003 0.003 0.003 0.003 0.003 0.003 0.003 0.003 0.003 0.003
