 ph              0.0   1.0   2.0   3.0   4.0   5.0   6.0   7.0   8.0   9.0  10.0  11.0  12.0  13.0  14.0
ASN01A0149_001 0.179 0.182 0.181 0.179 0.181 0.182 0.181 0.179 0.181 0.180 0.181 0.182 0.179 0.180 0.181
ASN01A0149_002 0.296 0.296 0.296 0.297 0.297 0.295 0.296 0.296 0.296 0.296 0.297 0.295 0.297 0.296 0.295
ASN01A0149_003 0.017 0.017 0.016 0.016 0.017 0.016 0.017 0.017 0.016 0.017 0.017 0.017 0.017 0.017 0.017
ASN01A0149_004 0.153 0.154 0.154 0.155 0.153 0.154 0.154 0.153 0.154 0.154 0.153 0.153 0.153 0.156 0.154
ASN01A0149_005 0.004 0.004 0.004 0.004 0.004 0.004 0.004 0.004 0.004 0.004 0.004 0.004 0.004 0.004 0.004
ASN01A0149_006 0.021 0.020 0.021 0.021 0.021 0.020 0.021 0.021 0.020 0.021 0.021 0.020 0.021 0.021 0.021
ASN01A0149_007 0.000 0.000 0.000 0.000 0.000 0.000 0.000 0.000 0.000 0.000 0.000 0.000 0.000 0.000 0.000
ASN01A0149_008 0.240 0.238 0.238 0.238 0.238 0.240 0.238 0.240 0.240 0.239 0.238 0.240 0.240 0.237 0.239
ASN01A0149_009 0.000 0.000 0.000 0.000 0.000 0.000 0.000 0.000 0.000 0.000 0.000 0.000 0.000 0.000 0.000
ASN01A0149_010 0.028 0.029 0.028 0.029 0.028 0.028 0.028 0.029 0.028 0.029 0.028 0.029 0.028 0.028 0.029
ASN01A0149_011 0.009 0.009 0.009 0.009 0.009 0.009 0.009 0.009 0.009 0.009 0.009 0.009 0.009 0.009 0.009
ASN01A0149_012 0.052 0.052 0.052 0.052 0.052 0.052 0.052 0.053 0.052 0.052 0.051 0.052 0.052 0.053 0.052
ASN01A0149_013 0.000 0.000 0.000 0.000 0.000 0.000 0.000 0.000 0.000 0.000 0.000 0.000 0.000 0.000 0.000
ASN01A0149_014 0.000 0.000 0.000 0.000 0.000 0.000 0.000 0.000 0.000 0.000 0.000 0.000 0.000 0.000 0.000
