 ph              0.0   1.0   2.0   3.0   4.0   5.0   6.0   7.0   8.0   9.0  10.0  11.0  12.0  13.0  14.0
ASP01A0180_001 0.000 0.000 0.000 0.000 0.000 0.000 0.000 0.000 0.000 0.000 0.000 0.000 0.000 0.000 0.000
ASP01A0180_002 0.000 0.000 0.000 0.000 0.000 0.000 0.000 0.000 0.000 0.000 0.000 0.000 0.000 0.000 0.000
ASP01A0180_003 0.010 0.010 0.010 0.006 0.001 0.000 0.000 0.000 0.000 0.000 0.000 0.000 0.000 0.000 0.000
ASP01A0180_004 0.031 0.030 0.029 0.019 0.004 0.000 0.000 0.000 0.000 0.000 0.000 0.000 0.000 0.000 0.000
ASP01A0180_005 0.042 0.041 0.039 0.026 0.006 0.000 0.000 0.000 0.000 0.000 0.000 0.000 0.000 0.000 0.000
ASP01A0180_006 0.415 0.412 0.392 0.256 0.059 0.009 0.000 0.000 0.000 0.000 0.000 0.000 0.000 0.000 0.000
ASP01A0180_007 0.073 0.072 0.069 0.045 0.011 0.002 0.000 0.000 0.000 0.000 0.000 0.000 0.000 0.000 0.000
ASP02A0180_008 0.002 0.002 0.002 0.001 0.000 0.000 0.000 0.000 0.000 0.000 0.000 0.000 0.000 0.000 0.000
ASP02A0180_009 0.030 0.029 0.028 0.018 0.004 0.000 0.000 0.000 0.000 0.000 0.000 0.000 0.000 0.000 0.000
ASP02A0180_010 0.006 0.006 0.006 0.004 0.000 0.000 0.000 0.000 0.000 0.000 0.000 0.000 0.000 0.000 0.000
ASP02A0180_011 0.009 0.009 0.009 0.006 0.001 0.000 0.000 0.000 0.000 0.000 0.000 0.000 0.000 0.000 0.000
ASP02A0180_012 0.246 0.245 0.231 0.152 0.035 0.006 0.000 0.000 0.000 0.000 0.000 0.000 0.000 0.000 0.000
ASP02A0180_013 0.135 0.135 0.127 0.084 0.019 0.003 0.000 0.000 0.000 0.000 0.000 0.000 0.000 0.000 0.000
ASP-1A0180_014 0.000 0.000 0.002 0.012 0.027 0.030 0.033 0.031 0.031 0.036 0.032 0.032 0.031 0.031 0.036
ASP-1A0180_015 0.000 0.007 0.057 0.370 0.831 0.949 0.967 0.969 0.969 0.964 0.968 0.968 0.969 0.969 0.964
