 ph              0.0   1.0   2.0   3.0   4.0   5.0   6.0   7.0   8.0   9.0  10.0  11.0  12.0  13.0  14.0
LEU01A0221_001 0.009 0.009 0.009 0.009 0.009 0.009 0.009 0.009 0.009 0.009 0.009 0.009 0.009 0.009 0.009
LEU01A0221_002 0.000 0.000 0.000 0.000 0.000 0.000 0.000 0.000 0.000 0.000 0.000 0.000 0.000 0.000 0.000
LEU01A0221_003 0.024 0.023 0.023 0.023 0.023 0.023 0.023 0.023 0.023 0.024 0.024 0.023 0.024 0.024 0.023
LEU01A0221_004 0.004 0.004 0.005 0.004 0.004 0.004 0.004 0.005 0.004 0.004 0.004 0.004 0.004 0.004 0.004
LEU01A0221_005 0.647 0.649 0.645 0.649 0.647 0.648 0.648 0.647 0.646 0.648 0.646 0.645 0.647 0.649 0.648
LEU01A0221_006 0.025 0.025 0.026 0.025 0.025 0.025 0.025 0.025 0.025 0.026 0.025 0.027 0.025 0.025 0.026
LEU01A0221_007 0.010 0.011 0.011 0.010 0.010 0.010 0.010 0.010 0.010 0.010 0.010 0.011 0.010 0.010 0.011
LEU01A0221_008 0.009 0.009 0.009 0.009 0.009 0.009 0.009 0.009 0.009 0.009 0.009 0.009 0.009 0.009 0.009
LEU01A0221_009 0.259 0.257 0.260 0.259 0.258 0.260 0.259 0.259 0.260 0.257 0.260 0.258 0.258 0.256 0.256
LEU01A0221_010 0.000 0.000 0.000 0.000 0.000 0.000 0.000 0.000 0.000 0.000 0.000 0.000 0.000 0.000 0.000
LEU01A0221_011 0.007 0.007 0.008 0.007 0.007 0.007 0.007 0.008 0.007 0.007 0.007 0.008 0.007 0.007 0.008
LEU01A0221_012 0.006 0.006 0.006 0.006 0.006 0.006 0.006 0.006 0.006 0.006 0.006 0.006 0.006 0.006 0.006
LEU01A0221_013 0.000 0.000 0.000 0.000 0.000 0.000 0.000 0.000 0.000 0.000 0.000 0.000 0.000 0.000 0.000
