 ph              0.0   1.0   2.0   3.0   4.0   5.0   6.0   7.0   8.0   9.0  10.0  11.0  12.0  13.0  14.0
ASP01A0145_001 0.000 0.000 0.000 0.000 0.000 0.000 0.000 0.000 0.000 0.000 0.000 0.000 0.000 0.000 0.000
ASP01A0145_002 0.000 0.000 0.000 0.000 0.000 0.000 0.000 0.000 0.000 0.000 0.000 0.000 0.000 0.000 0.000
ASP01A0145_003 0.004 0.004 0.004 0.004 0.002 0.000 0.000 0.000 0.000 0.000 0.000 0.000 0.000 0.000 0.000
ASP01A0145_004 0.000 0.000 0.000 0.000 0.000 0.000 0.000 0.000 0.000 0.000 0.000 0.000 0.000 0.000 0.000
ASP01A0145_005 0.003 0.003 0.003 0.003 0.002 0.000 0.000 0.000 0.000 0.000 0.000 0.000 0.000 0.000 0.000
ASP01A0145_006 0.003 0.003 0.003 0.003 0.002 0.000 0.000 0.000 0.000 0.000 0.000 0.000 0.000 0.000 0.000
ASP01A0145_007 0.000 0.000 0.000 0.000 0.000 0.000 0.000 0.000 0.000 0.000 0.000 0.000 0.000 0.000 0.000
ASP01A0145_008 0.349 0.348 0.344 0.319 0.197 0.045 0.014 0.000 0.000 0.000 0.000 0.000 0.000 0.000 0.000
ASP01A0145_009 0.009 0.008 0.008 0.008 0.005 0.000 0.000 0.000 0.000 0.000 0.000 0.000 0.000 0.000 0.000
ASP01A0145_010 0.020 0.021 0.020 0.019 0.012 0.003 0.000 0.000 0.000 0.000 0.000 0.000 0.000 0.000 0.000
ASP01A0145_011 0.000 0.000 0.000 0.000 0.000 0.000 0.000 0.000 0.000 0.000 0.000 0.000 0.000 0.000 0.000
ASP01A0145_012 0.019 0.020 0.019 0.018 0.011 0.002 0.000 0.000 0.000 0.000 0.000 0.000 0.000 0.000 0.000
ASP01A0145_013 0.000 0.000 0.000 0.000 0.000 0.000 0.000 0.000 0.000 0.000 0.000 0.000 0.000 0.000 0.000
ASP01A0145_014 0.059 0.059 0.059 0.054 0.033 0.007 0.000 0.000 0.000 0.000 0.000 0.000 0.000 0.000 0.000
ASP01A0145_015 0.025 0.025 0.024 0.023 0.014 0.003 0.000 0.000 0.000 0.000 0.000 0.000 0.000 0.000 0.000
ASP01A0145_016 0.080 0.080 0.080 0.074 0.045 0.010 0.000 0.000 0.000 0.000 0.000 0.000 0.000 0.000 0.000
ASP01A0145_017 0.009 0.010 0.010 0.009 0.005 0.001 0.000 0.000 0.000 0.000 0.000 0.000 0.000 0.000 0.000
ASP01A0145_018 0.012 0.012 0.011 0.011 0.007 0.001 0.000 0.000 0.000 0.000 0.000 0.000 0.000 0.000 0.000
ASP02A0145_019 0.000 0.000 0.000 0.000 0.000 0.000 0.000 0.000 0.000 0.000 0.000 0.000 0.000 0.000 0.000
ASP02A0145_020 0.000 0.000 0.000 0.000 0.000 0.000 0.000 0.000 0.000 0.000 0.000 0.000 0.000 0.000 0.000
ASP02A0145_021 0.000 0.000 0.000 0.000 0.000 0.000 0.000 0.000 0.000 0.000 0.000 0.000 0.000 0.000 0.000
ASP02A0145_022 0.002 0.002 0.002 0.002 0.000 0.000 0.000 0.000 0.000 0.000 0.000 0.000 0.000 0.000 0.000
ASP02A0145_023 0.166 0.167 0.167 0.155 0.095 0.022 0.007 0.000 0.000 0.000 0.000 0.000 0.000 0.000 0.000
ASP02A0145_024 0.054 0.053 0.053 0.049 0.030 0.007 0.000 0.000 0.000 0.000 0.000 0.000 0.000 0.000 0.000
ASP02A0145_025 0.000 0.000 0.000 0.000 0.000 0.000 0.000 0.000 0.000 0.000 0.000 0.000 0.000 0.000 0.000
ASP02A0145_026 0.004 0.004 0.004 0.003 0.002 0.000 0.000 0.000 0.000 0.000 0.000 0.000 0.000 0.000 0.000
ASP02A0145_027 0.007 0.007 0.007 0.006 0.004 0.000 0.000 0.000 0.000 0.000 0.000 0.000 0.000 0.000 0.000
ASP02A0145_028 0.001 0.001 0.001 0.001 0.000 0.000 0.000 0.000 0.000 0.000 0.000 0.000 0.000 0.000 0.000
ASP02A0145_029 0.000 0.000 0.000 0.000 0.000 0.000 0.000 0.000 0.000 0.000 0.000 0.000 0.000 0.000 0.000
ASP02A0145_030 0.000 0.000 0.000 0.000 0.000 0.000 0.000 0.000 0.000 0.000 0.000 0.000 0.000 0.000 0.000
ASP02A0145_031 0.002 0.002 0.002 0.002 0.000 0.000 0.000 0.000 0.000 0.000 0.000 0.000 0.000 0.000 0.000
ASP02A0145_032 0.000 0.000 0.000 0.000 0.000 0.000 0.000 0.000 0.000 0.000 0.000 0.000 0.000 0.000 0.000
ASP02A0145_033 0.017 0.017 0.016 0.015 0.009 0.002 0.000 0.000 0.000 0.000 0.000 0.000 0.000 0.000 0.000
ASP02A0145_034 0.022 0.022 0.021 0.020 0.012 0.003 0.000 0.000 0.000 0.000 0.000 0.000 0.000 0.000 0.000
ASP02A0145_035 0.014 0.014 0.013 0.012 0.008 0.002 0.000 0.000 0.000 0.000 0.000 0.000 0.000 0.000 0.000
ASP02A0145_036 0.101 0.101 0.101 0.093 0.057 0.013 0.004 0.000 0.000 0.000 0.000 0.000 0.000 0.000 0.000
ASP02A0145_037 0.016 0.016 0.016 0.015 0.009 0.002 0.000 0.000 0.000 0.000 0.000 0.000 0.000 0.000 0.000
ASP02A0145_038 0.002 0.003 0.003 0.002 0.001 0.000 0.000 0.000 0.000 0.000 0.000 0.000 0.000 0.000 0.000
ASP-1A0145_039 0.000 0.000 0.000 0.000 0.002 0.004 0.004 0.004 0.004 0.004 0.004 0.004 0.004 0.004 0.004
ASP-1A0145_040 0.000 0.000 0.005 0.037 0.202 0.410 0.456 0.465 0.467 0.465 0.468 0.465 0.466 0.465 0.465
ASP-1A0145_041 0.000 0.000 0.000 0.004 0.022 0.044 0.050 0.051 0.051 0.051 0.051 0.052 0.051 0.051 0.050
ASP-1A0145_042 0.000 0.000 0.003 0.018 0.102 0.201 0.226 0.233 0.229 0.232 0.231 0.231 0.232 0.233 0.234
ASP-1A0145_043 0.000 0.000 0.000 0.006 0.036 0.071 0.080 0.080 0.082 0.081 0.080 0.083 0.080 0.082 0.079
ASP-1A0145_044 0.000 0.000 0.002 0.012 0.068 0.138 0.152 0.158 0.159 0.159 0.158 0.157 0.158 0.157 0.159
ASP-1A0145_045 0.000 0.000 0.000 0.000 0.004 0.007 0.008 0.008 0.008 0.008 0.008 0.008 0.008 0.008 0.008
