 ph              0.0   1.0   2.0   3.0   4.0   5.0   6.0   7.0   8.0   9.0  10.0  11.0  12.0  13.0  14.0
PHE01A0008_001 0.431 0.427 0.429 0.432 0.430 0.426 0.428 0.429 0.429 0.430 0.430 0.429 0.429 0.428 0.428
PHE01A0008_002 0.127 0.125 0.127 0.127 0.127 0.128 0.128 0.129 0.128 0.128 0.127 0.129 0.126 0.127 0.127
PHE01A0008_003 0.000 0.000 0.000 0.000 0.000 0.000 0.000 0.000 0.000 0.000 0.000 0.000 0.000 0.000 0.000
PHE01A0008_004 0.224 0.226 0.225 0.224 0.224 0.227 0.223 0.226 0.223 0.224 0.224 0.224 0.225 0.226 0.227
PHE01A0008_005 0.215 0.217 0.215 0.214 0.215 0.216 0.217 0.214 0.215 0.215 0.215 0.214 0.217 0.215 0.215
PHE01A0008_006 0.000 0.001 0.001 0.001 0.001 0.000 0.001 0.000 0.001 0.000 0.001 0.001 0.000 0.001 0.001
PHE01A0008_007 0.000 0.000 0.000 0.000 0.000 0.000 0.000 0.000 0.000 0.000 0.000 0.000 0.000 0.000 0.000
PHE01A0008_008 0.000 0.000 0.000 0.000 0.000 0.000 0.000 0.000 0.000 0.000 0.000 0.000 0.000 0.000 0.000
PHE01A0008_009 0.003 0.003 0.003 0.003 0.003 0.003 0.003 0.003 0.003 0.003 0.003 0.003 0.003 0.003 0.003
PHE01A0008_010 0.000 0.000 0.000 0.000 0.000 0.000 0.000 0.000 0.000 0.000 0.000 0.000 0.000 0.000 0.000
PHE01A0008_011 0.000 0.000 0.000 0.000 0.000 0.000 0.000 0.000 0.000 0.000 0.000 0.000 0.000 0.000 0.000
PHE01A0008_012 0.000 0.000 0.000 0.000 0.000 0.000 0.000 0.000 0.000 0.000 0.000 0.000 0.000 0.000 0.000
PHE01A0008_013 0.000 0.000 0.000 0.000 0.000 0.000 0.000 0.000 0.000 0.000 0.000 0.000 0.000 0.000 0.000
PHE01A0008_014 0.000 0.000 0.000 0.000 0.000 0.000 0.000 0.000 0.000 0.000 0.000 0.000 0.000 0.000 0.000
PHE01A0008_015 0.000 0.000 0.000 0.000 0.000 0.000 0.000 0.000 0.000 0.000 0.000 0.000 0.000 0.000 0.000
PHE01A0008_016 0.000 0.000 0.000 0.000 0.000 0.000 0.000 0.000 0.000 0.000 0.000 0.000 0.000 0.000 0.000
