 ph              0.0   1.0   2.0   3.0   4.0   5.0   6.0   7.0   8.0   9.0  10.0  11.0  12.0  13.0  14.0
HIS01A0078_001 0.000 0.000 0.000 0.000 0.000 0.000 0.004 0.024 0.061 0.071 0.073 0.073 0.073 0.073 0.073
HIS01A0078_002 0.000 0.000 0.000 0.000 0.000 0.000 0.008 0.041 0.101 0.119 0.123 0.123 0.122 0.123 0.124
HIS01A0078_003 0.000 0.000 0.000 0.000 0.000 0.000 0.000 0.000 0.000 0.000 0.000 0.000 0.000 0.000 0.000
HIS01A0078_004 0.000 0.000 0.000 0.000 0.000 0.000 0.000 0.002 0.006 0.007 0.007 0.007 0.007 0.007 0.007
HIS01A0078_005 0.000 0.000 0.000 0.000 0.000 0.000 0.000 0.004 0.011 0.013 0.014 0.014 0.014 0.014 0.013
HIS01A0078_006 0.000 0.000 0.000 0.000 0.000 0.000 0.000 0.000 0.000 0.000 0.000 0.000 0.000 0.000 0.000
HIS01A0078_007 0.000 0.000 0.000 0.000 0.000 0.000 0.001 0.008 0.019 0.023 0.023 0.023 0.023 0.023 0.023
HIS01A0078_008 0.000 0.000 0.000 0.000 0.000 0.000 0.000 0.000 0.000 0.000 0.000 0.000 0.000 0.000 0.000
HIS01A0078_009 0.000 0.000 0.000 0.000 0.000 0.000 0.000 0.000 0.000 0.000 0.000 0.000 0.000 0.000 0.000
HIS01A0078_010 0.000 0.000 0.000 0.000 0.000 0.000 0.000 0.001 0.003 0.004 0.004 0.004 0.004 0.004 0.004
HIS01A0078_011 0.000 0.000 0.000 0.000 0.000 0.000 0.000 0.000 0.000 0.000 0.000 0.000 0.000 0.000 0.000
HIS01A0078_012 0.000 0.000 0.000 0.000 0.000 0.000 0.000 0.008 0.019 0.022 0.023 0.023 0.023 0.023 0.023
HIS01A0078_013 0.000 0.000 0.000 0.000 0.000 0.000 0.000 0.004 0.009 0.010 0.011 0.011 0.010 0.011 0.010
HIS01A0078_014 0.000 0.000 0.000 0.000 0.000 0.000 0.002 0.011 0.028 0.033 0.034 0.034 0.034 0.033 0.034
HIS01A0078_015 0.000 0.000 0.000 0.000 0.000 0.000 0.000 0.000 0.000 0.000 0.000 0.000 0.000 0.000 0.000
HIS01A0078_016 0.000 0.000 0.000 0.000 0.000 0.000 0.000 0.001 0.003 0.003 0.004 0.004 0.004 0.004 0.004
HIS01A0078_017 0.000 0.000 0.000 0.000 0.000 0.000 0.004 0.021 0.053 0.062 0.065 0.063 0.064 0.063 0.064
HIS01A0078_018 0.000 0.000 0.000 0.000 0.000 0.000 0.002 0.009 0.024 0.028 0.029 0.029 0.029 0.029 0.029
HIS01A0078_019 0.000 0.000 0.000 0.000 0.000 0.000 0.000 0.000 0.000 0.000 0.000 0.000 0.000 0.000 0.000
HIS02A0078_020 0.000 0.000 0.000 0.000 0.000 0.000 0.007 0.039 0.100 0.118 0.120 0.120 0.120 0.120 0.120
HIS02A0078_021 0.000 0.000 0.000 0.000 0.000 0.000 0.008 0.045 0.115 0.136 0.140 0.138 0.140 0.141 0.139
HIS02A0078_022 0.000 0.000 0.000 0.000 0.000 0.000 0.000 0.003 0.008 0.009 0.009 0.009 0.009 0.009 0.009
HIS02A0078_023 0.000 0.000 0.000 0.000 0.000 0.000 0.005 0.029 0.073 0.085 0.088 0.088 0.087 0.087 0.087
HIS02A0078_024 0.000 0.000 0.000 0.000 0.000 0.000 0.002 0.013 0.031 0.037 0.037 0.038 0.038 0.038 0.037
HIS02A0078_025 0.000 0.000 0.000 0.000 0.000 0.000 0.000 0.000 0.000 0.000 0.000 0.000 0.000 0.000 0.000
HIS02A0078_026 0.000 0.000 0.000 0.000 0.000 0.000 0.000 0.000 0.000 0.000 0.000 0.000 0.000 0.000 0.000
HIS02A0078_027 0.000 0.000 0.000 0.000 0.000 0.000 0.000 0.000 0.000 0.000 0.000 0.000 0.000 0.000 0.000
HIS02A0078_028 0.000 0.000 0.000 0.000 0.000 0.000 0.006 0.031 0.077 0.091 0.092 0.092 0.093 0.093 0.092
HIS02A0078_029 0.000 0.000 0.000 0.000 0.000 0.000 0.000 0.002 0.005 0.006 0.006 0.006 0.006 0.006 0.006
HIS02A0078_030 0.000 0.000 0.000 0.000 0.000 0.000 0.000 0.000 0.000 0.000 0.000 0.000 0.000 0.000 0.000
HIS02A0078_031 0.000 0.000 0.000 0.000 0.000 0.000 0.000 0.000 0.000 0.000 0.000 0.000 0.000 0.000 0.000
HIS02A0078_032 0.000 0.000 0.000 0.000 0.000 0.000 0.000 0.000 0.000 0.000 0.000 0.000 0.000 0.000 0.000
HIS02A0078_033 0.000 0.000 0.000 0.000 0.000 0.000 0.000 0.003 0.007 0.008 0.008 0.008 0.008 0.008 0.008
HIS02A0078_034 0.000 0.000 0.000 0.000 0.000 0.000 0.000 0.004 0.010 0.012 0.012 0.012 0.012 0.012 0.012
HIS02A0078_035 0.000 0.000 0.000 0.000 0.000 0.000 0.000 0.000 0.000 0.000 0.000 0.000 0.000 0.000 0.000
HIS02A0078_036 0.000 0.000 0.000 0.000 0.000 0.000 0.002 0.012 0.029 0.034 0.035 0.036 0.035 0.035 0.035
HIS02A0078_037 0.000 0.000 0.000 0.000 0.000 0.000 0.000 0.000 0.003 0.003 0.003 0.003 0.003 0.003 0.003
HIS02A0078_038 0.000 0.000 0.000 0.000 0.000 0.000 0.003 0.014 0.035 0.041 0.042 0.042 0.042 0.042 0.042
HIS02A0078_039 0.000 0.000 0.000 0.000 0.000 0.000 0.000 0.000 0.000 0.000 0.000 0.000 0.000 0.000 0.000
HIS+1A0078_040 0.167 0.168 0.168 0.168 0.169 0.167 0.157 0.111 0.029 0.004 0.000 0.000 0.000 0.000 0.000
HIS+1A0078_041 0.223 0.222 0.224 0.222 0.221 0.222 0.208 0.149 0.038 0.006 0.000 0.000 0.000 0.000 0.000
HIS+1A0078_042 0.000 0.000 0.000 0.000 0.000 0.000 0.000 0.000 0.000 0.000 0.000 0.000 0.000 0.000 0.000
HIS+1A0078_043 0.000 0.000 0.000 0.000 0.000 0.000 0.000 0.000 0.000 0.000 0.000 0.000 0.000 0.000 0.000
HIS+1A0078_044 0.014 0.014 0.014 0.014 0.014 0.014 0.013 0.009 0.002 0.000 0.000 0.000 0.000 0.000 0.000
HIS+1A0078_045 0.007 0.007 0.007 0.006 0.006 0.006 0.006 0.004 0.001 0.000 0.000 0.000 0.000 0.000 0.000
HIS+1A0078_046 0.017 0.017 0.017 0.017 0.016 0.017 0.016 0.012 0.003 0.000 0.000 0.000 0.000 0.000 0.000
HIS+1A0078_047 0.118 0.116 0.116 0.116 0.117 0.117 0.110 0.078 0.020 0.003 0.000 0.000 0.000 0.000 0.000
HIS+1A0078_048 0.000 0.000 0.000 0.000 0.000 0.000 0.000 0.000 0.000 0.000 0.000 0.000 0.000 0.000 0.000
HIS+1A0078_049 0.004 0.004 0.004 0.004 0.004 0.004 0.004 0.003 0.000 0.000 0.000 0.000 0.000 0.000 0.000
HIS+1A0078_050 0.078 0.078 0.079 0.078 0.078 0.079 0.074 0.053 0.014 0.002 0.000 0.000 0.000 0.000 0.000
HIS+1A0078_051 0.007 0.007 0.007 0.007 0.007 0.007 0.006 0.004 0.001 0.000 0.000 0.000 0.000 0.000 0.000
HIS+1A0078_052 0.052 0.052 0.051 0.051 0.052 0.052 0.050 0.036 0.009 0.000 0.000 0.000 0.000 0.000 0.000
HIS+1A0078_053 0.000 0.000 0.000 0.000 0.000 0.000 0.000 0.000 0.000 0.000 0.000 0.000 0.000 0.000 0.000
HIS+1A0078_054 0.137 0.136 0.136 0.137 0.137 0.135 0.129 0.092 0.023 0.004 0.000 0.000 0.000 0.000 0.000
HIS+1A0078_055 0.000 0.000 0.000 0.000 0.000 0.000 0.000 0.000 0.000 0.000 0.000 0.000 0.000 0.000 0.000
HIS+1A0078_056 0.000 0.000 0.000 0.000 0.000 0.000 0.000 0.000 0.000 0.000 0.000 0.000 0.000 0.000 0.000
HIS+1A0078_057 0.177 0.180 0.178 0.179 0.179 0.179 0.170 0.121 0.031 0.005 0.000 0.000 0.000 0.000 0.000
HIS+1A0078_058 0.000 0.000 0.000 0.000 0.000 0.000 0.000 0.000 0.000 0.000 0.000 0.000 0.000 0.000 0.000
HIS+1A0078_059 0.000 0.000 0.000 0.000 0.000 0.000 0.000 0.000 0.000 0.000 0.000 0.000 0.000 0.000 0.000
