 ph              0.0   1.0   2.0   3.0   4.0   5.0   6.0   7.0   8.0   9.0  10.0  11.0  12.0  13.0  14.0
HIS01A0135_001 0.000 0.000 0.000 0.000 0.000 0.000 0.000 0.000 0.000 0.000 0.000 0.000 0.000 0.000 0.000
HIS01A0135_002 0.000 0.000 0.000 0.000 0.000 0.000 0.000 0.006 0.016 0.019 0.020 0.020 0.020 0.020 0.020
HIS01A0135_003 0.000 0.000 0.000 0.000 0.000 0.000 0.000 0.000 0.002 0.002 0.002 0.002 0.002 0.002 0.002
HIS01A0135_004 0.000 0.000 0.000 0.000 0.000 0.000 0.007 0.039 0.104 0.124 0.129 0.127 0.128 0.128 0.127
HIS01A0135_005 0.000 0.000 0.000 0.000 0.000 0.000 0.002 0.013 0.036 0.044 0.045 0.046 0.046 0.045 0.045
HIS01A0135_006 0.000 0.000 0.000 0.000 0.000 0.000 0.000 0.000 0.000 0.000 0.000 0.000 0.000 0.000 0.000
HIS01A0135_007 0.000 0.000 0.000 0.000 0.000 0.000 0.000 0.000 0.000 0.000 0.000 0.000 0.000 0.000 0.000
HIS01A0135_008 0.000 0.000 0.000 0.000 0.000 0.000 0.000 0.000 0.000 0.000 0.000 0.000 0.000 0.000 0.000
HIS01A0135_009 0.000 0.000 0.000 0.000 0.000 0.000 0.000 0.000 0.000 0.000 0.000 0.000 0.000 0.000 0.000
HIS01A0135_010 0.000 0.000 0.000 0.000 0.000 0.000 0.003 0.017 0.044 0.053 0.054 0.055 0.055 0.055 0.054
HIS01A0135_011 0.000 0.000 0.000 0.000 0.000 0.000 0.000 0.000 0.000 0.000 0.000 0.000 0.000 0.000 0.000
HIS01A0135_012 0.000 0.000 0.000 0.000 0.000 0.000 0.002 0.010 0.024 0.029 0.031 0.030 0.030 0.030 0.031
HIS01A0135_013 0.000 0.000 0.000 0.000 0.000 0.000 0.000 0.000 0.000 0.000 0.000 0.000 0.000 0.000 0.000
HIS01A0135_014 0.000 0.000 0.000 0.000 0.000 0.000 0.000 0.000 0.000 0.000 0.000 0.000 0.000 0.000 0.000
HIS01A0135_015 0.000 0.000 0.000 0.000 0.000 0.000 0.000 0.000 0.000 0.000 0.000 0.000 0.000 0.000 0.000
HIS01A0135_016 0.000 0.000 0.000 0.000 0.000 0.000 0.003 0.017 0.046 0.056 0.057 0.057 0.057 0.057 0.057
HIS01A0135_017 0.000 0.000 0.000 0.000 0.000 0.000 0.000 0.000 0.000 0.000 0.000 0.000 0.000 0.000 0.000
HIS01A0135_018 0.000 0.000 0.000 0.000 0.000 0.000 0.000 0.000 0.000 0.000 0.000 0.000 0.000 0.000 0.000
HIS01A0135_019 0.000 0.000 0.000 0.000 0.000 0.000 0.000 0.000 0.000 0.000 0.000 0.000 0.000 0.000 0.000
HIS01A0135_020 0.000 0.000 0.000 0.000 0.000 0.000 0.000 0.005 0.013 0.015 0.016 0.015 0.016 0.016 0.016
HIS02A0135_021 0.000 0.000 0.000 0.000 0.000 0.000 0.000 0.000 0.002 0.002 0.002 0.002 0.002 0.002 0.002
HIS02A0135_022 0.000 0.000 0.000 0.000 0.000 0.000 0.000 0.006 0.015 0.018 0.018 0.018 0.018 0.018 0.018
HIS02A0135_023 0.000 0.000 0.000 0.000 0.000 0.009 0.011 0.071 0.187 0.226 0.231 0.232 0.230 0.234 0.231
HIS02A0135_024 0.000 0.000 0.000 0.000 0.000 0.000 0.003 0.018 0.047 0.056 0.057 0.057 0.058 0.057 0.058
HIS02A0135_025 0.000 0.000 0.000 0.000 0.000 0.000 0.000 0.000 0.000 0.000 0.000 0.000 0.000 0.000 0.000
HIS02A0135_026 0.000 0.000 0.000 0.000 0.000 0.000 0.005 0.032 0.084 0.102 0.103 0.103 0.104 0.103 0.105
HIS02A0135_027 0.000 0.000 0.000 0.000 0.000 0.000 0.000 0.000 0.000 0.000 0.000 0.000 0.000 0.000 0.000
HIS02A0135_028 0.000 0.000 0.000 0.000 0.000 0.000 0.006 0.035 0.091 0.109 0.109 0.113 0.113 0.112 0.112
HIS02A0135_029 0.000 0.000 0.000 0.000 0.000 0.000 0.000 0.000 0.000 0.000 0.000 0.000 0.000 0.000 0.000
HIS02A0135_030 0.000 0.000 0.000 0.000 0.000 0.000 0.004 0.023 0.060 0.072 0.074 0.074 0.074 0.074 0.074
HIS02A0135_031 0.000 0.000 0.000 0.000 0.000 0.000 0.000 0.000 0.000 0.000 0.000 0.000 0.000 0.000 0.000
HIS02A0135_032 0.000 0.000 0.000 0.000 0.000 0.000 0.000 0.000 0.000 0.000 0.000 0.000 0.000 0.000 0.000
HIS02A0135_033 0.000 0.000 0.000 0.000 0.000 0.000 0.000 0.000 0.002 0.002 0.002 0.002 0.002 0.002 0.002
HIS02A0135_034 0.000 0.000 0.000 0.000 0.000 0.000 0.000 0.000 0.000 0.000 0.000 0.000 0.000 0.000 0.000
HIS02A0135_035 0.000 0.000 0.000 0.000 0.000 0.000 0.000 0.000 0.000 0.000 0.000 0.000 0.000 0.000 0.000
HIS02A0135_036 0.000 0.000 0.000 0.000 0.000 0.000 0.000 0.000 0.000 0.000 0.000 0.000 0.000 0.000 0.000
HIS02A0135_037 0.000 0.000 0.000 0.000 0.000 0.000 0.000 0.000 0.000 0.000 0.000 0.000 0.000 0.000 0.000
HIS02A0135_038 0.000 0.000 0.000 0.000 0.000 0.000 0.000 0.000 0.000 0.000 0.000 0.000 0.000 0.000 0.000
HIS02A0135_039 0.000 0.000 0.000 0.000 0.000 0.000 0.002 0.014 0.037 0.044 0.045 0.045 0.046 0.045 0.045
HIS02A0135_040 0.000 0.000 0.000 0.000 0.000 0.000 0.000 0.000 0.000 0.000 0.000 0.000 0.000 0.000 0.000
HIS+1A0135_041 0.002 0.002 0.002 0.001 0.000 0.001 0.002 0.000 0.000 0.000 0.000 0.000 0.000 0.000 0.000
HIS+1A0135_042 0.022 0.022 0.022 0.022 0.022 0.022 0.021 0.015 0.004 0.000 0.000 0.000 0.000 0.000 0.000
HIS+1A0135_043 0.005 0.005 0.005 0.005 0.005 0.005 0.005 0.003 0.000 0.000 0.000 0.000 0.000 0.000 0.000
HIS+1A0135_044 0.510 0.511 0.514 0.510 0.511 0.507 0.484 0.353 0.099 0.015 0.005 0.000 0.000 0.000 0.000
HIS+1A0135_045 0.000 0.000 0.000 0.000 0.000 0.000 0.000 0.000 0.000 0.000 0.000 0.000 0.000 0.000 0.000
HIS+1A0135_046 0.000 0.000 0.000 0.000 0.000 0.000 0.000 0.000 0.000 0.000 0.000 0.000 0.000 0.000 0.000
HIS+1A0135_047 0.000 0.000 0.000 0.000 0.000 0.000 0.000 0.000 0.000 0.000 0.000 0.000 0.000 0.000 0.000
HIS+1A0135_048 0.202 0.204 0.200 0.203 0.203 0.198 0.192 0.140 0.039 0.006 0.000 0.000 0.000 0.000 0.000
HIS+1A0135_049 0.000 0.000 0.000 0.000 0.000 0.000 0.000 0.000 0.000 0.000 0.000 0.000 0.000 0.000 0.000
HIS+1A0135_050 0.000 0.000 0.000 0.000 0.000 0.000 0.000 0.000 0.000 0.000 0.000 0.000 0.000 0.000 0.000
HIS+1A0135_051 0.061 0.060 0.058 0.059 0.061 0.059 0.057 0.042 0.011 0.002 0.000 0.000 0.000 0.000 0.000
HIS+1A0135_052 0.000 0.000 0.000 0.000 0.000 0.000 0.000 0.000 0.000 0.000 0.000 0.000 0.000 0.000 0.000
HIS+1A0135_053 0.000 0.000 0.000 0.000 0.000 0.000 0.000 0.000 0.000 0.000 0.000 0.000 0.000 0.000 0.000
HIS+1A0135_054 0.049 0.048 0.049 0.049 0.049 0.048 0.048 0.034 0.010 0.000 0.000 0.000 0.000 0.000 0.000
HIS+1A0135_055 0.000 0.000 0.000 0.000 0.000 0.000 0.000 0.000 0.000 0.000 0.000 0.000 0.000 0.000 0.000
HIS+1A0135_056 0.120 0.116 0.119 0.119 0.118 0.118 0.114 0.083 0.023 0.004 0.000 0.000 0.000 0.000 0.000
HIS+1A0135_057 0.000 0.000 0.000 0.000 0.000 0.000 0.000 0.000 0.000 0.000 0.000 0.000 0.000 0.000 0.000
HIS+1A0135_058 0.000 0.000 0.000 0.000 0.000 0.000 0.000 0.000 0.000 0.000 0.000 0.000 0.000 0.000 0.000
HIS+1A0135_059 0.000 0.000 0.000 0.000 0.000 0.000 0.000 0.000 0.000 0.000 0.000 0.000 0.000 0.000 0.000
HIS+1A0135_060 0.031 0.032 0.031 0.031 0.031 0.031 0.030 0.021 0.006 0.000 0.000 0.000 0.000 0.000 0.000
