 ph              0.0   1.0   2.0   3.0   4.0   5.0   6.0   7.0   8.0   9.0  10.0  11.0  12.0  13.0  14.0
TYR01A0075_001 0.093 0.094 0.094 0.092 0.092 0.093 0.092 0.093 0.090 0.067 0.020 0.003 0.000 0.000 0.000
TYR01A0075_002 0.000 0.000 0.000 0.000 0.000 0.000 0.000 0.000 0.000 0.000 0.000 0.000 0.000 0.000 0.000
TYR01A0075_003 0.000 0.000 0.000 0.000 0.000 0.000 0.000 0.000 0.000 0.000 0.000 0.000 0.000 0.000 0.000
TYR01A0075_004 0.028 0.028 0.028 0.028 0.028 0.028 0.028 0.028 0.027 0.020 0.006 0.000 0.000 0.000 0.000
TYR01A0075_005 0.000 0.000 0.000 0.000 0.000 0.000 0.000 0.000 0.000 0.000 0.000 0.000 0.000 0.000 0.000
TYR01A0075_006 0.035 0.035 0.035 0.035 0.035 0.036 0.036 0.035 0.035 0.025 0.008 0.000 0.000 0.000 0.000
TYR01A0075_007 0.000 0.000 0.000 0.000 0.000 0.000 0.000 0.000 0.000 0.000 0.000 0.000 0.000 0.000 0.000
TYR01A0075_008 0.000 0.000 0.000 0.000 0.000 0.000 0.000 0.000 0.000 0.000 0.000 0.000 0.000 0.000 0.000
TYR01A0075_009 0.000 0.000 0.000 0.000 0.000 0.000 0.000 0.000 0.000 0.000 0.000 0.000 0.000 0.000 0.000
TYR01A0075_010 0.149 0.149 0.151 0.150 0.151 0.148 0.150 0.149 0.144 0.108 0.031 0.005 0.000 0.000 0.000
TYR01A0075_011 0.002 0.002 0.002 0.002 0.002 0.002 0.002 0.002 0.002 0.001 0.000 0.000 0.000 0.000 0.000
TYR01A0075_012 0.017 0.018 0.017 0.017 0.017 0.018 0.017 0.017 0.016 0.012 0.004 0.000 0.000 0.000 0.000
TYR01A0075_013 0.169 0.169 0.168 0.170 0.168 0.169 0.168 0.166 0.161 0.122 0.036 0.006 0.000 0.000 0.000
TYR01A0075_014 0.000 0.000 0.000 0.000 0.000 0.000 0.000 0.000 0.000 0.000 0.000 0.000 0.000 0.000 0.000
TYR01A0075_015 0.126 0.127 0.127 0.125 0.127 0.126 0.128 0.126 0.121 0.091 0.026 0.004 0.000 0.000 0.000
TYR01A0075_016 0.004 0.004 0.004 0.004 0.004 0.004 0.004 0.004 0.004 0.003 0.000 0.000 0.000 0.000 0.000
TYR01A0075_017 0.013 0.013 0.013 0.013 0.013 0.013 0.013 0.013 0.012 0.009 0.003 0.000 0.000 0.000 0.000
TYR01A0075_018 0.000 0.000 0.000 0.000 0.000 0.000 0.000 0.000 0.000 0.000 0.000 0.000 0.000 0.000 0.000
TYR01A0075_019 0.364 0.361 0.360 0.363 0.362 0.362 0.362 0.359 0.345 0.259 0.076 0.012 0.005 0.000 0.000
TYR01A0075_020 0.000 0.000 0.000 0.000 0.000 0.000 0.000 0.000 0.000 0.000 0.000 0.000 0.000 0.000 0.000
TYR-1A0075_021 0.000 0.000 0.000 0.000 0.000 0.000 0.000 0.000 0.005 0.028 0.079 0.097 0.099 0.101 0.099
TYR-1A0075_022 0.000 0.000 0.000 0.000 0.000 0.000 0.000 0.000 0.000 0.000 0.000 0.000 0.000 0.000 0.000
TYR-1A0075_023 0.000 0.000 0.000 0.000 0.000 0.000 0.000 0.000 0.000 0.000 0.000 0.000 0.000 0.000 0.000
TYR-1A0075_024 0.000 0.000 0.000 0.000 0.000 0.000 0.000 0.000 0.005 0.030 0.085 0.105 0.108 0.108 0.108
TYR-1A0075_025 0.000 0.000 0.000 0.000 0.000 0.000 0.000 0.000 0.000 0.000 0.002 0.002 0.003 0.003 0.002
TYR-1A0075_026 0.000 0.000 0.000 0.000 0.000 0.000 0.000 0.000 0.007 0.040 0.113 0.137 0.142 0.142 0.144
TYR-1A0075_027 0.000 0.000 0.000 0.000 0.000 0.000 0.000 0.000 0.000 0.003 0.008 0.010 0.011 0.011 0.011
TYR-1A0075_028 0.000 0.000 0.000 0.000 0.000 0.000 0.000 0.000 0.000 0.000 0.000 0.000 0.000 0.000 0.000
TYR-1A0075_029 0.000 0.000 0.000 0.000 0.000 0.000 0.000 0.000 0.000 0.000 0.000 0.000 0.000 0.000 0.000
TYR-1A0075_030 0.000 0.000 0.000 0.000 0.000 0.000 0.000 0.000 0.000 0.008 0.021 0.027 0.027 0.027 0.027
TYR-1A0075_031 0.000 0.000 0.000 0.000 0.000 0.000 0.000 0.000 0.000 0.000 0.000 0.000 0.000 0.000 0.000
TYR-1A0075_032 0.000 0.000 0.000 0.000 0.000 0.000 0.000 0.000 0.000 0.000 0.000 0.000 0.000 0.000 0.000
TYR-1A0075_033 0.000 0.000 0.000 0.000 0.000 0.000 0.000 0.000 0.000 0.000 0.000 0.000 0.000 0.000 0.000
TYR-1A0075_034 0.000 0.000 0.000 0.000 0.000 0.000 0.000 0.000 0.000 0.007 0.021 0.026 0.026 0.026 0.027
TYR-1A0075_035 0.000 0.000 0.000 0.000 0.000 0.000 0.000 0.000 0.000 0.005 0.015 0.018 0.019 0.019 0.018
TYR-1A0075_036 0.000 0.000 0.000 0.000 0.000 0.000 0.000 0.000 0.008 0.048 0.136 0.166 0.171 0.171 0.172
TYR-1A0075_037 0.000 0.000 0.000 0.000 0.000 0.000 0.000 0.000 0.000 0.000 0.000 0.000 0.000 0.000 0.000
TYR-1A0075_038 0.000 0.000 0.000 0.000 0.000 0.000 0.000 0.008 0.019 0.111 0.309 0.378 0.388 0.390 0.389
TYR-1A0075_039 0.000 0.000 0.000 0.000 0.000 0.000 0.000 0.000 0.000 0.000 0.000 0.000 0.000 0.000 0.000
TYR-1A0075_040 0.000 0.000 0.000 0.000 0.000 0.000 0.000 0.000 0.000 0.000 0.002 0.002 0.003 0.003 0.002
