 ph              0.0   1.0   2.0   3.0   4.0   5.0   6.0   7.0   8.0   9.0  10.0  11.0  12.0  13.0  14.0
ASN01A0147_001 0.064 0.064 0.063 0.064 0.064 0.064 0.063 0.064 0.064 0.064 0.063 0.065 0.064 0.064 0.064
ASN01A0147_002 0.206 0.206 0.207 0.206 0.206 0.206 0.206 0.208 0.207 0.206 0.207 0.206 0.207 0.208 0.207
ASN01A0147_003 0.034 0.034 0.034 0.034 0.034 0.034 0.034 0.034 0.034 0.034 0.034 0.034 0.034 0.033 0.034
ASN01A0147_004 0.048 0.048 0.048 0.048 0.048 0.048 0.048 0.048 0.048 0.048 0.048 0.048 0.048 0.047 0.048
ASN01A0147_005 0.375 0.376 0.376 0.376 0.376 0.377 0.377 0.375 0.374 0.376 0.376 0.374 0.376 0.378 0.375
ASN01A0147_006 0.009 0.009 0.009 0.009 0.009 0.009 0.009 0.009 0.009 0.009 0.009 0.009 0.009 0.009 0.009
ASN01A0147_007 0.115 0.116 0.116 0.116 0.115 0.115 0.116 0.116 0.116 0.117 0.115 0.117 0.116 0.115 0.116
ASN01A0147_008 0.040 0.040 0.040 0.039 0.041 0.040 0.040 0.040 0.040 0.040 0.040 0.040 0.040 0.039 0.040
ASN01A0147_009 0.019 0.018 0.018 0.019 0.019 0.018 0.019 0.019 0.019 0.019 0.019 0.019 0.019 0.018 0.019
ASN01A0147_010 0.016 0.016 0.016 0.016 0.016 0.016 0.016 0.016 0.015 0.016 0.016 0.016 0.015 0.016 0.016
ASN01A0147_011 0.033 0.033 0.033 0.033 0.033 0.033 0.033 0.033 0.034 0.033 0.033 0.033 0.033 0.033 0.033
ASN01A0147_012 0.040 0.041 0.040 0.040 0.041 0.040 0.040 0.040 0.040 0.040 0.040 0.040 0.040 0.040 0.040
