 ph              0.0   1.0   2.0   3.0   4.0   5.0   6.0   7.0   8.0   9.0  10.0  11.0  12.0  13.0  14.0
GLU01A0213_001 0.000 0.000 0.000 0.000 0.000 0.000 0.000 0.000 0.000 0.000 0.000 0.000 0.000 0.000 0.000
GLU01A0213_002 0.023 0.023 0.023 0.020 0.010 0.002 0.000 0.000 0.000 0.000 0.000 0.000 0.000 0.000 0.000
GLU01A0213_003 0.252 0.252 0.246 0.222 0.106 0.018 0.007 0.000 0.000 0.000 0.000 0.000 0.000 0.000 0.000
GLU01A0213_004 0.018 0.017 0.017 0.015 0.007 0.001 0.000 0.000 0.000 0.000 0.000 0.000 0.000 0.000 0.000
GLU01A0213_005 0.007 0.007 0.007 0.006 0.003 0.000 0.000 0.000 0.000 0.000 0.000 0.000 0.000 0.000 0.000
GLU01A0213_006 0.019 0.019 0.019 0.016 0.008 0.001 0.000 0.000 0.000 0.000 0.000 0.000 0.000 0.000 0.000
GLU01A0213_007 0.091 0.092 0.090 0.081 0.039 0.007 0.000 0.000 0.000 0.000 0.000 0.000 0.000 0.000 0.000
GLU01A0213_008 0.192 0.193 0.190 0.169 0.081 0.014 0.005 0.000 0.000 0.000 0.000 0.000 0.000 0.000 0.000
GLU02A0213_009 0.001 0.001 0.002 0.001 0.000 0.000 0.000 0.000 0.000 0.000 0.000 0.000 0.000 0.000 0.000
GLU02A0213_010 0.003 0.003 0.003 0.003 0.001 0.000 0.000 0.000 0.000 0.000 0.000 0.000 0.000 0.000 0.000
GLU02A0213_011 0.004 0.004 0.004 0.004 0.002 0.000 0.000 0.000 0.000 0.000 0.000 0.000 0.000 0.000 0.000
GLU02A0213_012 0.030 0.030 0.030 0.026 0.013 0.002 0.000 0.000 0.000 0.000 0.000 0.000 0.000 0.000 0.000
GLU02A0213_013 0.137 0.138 0.135 0.120 0.058 0.010 0.000 0.000 0.000 0.000 0.000 0.000 0.000 0.000 0.000
GLU02A0213_014 0.005 0.005 0.005 0.005 0.002 0.000 0.000 0.000 0.000 0.000 0.000 0.000 0.000 0.000 0.000
GLU02A0213_015 0.105 0.105 0.103 0.092 0.045 0.008 0.000 0.000 0.000 0.000 0.000 0.000 0.000 0.000 0.000
GLU02A0213_016 0.111 0.111 0.110 0.099 0.047 0.008 0.000 0.000 0.000 0.000 0.000 0.000 0.000 0.000 0.000
GLU-1A0213_017 0.000 0.000 0.000 0.007 0.033 0.053 0.056 0.056 0.056 0.056 0.056 0.057 0.056 0.057 0.056
GLU-1A0213_018 0.000 0.000 0.003 0.022 0.103 0.167 0.176 0.178 0.180 0.180 0.178 0.180 0.180 0.179 0.181
GLU-1A0213_019 0.000 0.000 0.007 0.054 0.255 0.408 0.435 0.443 0.441 0.440 0.439 0.442 0.440 0.442 0.439
GLU-1A0213_020 0.000 0.000 0.005 0.039 0.186 0.300 0.320 0.322 0.323 0.324 0.326 0.321 0.323 0.323 0.324
