 ph              0.0   1.0   2.0   3.0   4.0   5.0   6.0   7.0   8.0   9.0  10.0  11.0  12.0  13.0  14.0
ASP01A0160_001 0.000 0.000 0.000 0.000 0.000 0.000 0.000 0.000 0.000 0.000 0.000 0.000 0.000 0.000 0.000
ASP01A0160_002 0.016 0.016 0.015 0.014 0.007 0.000 0.000 0.000 0.000 0.000 0.000 0.000 0.000 0.000 0.000
ASP01A0160_003 0.003 0.003 0.003 0.003 0.001 0.000 0.000 0.000 0.000 0.000 0.000 0.000 0.000 0.000 0.000
ASP01A0160_004 0.140 0.138 0.139 0.121 0.057 0.010 0.001 0.000 0.000 0.000 0.000 0.000 0.000 0.000 0.000
ASP01A0160_005 0.003 0.003 0.003 0.003 0.001 0.000 0.000 0.000 0.000 0.000 0.000 0.000 0.000 0.000 0.000
ASP01A0160_006 0.267 0.268 0.265 0.235 0.110 0.020 0.003 0.000 0.000 0.000 0.000 0.000 0.000 0.000 0.000
ASP02A0160_007 0.000 0.000 0.000 0.000 0.000 0.000 0.000 0.000 0.000 0.000 0.000 0.000 0.000 0.000 0.000
ASP02A0160_008 0.010 0.010 0.010 0.009 0.004 0.000 0.000 0.000 0.000 0.000 0.000 0.000 0.000 0.000 0.000
ASP02A0160_009 0.027 0.026 0.026 0.023 0.011 0.002 0.000 0.000 0.000 0.000 0.000 0.000 0.000 0.000 0.000
ASP02A0160_010 0.017 0.016 0.016 0.014 0.007 0.001 0.000 0.000 0.000 0.000 0.000 0.000 0.000 0.000 0.000
ASP02A0160_011 0.002 0.002 0.002 0.002 0.000 0.000 0.000 0.000 0.000 0.000 0.000 0.000 0.000 0.000 0.000
ASP02A0160_012 0.482 0.482 0.474 0.419 0.196 0.036 0.004 0.000 0.000 0.000 0.000 0.000 0.000 0.000 0.000
ASP02A0160_013 0.034 0.034 0.033 0.030 0.014 0.003 0.000 0.000 0.000 0.000 0.000 0.000 0.000 0.000 0.000
ASP-1A0160_014 0.000 0.000 0.000 0.001 0.007 0.011 0.012 0.011 0.011 0.012 0.012 0.011 0.011 0.010 0.011
ASP-1A0160_015 0.000 0.002 0.011 0.087 0.405 0.633 0.678 0.682 0.674 0.677 0.682 0.685 0.681 0.678 0.683
ASP-1A0160_016 0.000 0.000 0.005 0.040 0.181 0.284 0.301 0.307 0.315 0.311 0.306 0.304 0.307 0.312 0.306
