 ph              0.0   1.0   2.0   3.0   4.0   5.0   6.0   7.0   8.0   9.0  10.0  11.0  12.0  13.0  14.0
GLU01A0225_001 0.000 0.000 0.000 0.000 0.000 0.000 0.000 0.000 0.000 0.000 0.000 0.000 0.000 0.000 0.000
GLU01A0225_002 0.001 0.001 0.001 0.001 0.000 0.000 0.000 0.000 0.000 0.000 0.000 0.000 0.000 0.000 0.000
GLU01A0225_003 0.006 0.005 0.005 0.005 0.002 0.000 0.000 0.000 0.000 0.000 0.000 0.000 0.000 0.000 0.000
GLU01A0225_004 0.020 0.020 0.019 0.018 0.008 0.002 0.000 0.000 0.000 0.000 0.000 0.000 0.000 0.000 0.000
GLU01A0225_005 0.000 0.000 0.000 0.000 0.000 0.000 0.000 0.000 0.000 0.000 0.000 0.000 0.000 0.000 0.000
GLU01A0225_006 0.002 0.002 0.002 0.002 0.000 0.000 0.000 0.000 0.000 0.000 0.000 0.000 0.000 0.000 0.000
GLU01A0225_007 0.006 0.006 0.006 0.005 0.003 0.000 0.000 0.000 0.000 0.000 0.000 0.000 0.000 0.000 0.000
GLU01A0225_008 0.012 0.012 0.012 0.011 0.005 0.000 0.000 0.000 0.000 0.000 0.000 0.000 0.000 0.000 0.000
GLU01A0225_009 0.000 0.001 0.000 0.000 0.000 0.000 0.000 0.000 0.000 0.000 0.000 0.000 0.000 0.000 0.000
GLU01A0225_010 0.228 0.227 0.225 0.201 0.099 0.021 0.005 0.000 0.000 0.000 0.000 0.000 0.000 0.000 0.000
GLU01A0225_011 0.017 0.018 0.017 0.015 0.008 0.002 0.000 0.000 0.000 0.000 0.000 0.000 0.000 0.000 0.000
GLU01A0225_012 0.031 0.031 0.030 0.027 0.013 0.003 0.000 0.000 0.000 0.000 0.000 0.000 0.000 0.000 0.000
GLU01A0225_013 0.024 0.025 0.024 0.021 0.010 0.002 0.000 0.000 0.000 0.000 0.000 0.000 0.000 0.000 0.000
GLU01A0225_014 0.226 0.227 0.221 0.200 0.097 0.021 0.005 0.000 0.000 0.000 0.000 0.000 0.000 0.000 0.000
GLU02A0225_015 0.002 0.002 0.002 0.001 0.000 0.000 0.000 0.000 0.000 0.000 0.000 0.000 0.000 0.000 0.000
GLU02A0225_016 0.018 0.018 0.018 0.016 0.008 0.000 0.000 0.000 0.000 0.000 0.000 0.000 0.000 0.000 0.000
GLU02A0225_017 0.010 0.010 0.010 0.009 0.004 0.000 0.000 0.000 0.000 0.000 0.000 0.000 0.000 0.000 0.000
GLU02A0225_018 0.008 0.008 0.008 0.007 0.004 0.000 0.000 0.000 0.000 0.000 0.000 0.000 0.000 0.000 0.000
GLU02A0225_019 0.002 0.002 0.002 0.002 0.000 0.000 0.000 0.000 0.000 0.000 0.000 0.000 0.000 0.000 0.000
GLU02A0225_020 0.003 0.003 0.003 0.003 0.001 0.000 0.000 0.000 0.000 0.000 0.000 0.000 0.000 0.000 0.000
GLU02A0225_021 0.005 0.005 0.005 0.005 0.002 0.000 0.000 0.000 0.000 0.000 0.000 0.000 0.000 0.000 0.000
GLU02A0225_022 0.005 0.005 0.005 0.004 0.002 0.000 0.000 0.000 0.000 0.000 0.000 0.000 0.000 0.000 0.000
GLU02A0225_023 0.007 0.007 0.007 0.006 0.003 0.000 0.000 0.000 0.000 0.000 0.000 0.000 0.000 0.000 0.000
GLU02A0225_024 0.011 0.010 0.010 0.009 0.005 0.000 0.000 0.000 0.000 0.000 0.000 0.000 0.000 0.000 0.000
GLU02A0225_025 0.000 0.000 0.000 0.000 0.000 0.000 0.000 0.000 0.000 0.000 0.000 0.000 0.000 0.000 0.000
GLU02A0225_026 0.085 0.086 0.084 0.075 0.037 0.008 0.000 0.000 0.000 0.000 0.000 0.000 0.000 0.000 0.000
GLU02A0225_027 0.115 0.113 0.112 0.099 0.049 0.011 0.000 0.000 0.000 0.000 0.000 0.000 0.000 0.000 0.000
GLU02A0225_028 0.156 0.157 0.154 0.138 0.067 0.015 0.003 0.000 0.000 0.000 0.000 0.000 0.000 0.000 0.000
GLU-1A0225_029 0.000 0.000 0.000 0.005 0.022 0.036 0.039 0.038 0.039 0.039 0.038 0.039 0.039 0.040 0.039
GLU-1A0225_030 0.000 0.000 0.000 0.004 0.019 0.030 0.031 0.032 0.031 0.032 0.031 0.031 0.032 0.032 0.032
GLU-1A0225_031 0.000 0.000 0.001 0.008 0.038 0.061 0.066 0.068 0.068 0.066 0.066 0.067 0.068 0.068 0.067
GLU-1A0225_032 0.000 0.000 0.010 0.070 0.331 0.527 0.572 0.575 0.579 0.579 0.582 0.579 0.574 0.577 0.581
GLU-1A0225_033 0.000 0.000 0.005 0.034 0.163 0.261 0.278 0.286 0.283 0.284 0.283 0.284 0.286 0.284 0.281
