 ph              0.0   1.0   2.0   3.0   4.0   5.0   6.0   7.0   8.0   9.0  10.0  11.0  12.0  13.0  14.0
GLN01A0187_001 0.065 0.065 0.065 0.065 0.065 0.065 0.065 0.065 0.064 0.065 0.064 0.064 0.064 0.065 0.065
GLN01A0187_002 0.000 0.000 0.000 0.000 0.000 0.000 0.000 0.000 0.000 0.000 0.000 0.000 0.000 0.000 0.000
GLN01A0187_003 0.040 0.040 0.040 0.041 0.040 0.040 0.040 0.040 0.040 0.041 0.040 0.040 0.040 0.040 0.040
GLN01A0187_004 0.100 0.099 0.102 0.100 0.100 0.100 0.100 0.100 0.100 0.101 0.100 0.100 0.101 0.099 0.100
GLN01A0187_005 0.000 0.000 0.000 0.000 0.000 0.000 0.000 0.000 0.000 0.000 0.000 0.000 0.000 0.000 0.000
GLN01A0187_006 0.010 0.010 0.011 0.011 0.010 0.011 0.011 0.011 0.011 0.011 0.011 0.011 0.011 0.011 0.011
GLN01A0187_007 0.000 0.000 0.000 0.000 0.000 0.000 0.000 0.000 0.000 0.000 0.000 0.000 0.000 0.000 0.000
GLN01A0187_008 0.041 0.041 0.041 0.041 0.041 0.041 0.041 0.041 0.041 0.041 0.041 0.042 0.041 0.041 0.041
GLN01A0187_009 0.000 0.000 0.000 0.000 0.000 0.000 0.000 0.000 0.000 0.000 0.000 0.000 0.000 0.000 0.000
GLN01A0187_010 0.183 0.184 0.182 0.183 0.183 0.185 0.183 0.184 0.183 0.184 0.183 0.184 0.183 0.183 0.184
GLN01A0187_011 0.000 0.000 0.000 0.000 0.000 0.000 0.000 0.000 0.000 0.000 0.000 0.000 0.000 0.000 0.000
GLN01A0187_012 0.179 0.180 0.180 0.181 0.180 0.180 0.182 0.179 0.180 0.179 0.180 0.180 0.181 0.181 0.179
GLN01A0187_013 0.068 0.067 0.068 0.067 0.068 0.067 0.067 0.067 0.068 0.067 0.067 0.067 0.068 0.067 0.067
GLN01A0187_014 0.000 0.000 0.000 0.000 0.000 0.000 0.000 0.000 0.000 0.000 0.000 0.000 0.000 0.000 0.000
GLN01A0187_015 0.307 0.308 0.307 0.305 0.308 0.307 0.306 0.308 0.308 0.305 0.308 0.308 0.306 0.308 0.307
GLN01A0187_016 0.004 0.004 0.003 0.004 0.004 0.004 0.004 0.004 0.004 0.003 0.004 0.004 0.004 0.004 0.004
GLN01A0187_017 0.001 0.001 0.000 0.001 0.000 0.000 0.001 0.001 0.000 0.001 0.000 0.000 0.000 0.000 0.001
GLN01A0187_018 0.001 0.001 0.000 0.001 0.000 0.000 0.001 0.000 0.001 0.000 0.001 0.001 0.000 0.000 0.001
GLN01A0187_019 0.000 0.000 0.000 0.000 0.000 0.000 0.000 0.000 0.000 0.000 0.000 0.000 0.000 0.000 0.000
