 ph              0.0   1.0   2.0   3.0   4.0   5.0   6.0   7.0   8.0   9.0  10.0  11.0  12.0  13.0  14.0
TYR01A0182_001 0.013 0.013 0.013 0.013 0.013 0.013 0.012 0.013 0.013 0.010 0.003 0.000 0.000 0.000 0.000
TYR01A0182_002 0.113 0.112 0.113 0.115 0.113 0.115 0.115 0.115 0.110 0.088 0.030 0.005 0.000 0.000 0.000
TYR01A0182_003 0.000 0.000 0.000 0.000 0.000 0.000 0.000 0.000 0.000 0.000 0.000 0.000 0.000 0.000 0.000
TYR01A0182_004 0.007 0.007 0.007 0.007 0.007 0.007 0.007 0.007 0.007 0.005 0.002 0.000 0.000 0.000 0.000
TYR01A0182_005 0.015 0.015 0.015 0.015 0.015 0.015 0.015 0.015 0.015 0.012 0.004 0.000 0.000 0.000 0.000
TYR01A0182_006 0.000 0.000 0.000 0.000 0.000 0.000 0.000 0.000 0.000 0.000 0.000 0.000 0.000 0.000 0.000
TYR01A0182_007 0.000 0.000 0.000 0.000 0.000 0.000 0.000 0.000 0.000 0.000 0.000 0.000 0.000 0.000 0.000
TYR01A0182_008 0.000 0.000 0.000 0.000 0.000 0.000 0.000 0.000 0.000 0.000 0.000 0.000 0.000 0.000 0.000
TYR01A0182_009 0.436 0.434 0.436 0.434 0.435 0.433 0.435 0.430 0.420 0.341 0.114 0.017 0.002 0.000 0.000
TYR01A0182_010 0.000 0.000 0.000 0.000 0.000 0.000 0.000 0.000 0.000 0.000 0.000 0.000 0.000 0.000 0.000
TYR01A0182_011 0.415 0.419 0.416 0.416 0.416 0.416 0.416 0.415 0.405 0.322 0.109 0.016 0.002 0.000 0.000
TYR01A0182_012 0.000 0.000 0.000 0.000 0.000 0.000 0.000 0.000 0.000 0.000 0.000 0.000 0.000 0.000 0.000
TYR-1A0182_013 0.000 0.000 0.000 0.000 0.000 0.000 0.000 0.000 0.000 0.003 0.012 0.016 0.016 0.017 0.017
TYR-1A0182_014 0.000 0.000 0.000 0.000 0.000 0.000 0.000 0.000 0.000 0.000 0.000 0.000 0.000 0.000 0.000
TYR-1A0182_015 0.000 0.000 0.000 0.000 0.000 0.000 0.000 0.000 0.009 0.061 0.205 0.264 0.273 0.273 0.276
TYR-1A0182_016 0.000 0.000 0.000 0.000 0.000 0.000 0.000 0.000 0.000 0.000 0.000 0.000 0.000 0.000 0.000
TYR-1A0182_017 0.000 0.000 0.000 0.000 0.000 0.000 0.000 0.000 0.000 0.002 0.005 0.007 0.007 0.007 0.007
TYR-1A0182_018 0.000 0.000 0.000 0.000 0.000 0.000 0.000 0.000 0.001 0.009 0.031 0.041 0.041 0.043 0.042
TYR-1A0182_019 0.000 0.000 0.000 0.000 0.000 0.000 0.000 0.005 0.017 0.121 0.400 0.525 0.545 0.547 0.545
TYR-1A0182_020 0.000 0.000 0.000 0.000 0.000 0.000 0.000 0.000 0.000 0.000 0.000 0.000 0.000 0.000 0.000
TYR-1A0182_021 0.000 0.000 0.000 0.000 0.000 0.000 0.000 0.000 0.000 0.000 0.000 0.000 0.000 0.000 0.000
TYR-1A0182_022 0.000 0.000 0.000 0.000 0.000 0.000 0.000 0.000 0.003 0.025 0.084 0.109 0.113 0.113 0.114
TYR-1A0182_023 0.000 0.000 0.000 0.000 0.000 0.000 0.000 0.000 0.000 0.000 0.000 0.000 0.000 0.000 0.000
TYR-1A0182_024 0.000 0.000 0.000 0.000 0.000 0.000 0.000 0.000 0.000 0.000 0.000 0.000 0.000 0.000 0.000
