 ph              0.0   1.0   2.0   3.0   4.0   5.0   6.0   7.0   8.0   9.0  10.0  11.0  12.0  13.0  14.0
PHE01A0095_001 0.299 0.299 0.299 0.301 0.299 0.300 0.301 0.298 0.300 0.300 0.300 0.299 0.300 0.301 0.299
PHE01A0095_002 0.000 0.000 0.000 0.000 0.000 0.000 0.000 0.000 0.000 0.000 0.000 0.000 0.000 0.000 0.000
PHE01A0095_003 0.182 0.183 0.183 0.182 0.183 0.183 0.181 0.182 0.182 0.181 0.182 0.181 0.182 0.181 0.182
PHE01A0095_004 0.000 0.000 0.001 0.000 0.000 0.000 0.000 0.000 0.000 0.000 0.001 0.000 0.000 0.000 0.000
PHE01A0095_005 0.439 0.438 0.439 0.438 0.439 0.436 0.439 0.440 0.439 0.439 0.438 0.439 0.438 0.438 0.439
PHE01A0095_006 0.000 0.000 0.000 0.000 0.000 0.000 0.000 0.000 0.000 0.000 0.000 0.000 0.000 0.000 0.000
PHE01A0095_007 0.058 0.058 0.057 0.058 0.057 0.058 0.058 0.058 0.058 0.058 0.058 0.058 0.058 0.058 0.058
PHE01A0095_008 0.000 0.000 0.000 0.000 0.000 0.000 0.000 0.000 0.000 0.000 0.000 0.000 0.000 0.000 0.000
PHE01A0095_009 0.000 0.000 0.000 0.000 0.000 0.000 0.000 0.000 0.000 0.000 0.000 0.000 0.000 0.000 0.000
PHE01A0095_010 0.022 0.022 0.021 0.021 0.022 0.022 0.021 0.022 0.021 0.022 0.022 0.022 0.022 0.021 0.021
