 ph              0.0   1.0   2.0   3.0   4.0   5.0   6.0   7.0   8.0   9.0  10.0  11.0  12.0  13.0  14.0
ASP01A0091_001 0.000 0.000 0.000 0.000 0.000 0.000 0.000 0.000 0.000 0.000 0.000 0.000 0.000 0.000 0.000
ASP01A0091_002 0.004 0.004 0.005 0.004 0.002 0.000 0.000 0.000 0.000 0.000 0.000 0.000 0.000 0.000 0.000
ASP01A0091_003 0.017 0.016 0.017 0.015 0.009 0.002 0.000 0.000 0.000 0.000 0.000 0.000 0.000 0.000 0.000
ASP01A0091_004 0.000 0.000 0.000 0.000 0.000 0.000 0.000 0.000 0.000 0.000 0.000 0.000 0.000 0.000 0.000
ASP01A0091_005 0.000 0.000 0.000 0.000 0.000 0.000 0.000 0.000 0.000 0.000 0.000 0.000 0.000 0.000 0.000
ASP01A0091_006 0.001 0.001 0.001 0.001 0.000 0.000 0.000 0.000 0.000 0.000 0.000 0.000 0.000 0.000 0.000
ASP01A0091_007 0.000 0.000 0.000 0.000 0.000 0.000 0.000 0.000 0.000 0.000 0.000 0.000 0.000 0.000 0.000
ASP01A0091_008 0.018 0.018 0.018 0.017 0.010 0.002 0.000 0.000 0.000 0.000 0.000 0.000 0.000 0.000 0.000
ASP01A0091_009 0.113 0.113 0.111 0.103 0.059 0.012 0.002 0.000 0.000 0.000 0.000 0.000 0.000 0.000 0.000
ASP01A0091_010 0.130 0.129 0.128 0.119 0.067 0.013 0.002 0.000 0.000 0.000 0.000 0.000 0.000 0.000 0.000
ASP01A0091_011 0.252 0.252 0.251 0.231 0.130 0.026 0.004 0.000 0.000 0.000 0.000 0.000 0.000 0.000 0.000
ASP02A0091_012 0.000 0.000 0.000 0.000 0.000 0.000 0.000 0.000 0.000 0.000 0.000 0.000 0.000 0.000 0.000
ASP02A0091_013 0.013 0.013 0.014 0.012 0.007 0.001 0.000 0.000 0.000 0.000 0.000 0.000 0.000 0.000 0.000
ASP02A0091_014 0.000 0.000 0.000 0.000 0.000 0.000 0.000 0.000 0.000 0.000 0.000 0.000 0.000 0.000 0.000
ASP02A0091_015 0.000 0.000 0.000 0.000 0.000 0.000 0.000 0.000 0.000 0.000 0.000 0.000 0.000 0.000 0.000
ASP02A0091_016 0.208 0.207 0.206 0.191 0.107 0.021 0.003 0.000 0.000 0.000 0.000 0.000 0.000 0.000 0.000
ASP02A0091_017 0.014 0.014 0.014 0.013 0.008 0.001 0.000 0.000 0.000 0.000 0.000 0.000 0.000 0.000 0.000
ASP02A0091_018 0.000 0.000 0.000 0.000 0.000 0.000 0.000 0.000 0.000 0.000 0.000 0.000 0.000 0.000 0.000
ASP02A0091_019 0.004 0.004 0.004 0.004 0.002 0.000 0.000 0.000 0.000 0.000 0.000 0.000 0.000 0.000 0.000
ASP02A0091_020 0.007 0.006 0.006 0.006 0.003 0.000 0.000 0.000 0.000 0.000 0.000 0.000 0.000 0.000 0.000
ASP02A0091_021 0.084 0.083 0.083 0.077 0.044 0.009 0.000 0.000 0.000 0.000 0.000 0.000 0.000 0.000 0.000
ASP02A0091_022 0.134 0.136 0.133 0.123 0.070 0.014 0.002 0.000 0.000 0.000 0.000 0.000 0.000 0.000 0.000
ASP-1A0091_023 0.000 0.000 0.000 0.000 0.000 0.000 0.000 0.000 0.000 0.000 0.000 0.000 0.000 0.000 0.000
ASP-1A0091_024 0.000 0.000 0.001 0.011 0.065 0.119 0.129 0.135 0.132 0.132 0.132 0.132 0.133 0.133 0.135
ASP-1A0091_025 0.000 0.000 0.006 0.052 0.294 0.550 0.608 0.609 0.615 0.615 0.612 0.613 0.611 0.610 0.608
ASP-1A0091_026 0.000 0.000 0.000 0.000 0.000 0.000 0.000 0.001 0.000 0.000 0.001 0.001 0.000 0.000 0.000
ASP-1A0091_027 0.000 0.000 0.002 0.022 0.123 0.230 0.249 0.255 0.253 0.253 0.256 0.255 0.257 0.257 0.257
