 ph              0.0   1.0   2.0   3.0   4.0   5.0   6.0   7.0   8.0   9.0  10.0  11.0  12.0  13.0  14.0
LEU01A0008_001 0.385 0.382 0.383 0.382 0.385 0.384 0.383 0.384 0.383 0.380 0.384 0.384 0.381 0.382 0.383
LEU01A0008_002 0.276 0.277 0.277 0.278 0.277 0.278 0.277 0.277 0.278 0.277 0.276 0.278 0.277 0.277 0.278
LEU01A0008_003 0.000 0.000 0.000 0.000 0.000 0.000 0.000 0.000 0.000 0.000 0.000 0.000 0.000 0.000 0.000
LEU01A0008_004 0.007 0.007 0.007 0.007 0.007 0.007 0.007 0.007 0.007 0.007 0.007 0.007 0.007 0.007 0.007
LEU01A0008_005 0.011 0.011 0.011 0.011 0.011 0.011 0.011 0.011 0.011 0.011 0.011 0.011 0.011 0.011 0.011
LEU01A0008_006 0.000 0.000 0.000 0.000 0.000 0.000 0.000 0.000 0.000 0.000 0.000 0.000 0.000 0.000 0.000
LEU01A0008_007 0.002 0.002 0.002 0.002 0.002 0.002 0.002 0.002 0.002 0.002 0.002 0.002 0.002 0.002 0.002
LEU01A0008_008 0.082 0.082 0.082 0.082 0.081 0.081 0.082 0.081 0.082 0.083 0.082 0.081 0.082 0.081 0.081
LEU01A0008_009 0.020 0.020 0.020 0.020 0.020 0.019 0.020 0.020 0.019 0.020 0.020 0.020 0.020 0.020 0.020
LEU01A0008_010 0.144 0.145 0.144 0.143 0.144 0.144 0.145 0.144 0.145 0.146 0.145 0.145 0.146 0.146 0.144
LEU01A0008_011 0.070 0.070 0.070 0.070 0.070 0.069 0.070 0.069 0.069 0.070 0.070 0.069 0.071 0.070 0.070
LEU01A0008_012 0.004 0.004 0.004 0.004 0.004 0.004 0.004 0.004 0.004 0.004 0.004 0.004 0.004 0.004 0.004
