 ph              0.0   1.0   2.0   3.0   4.0   5.0   6.0   7.0   8.0   9.0  10.0  11.0  12.0  13.0  14.0
ASN01A0097_001 0.091 0.089 0.090 0.089 0.090 0.090 0.090 0.089 0.090 0.090 0.090 0.090 0.089 0.090 0.090
ASN01A0097_002 0.005 0.005 0.005 0.005 0.005 0.005 0.005 0.005 0.005 0.005 0.005 0.005 0.005 0.005 0.005
ASN01A0097_003 0.030 0.030 0.030 0.030 0.030 0.030 0.030 0.030 0.030 0.030 0.030 0.030 0.029 0.030 0.030
ASN01A0097_004 0.063 0.064 0.063 0.063 0.063 0.063 0.063 0.063 0.064 0.064 0.063 0.062 0.063 0.063 0.063
ASN01A0097_005 0.077 0.076 0.076 0.076 0.076 0.077 0.076 0.076 0.076 0.077 0.077 0.076 0.076 0.076 0.076
ASN01A0097_006 0.458 0.462 0.463 0.464 0.464 0.463 0.463 0.465 0.463 0.463 0.463 0.466 0.466 0.465 0.463
ASN01A0097_007 0.122 0.121 0.121 0.121 0.120 0.120 0.121 0.121 0.120 0.120 0.120 0.120 0.120 0.121 0.121
ASN01A0097_008 0.149 0.147 0.148 0.148 0.147 0.148 0.148 0.147 0.147 0.146 0.146 0.146 0.147 0.146 0.147
ASN01A0097_009 0.004 0.004 0.004 0.004 0.004 0.004 0.004 0.004 0.004 0.004 0.004 0.004 0.004 0.004 0.004
