 ph              0.0   1.0   2.0   3.0   4.0   5.0   6.0   7.0   8.0   9.0  10.0  11.0  12.0  13.0  14.0
ASP01A0213_001 0.000 0.000 0.000 0.000 0.000 0.000 0.000 0.000 0.000 0.000 0.000 0.000 0.000 0.000 0.000
ASP01A0213_002 0.006 0.006 0.006 0.005 0.002 0.000 0.000 0.000 0.000 0.000 0.000 0.000 0.000 0.000 0.000
ASP01A0213_003 0.000 0.000 0.000 0.000 0.000 0.000 0.000 0.000 0.000 0.000 0.000 0.000 0.000 0.000 0.000
ASP01A0213_004 0.343 0.342 0.336 0.283 0.115 0.018 0.003 0.000 0.000 0.000 0.000 0.000 0.000 0.000 0.000
ASP01A0213_005 0.000 0.000 0.000 0.000 0.000 0.000 0.000 0.000 0.000 0.000 0.000 0.000 0.000 0.000 0.000
ASP01A0213_006 0.082 0.082 0.080 0.068 0.027 0.004 0.000 0.000 0.000 0.000 0.000 0.000 0.000 0.000 0.000
ASP02A0213_007 0.000 0.000 0.000 0.000 0.000 0.000 0.000 0.000 0.000 0.000 0.000 0.000 0.000 0.000 0.000
ASP02A0213_008 0.002 0.002 0.002 0.002 0.000 0.000 0.000 0.000 0.000 0.000 0.000 0.000 0.000 0.000 0.000
ASP02A0213_009 0.132 0.136 0.131 0.112 0.044 0.007 0.000 0.000 0.000 0.000 0.000 0.000 0.000 0.000 0.000
ASP02A0213_010 0.033 0.032 0.032 0.027 0.011 0.002 0.000 0.000 0.000 0.000 0.000 0.000 0.000 0.000 0.000
ASP02A0213_011 0.024 0.023 0.023 0.019 0.008 0.001 0.000 0.000 0.000 0.000 0.000 0.000 0.000 0.000 0.000
ASP02A0213_012 0.009 0.009 0.009 0.007 0.003 0.000 0.000 0.000 0.000 0.000 0.000 0.000 0.000 0.000 0.000
ASP02A0213_013 0.368 0.365 0.361 0.306 0.124 0.019 0.004 0.000 0.000 0.000 0.000 0.000 0.000 0.000 0.000
ASP-1A0213_014 0.000 0.000 0.000 0.000 0.003 0.004 0.004 0.004 0.004 0.004 0.004 0.003 0.004 0.004 0.004
ASP-1A0213_015 0.000 0.002 0.010 0.089 0.346 0.488 0.519 0.519 0.521 0.522 0.516 0.517 0.520 0.521 0.518
ASP-1A0213_016 0.000 0.000 0.010 0.081 0.317 0.457 0.470 0.477 0.475 0.474 0.480 0.480 0.476 0.475 0.477
