 ph              0.0   1.0   2.0   3.0   4.0   5.0   6.0   7.0   8.0   9.0  10.0  11.0  12.0  13.0  14.0
TYR01A0146_001 0.314 0.314 0.312 0.314 0.313 0.312 0.312 0.314 0.305 0.238 0.075 0.010 0.000 0.000 0.000
TYR01A0146_002 0.007 0.008 0.007 0.007 0.007 0.007 0.007 0.007 0.007 0.006 0.002 0.000 0.000 0.000 0.000
TYR01A0146_003 0.000 0.000 0.000 0.000 0.000 0.000 0.000 0.000 0.000 0.000 0.000 0.000 0.000 0.000 0.000
TYR01A0146_004 0.000 0.000 0.000 0.000 0.000 0.000 0.000 0.000 0.000 0.000 0.000 0.000 0.000 0.000 0.000
TYR01A0146_005 0.000 0.000 0.000 0.000 0.000 0.000 0.000 0.000 0.000 0.000 0.000 0.000 0.000 0.000 0.000
TYR01A0146_006 0.000 0.000 0.000 0.000 0.000 0.000 0.000 0.000 0.000 0.000 0.000 0.000 0.000 0.000 0.000
TYR01A0146_007 0.000 0.000 0.000 0.000 0.000 0.000 0.000 0.000 0.000 0.000 0.000 0.000 0.000 0.000 0.000
TYR01A0146_008 0.000 0.000 0.000 0.000 0.000 0.000 0.000 0.000 0.000 0.000 0.000 0.000 0.000 0.000 0.000
TYR01A0146_009 0.457 0.456 0.459 0.455 0.457 0.457 0.459 0.452 0.437 0.348 0.109 0.015 0.005 0.000 0.000
TYR01A0146_010 0.072 0.072 0.072 0.073 0.072 0.074 0.072 0.072 0.072 0.056 0.018 0.002 0.000 0.000 0.000
TYR01A0146_011 0.009 0.009 0.009 0.009 0.009 0.009 0.009 0.009 0.009 0.007 0.002 0.000 0.000 0.000 0.000
TYR01A0146_012 0.000 0.000 0.000 0.000 0.000 0.000 0.000 0.000 0.000 0.000 0.000 0.000 0.000 0.000 0.000
TYR01A0146_013 0.000 0.000 0.000 0.000 0.000 0.000 0.000 0.000 0.000 0.000 0.000 0.000 0.000 0.000 0.000
TYR01A0146_014 0.141 0.140 0.140 0.142 0.142 0.140 0.141 0.141 0.137 0.105 0.033 0.005 0.000 0.000 0.000
TYR-1A0146_015 0.000 0.000 0.000 0.000 0.000 0.000 0.000 0.002 0.013 0.092 0.290 0.365 0.375 0.379 0.378
TYR-1A0146_016 0.000 0.000 0.000 0.000 0.000 0.000 0.000 0.000 0.000 0.003 0.010 0.012 0.012 0.012 0.012
TYR-1A0146_017 0.000 0.000 0.000 0.000 0.000 0.000 0.000 0.000 0.000 0.000 0.000 0.000 0.000 0.000 0.000
TYR-1A0146_018 0.000 0.000 0.000 0.000 0.000 0.000 0.000 0.000 0.000 0.000 0.000 0.000 0.000 0.000 0.000
TYR-1A0146_019 0.000 0.000 0.000 0.000 0.000 0.000 0.000 0.002 0.012 0.085 0.265 0.339 0.351 0.349 0.349
TYR-1A0146_020 0.000 0.000 0.000 0.000 0.000 0.000 0.000 0.000 0.000 0.000 0.000 0.000 0.000 0.000 0.000
TYR-1A0146_021 0.000 0.000 0.000 0.000 0.000 0.000 0.000 0.000 0.000 0.000 0.000 0.000 0.000 0.000 0.000
TYR-1A0146_022 0.000 0.000 0.000 0.000 0.000 0.000 0.000 0.000 0.003 0.020 0.064 0.081 0.082 0.083 0.084
TYR-1A0146_023 0.000 0.000 0.000 0.000 0.000 0.000 0.000 0.000 0.006 0.040 0.127 0.163 0.166 0.167 0.167
TYR-1A0146_024 0.000 0.000 0.000 0.000 0.000 0.000 0.000 0.000 0.000 0.000 0.000 0.000 0.000 0.000 0.000
TYR-1A0146_025 0.000 0.000 0.000 0.000 0.000 0.000 0.000 0.000 0.000 0.000 0.000 0.000 0.000 0.000 0.000
TYR-1A0146_026 0.000 0.000 0.000 0.000 0.000 0.000 0.000 0.000 0.000 0.000 0.000 0.000 0.000 0.000 0.000
TYR-1A0146_027 0.000 0.000 0.000 0.000 0.000 0.000 0.000 0.000 0.000 0.002 0.007 0.009 0.009 0.009 0.009
TYR-1A0146_028 0.000 0.000 0.000 0.000 0.000 0.000 0.000 0.000 0.000 0.000 0.000 0.000 0.000 0.000 0.000
