 ph              0.0   1.0   2.0   3.0   4.0   5.0   6.0   7.0   8.0   9.0  10.0  11.0  12.0  13.0  14.0
ASN01A0144_001 0.047 0.047 0.047 0.047 0.047 0.046 0.047 0.047 0.047 0.047 0.047 0.047 0.048 0.047 0.047
ASN01A0144_002 0.003 0.003 0.003 0.003 0.003 0.003 0.003 0.003 0.003 0.003 0.003 0.003 0.003 0.003 0.003
ASN01A0144_003 0.092 0.093 0.092 0.093 0.094 0.092 0.092 0.092 0.093 0.093 0.093 0.092 0.092 0.093 0.093
ASN01A0144_004 0.013 0.014 0.014 0.014 0.014 0.014 0.014 0.014 0.014 0.014 0.014 0.014 0.014 0.014 0.013
ASN01A0144_005 0.000 0.000 0.000 0.000 0.000 0.000 0.000 0.000 0.000 0.000 0.000 0.000 0.000 0.000 0.000
ASN01A0144_006 0.004 0.004 0.004 0.004 0.004 0.004 0.004 0.004 0.004 0.004 0.004 0.004 0.004 0.004 0.004
ASN01A0144_007 0.202 0.202 0.202 0.201 0.202 0.202 0.202 0.203 0.201 0.202 0.202 0.202 0.201 0.202 0.203
ASN01A0144_008 0.026 0.026 0.026 0.026 0.026 0.026 0.026 0.026 0.026 0.026 0.026 0.026 0.026 0.026 0.026
ASN01A0144_009 0.052 0.052 0.052 0.052 0.052 0.052 0.051 0.052 0.052 0.052 0.051 0.052 0.052 0.051 0.052
ASN01A0144_010 0.120 0.121 0.120 0.119 0.119 0.119 0.120 0.120 0.120 0.120 0.120 0.119 0.121 0.120 0.120
ASN01A0144_011 0.000 0.000 0.000 0.000 0.000 0.000 0.000 0.000 0.000 0.000 0.000 0.000 0.000 0.000 0.000
ASN01A0144_012 0.252 0.249 0.250 0.252 0.250 0.250 0.251 0.249 0.251 0.250 0.251 0.251 0.250 0.250 0.250
ASN01A0144_013 0.190 0.191 0.190 0.190 0.191 0.190 0.190 0.190 0.190 0.190 0.189 0.190 0.189 0.190 0.189
