 ph              0.0   1.0   2.0   3.0   4.0   5.0   6.0   7.0   8.0   9.0  10.0  11.0  12.0  13.0  14.0
LYS01A0156_001 0.000 0.000 0.000 0.000 0.000 0.000 0.000 0.000 0.000 0.000 0.000 0.000 0.000 0.000 0.000
LYS01A0156_002 0.000 0.000 0.000 0.000 0.000 0.000 0.000 0.000 0.000 0.003 0.019 0.058 0.075 0.078 0.079
LYS01A0156_003 0.000 0.000 0.000 0.000 0.000 0.000 0.000 0.000 0.006 0.022 0.150 0.457 0.594 0.606 0.612
LYS01A0156_004 0.000 0.000 0.000 0.000 0.000 0.000 0.000 0.000 0.000 0.000 0.000 0.002 0.002 0.002 0.002
LYS01A0156_005 0.000 0.000 0.000 0.000 0.000 0.000 0.000 0.000 0.000 0.000 0.000 0.000 0.000 0.000 0.000
LYS01A0156_006 0.000 0.000 0.000 0.000 0.000 0.000 0.000 0.000 0.000 0.000 0.002 0.008 0.010 0.010 0.010
LYS01A0156_007 0.000 0.000 0.000 0.000 0.000 0.000 0.000 0.000 0.000 0.000 0.000 0.000 0.000 0.000 0.000
LYS01A0156_008 0.000 0.000 0.000 0.000 0.000 0.000 0.000 0.000 0.000 0.000 0.000 0.002 0.002 0.002 0.002
LYS01A0156_009 0.000 0.000 0.000 0.000 0.000 0.000 0.000 0.000 0.000 0.000 0.000 0.000 0.001 0.001 0.001
LYS01A0156_010 0.000 0.000 0.000 0.000 0.000 0.000 0.000 0.000 0.000 0.000 0.000 0.000 0.000 0.000 0.000
LYS01A0156_011 0.000 0.000 0.000 0.000 0.000 0.000 0.000 0.000 0.000 0.000 0.000 0.000 0.000 0.000 0.000
LYS01A0156_012 0.000 0.000 0.000 0.000 0.000 0.000 0.000 0.000 0.000 0.000 0.000 0.000 0.000 0.000 0.000
LYS01A0156_013 0.000 0.000 0.000 0.000 0.000 0.000 0.000 0.000 0.000 0.005 0.032 0.097 0.126 0.131 0.131
LYS01A0156_014 0.000 0.000 0.000 0.000 0.000 0.000 0.000 0.000 0.000 0.000 0.002 0.005 0.007 0.007 0.008
LYS01A0156_015 0.000 0.000 0.000 0.000 0.000 0.000 0.000 0.000 0.000 0.000 0.000 0.000 0.000 0.000 0.000
LYS01A0156_016 0.000 0.000 0.000 0.000 0.000 0.000 0.000 0.000 0.000 0.000 0.000 0.000 0.000 0.000 0.000
LYS01A0156_017 0.000 0.000 0.000 0.000 0.000 0.000 0.000 0.000 0.000 0.000 0.000 0.002 0.002 0.002 0.002
LYS01A0156_018 0.000 0.000 0.000 0.000 0.000 0.000 0.000 0.000 0.000 0.000 0.008 0.024 0.030 0.032 0.033
LYS01A0156_019 0.000 0.000 0.000 0.000 0.000 0.000 0.000 0.000 0.000 0.000 0.000 0.000 0.000 0.000 0.000
LYS01A0156_020 0.000 0.000 0.000 0.000 0.000 0.000 0.000 0.000 0.000 0.004 0.029 0.090 0.115 0.120 0.118
LYS01A0156_021 0.000 0.000 0.000 0.000 0.000 0.000 0.000 0.000 0.000 0.000 0.000 0.000 0.000 0.000 0.000
LYS+1A0156_022 0.000 0.000 0.000 0.000 0.000 0.000 0.000 0.000 0.000 0.000 0.000 0.000 0.000 0.000 0.000
LYS+1A0156_023 0.059 0.058 0.059 0.060 0.056 0.058 0.058 0.059 0.059 0.057 0.044 0.015 0.002 0.000 0.000
LYS+1A0156_024 0.000 0.000 0.000 0.000 0.000 0.000 0.000 0.000 0.000 0.000 0.000 0.000 0.000 0.000 0.000
LYS+1A0156_025 0.614 0.614 0.615 0.611 0.615 0.619 0.617 0.615 0.611 0.594 0.465 0.158 0.022 0.006 0.000
LYS+1A0156_026 0.002 0.002 0.002 0.002 0.002 0.002 0.002 0.002 0.002 0.002 0.002 0.000 0.000 0.000 0.000
LYS+1A0156_027 0.000 0.000 0.000 0.000 0.000 0.000 0.000 0.000 0.000 0.000 0.000 0.000 0.000 0.000 0.000
LYS+1A0156_028 0.009 0.009 0.009 0.009 0.009 0.009 0.009 0.009 0.009 0.009 0.007 0.002 0.000 0.000 0.000
LYS+1A0156_029 0.000 0.000 0.000 0.000 0.000 0.000 0.000 0.000 0.000 0.000 0.000 0.000 0.000 0.000 0.000
LYS+1A0156_030 0.000 0.000 0.000 0.000 0.000 0.000 0.000 0.000 0.000 0.000 0.000 0.000 0.000 0.000 0.000
LYS+1A0156_031 0.002 0.002 0.003 0.002 0.002 0.002 0.003 0.002 0.002 0.002 0.002 0.000 0.000 0.000 0.000
LYS+1A0156_032 0.000 0.000 0.000 0.000 0.000 0.000 0.000 0.000 0.000 0.000 0.000 0.000 0.000 0.000 0.000
LYS+1A0156_033 0.000 0.000 0.000 0.000 0.000 0.000 0.000 0.000 0.000 0.000 0.000 0.000 0.000 0.000 0.000
LYS+1A0156_034 0.000 0.000 0.000 0.000 0.000 0.000 0.000 0.000 0.000 0.000 0.000 0.000 0.000 0.000 0.000
LYS+1A0156_035 0.000 0.000 0.000 0.000 0.000 0.000 0.000 0.000 0.000 0.000 0.000 0.000 0.000 0.000 0.000
LYS+1A0156_036 0.174 0.173 0.171 0.175 0.175 0.170 0.171 0.171 0.170 0.167 0.132 0.045 0.006 0.000 0.000
LYS+1A0156_037 0.008 0.008 0.008 0.008 0.008 0.008 0.009 0.008 0.008 0.008 0.006 0.002 0.000 0.000 0.000
LYS+1A0156_038 0.000 0.000 0.000 0.000 0.000 0.000 0.000 0.000 0.000 0.000 0.000 0.000 0.000 0.000 0.000
LYS+1A0156_039 0.003 0.003 0.003 0.003 0.002 0.003 0.003 0.003 0.003 0.003 0.002 0.000 0.000 0.000 0.000
LYS+1A0156_040 0.033 0.033 0.034 0.033 0.033 0.033 0.033 0.033 0.033 0.032 0.026 0.008 0.001 0.000 0.000
LYS+1A0156_041 0.000 0.000 0.000 0.000 0.000 0.000 0.000 0.000 0.000 0.000 0.000 0.000 0.000 0.000 0.000
LYS+1A0156_042 0.095 0.097 0.096 0.096 0.096 0.095 0.095 0.097 0.096 0.092 0.073 0.024 0.004 0.000 0.000
