 ph              0.0   1.0   2.0   3.0   4.0   5.0   6.0   7.0   8.0   9.0  10.0  11.0  12.0  13.0  14.0
GLU01A0124_001 0.001 0.001 0.001 0.000 0.000 0.000 0.000 0.000 0.000 0.000 0.000 0.000 0.000 0.000 0.000
GLU01A0124_002 0.046 0.045 0.043 0.032 0.010 0.000 0.000 0.000 0.000 0.000 0.000 0.000 0.000 0.000 0.000
GLU01A0124_003 0.022 0.022 0.021 0.016 0.005 0.000 0.000 0.000 0.000 0.000 0.000 0.000 0.000 0.000 0.000
GLU01A0124_004 0.061 0.061 0.058 0.044 0.013 0.002 0.000 0.000 0.000 0.000 0.000 0.000 0.000 0.000 0.000
GLU01A0124_005 0.004 0.004 0.004 0.003 0.000 0.000 0.000 0.000 0.000 0.000 0.000 0.000 0.000 0.000 0.000
GLU01A0124_006 0.007 0.006 0.006 0.005 0.001 0.000 0.000 0.000 0.000 0.000 0.000 0.000 0.000 0.000 0.000
GLU01A0124_007 0.120 0.120 0.113 0.086 0.025 0.005 0.000 0.000 0.000 0.000 0.000 0.000 0.000 0.000 0.000
GLU02A0124_008 0.001 0.001 0.001 0.001 0.000 0.000 0.000 0.000 0.000 0.000 0.000 0.000 0.000 0.000 0.000
GLU02A0124_009 0.070 0.069 0.067 0.050 0.015 0.003 0.000 0.000 0.000 0.000 0.000 0.000 0.000 0.000 0.000
GLU02A0124_010 0.026 0.026 0.024 0.019 0.005 0.000 0.000 0.000 0.000 0.000 0.000 0.000 0.000 0.000 0.000
GLU02A0124_011 0.012 0.012 0.012 0.009 0.003 0.000 0.000 0.000 0.000 0.000 0.000 0.000 0.000 0.000 0.000
GLU02A0124_012 0.032 0.031 0.030 0.022 0.007 0.000 0.000 0.000 0.000 0.000 0.000 0.000 0.000 0.000 0.000
GLU02A0124_013 0.175 0.177 0.171 0.128 0.037 0.007 0.001 0.000 0.000 0.000 0.000 0.000 0.000 0.000 0.000
GLU02A0124_014 0.424 0.418 0.410 0.312 0.087 0.016 0.003 0.000 0.000 0.000 0.000 0.000 0.000 0.000 0.000
GLU-1A0124_015 0.000 0.000 0.000 0.006 0.016 0.020 0.022 0.021 0.021 0.022 0.021 0.021 0.022 0.021 0.022
GLU-1A0124_016 0.000 0.005 0.031 0.210 0.611 0.744 0.767 0.769 0.771 0.766 0.765 0.769 0.772 0.773 0.768
GLU-1A0124_017 0.000 0.000 0.008 0.057 0.165 0.202 0.206 0.210 0.208 0.212 0.214 0.210 0.207 0.205 0.210
