 ph              0.0   1.0   2.0   3.0   4.0   5.0   6.0   7.0   8.0   9.0  10.0  11.0  12.0  13.0  14.0
PHE01A0027_001 0.320 0.322 0.320 0.320 0.322 0.323 0.323 0.320 0.321 0.321 0.321 0.321 0.322 0.322 0.321
PHE01A0027_002 0.248 0.248 0.248 0.249 0.249 0.248 0.248 0.249 0.249 0.248 0.249 0.248 0.248 0.248 0.249
PHE01A0027_003 0.000 0.000 0.000 0.000 0.000 0.000 0.000 0.000 0.000 0.000 0.000 0.000 0.000 0.000 0.000
PHE01A0027_004 0.231 0.231 0.231 0.232 0.230 0.231 0.231 0.231 0.229 0.231 0.231 0.231 0.230 0.231 0.232
PHE01A0027_005 0.000 0.000 0.000 0.000 0.000 0.000 0.000 0.000 0.000 0.000 0.000 0.000 0.000 0.000 0.000
PHE01A0027_006 0.196 0.194 0.195 0.194 0.194 0.194 0.193 0.195 0.195 0.195 0.194 0.195 0.195 0.194 0.193
PHE01A0027_007 0.000 0.000 0.000 0.000 0.000 0.000 0.000 0.000 0.000 0.000 0.000 0.000 0.000 0.000 0.000
PHE01A0027_008 0.005 0.005 0.005 0.005 0.005 0.005 0.005 0.005 0.005 0.005 0.005 0.005 0.005 0.005 0.005
PHE01A0027_009 0.000 0.000 0.000 0.000 0.000 0.000 0.000 0.000 0.000 0.000 0.000 0.000 0.000 0.000 0.000
