 ph              0.0   1.0   2.0   3.0   4.0   5.0   6.0   7.0   8.0   9.0  10.0  11.0  12.0  13.0  14.0
MET01A0221_001 0.488 0.487 0.487 0.485 0.491 0.483 0.490 0.492 0.487 0.487 0.487 0.487 0.489 0.486 0.484
MET01A0221_002 0.482 0.481 0.481 0.486 0.481 0.485 0.479 0.479 0.482 0.482 0.482 0.482 0.481 0.484 0.484
MET01A0221_003 0.010 0.010 0.010 0.009 0.008 0.010 0.010 0.010 0.010 0.010 0.010 0.010 0.010 0.009 0.010
MET01A0221_004 0.003 0.003 0.003 0.003 0.003 0.003 0.003 0.003 0.003 0.003 0.003 0.003 0.003 0.003 0.003
MET01A0221_005 0.000 0.000 0.000 0.000 0.000 0.000 0.000 0.000 0.000 0.000 0.000 0.000 0.000 0.000 0.000
MET01A0221_006 0.002 0.003 0.002 0.002 0.002 0.003 0.002 0.002 0.002 0.002 0.002 0.002 0.002 0.002 0.002
MET01A0221_007 0.000 0.000 0.000 0.000 0.000 0.000 0.000 0.000 0.000 0.000 0.000 0.000 0.000 0.000 0.000
MET01A0221_008 0.007 0.008 0.007 0.007 0.007 0.008 0.007 0.007 0.007 0.007 0.007 0.008 0.007 0.007 0.008
MET01A0221_009 0.000 0.000 0.000 0.000 0.000 0.000 0.000 0.000 0.000 0.000 0.000 0.000 0.000 0.000 0.000
MET01A0221_010 0.000 0.000 0.000 0.000 0.000 0.000 0.000 0.000 0.000 0.000 0.000 0.000 0.000 0.000 0.000
MET01A0221_011 0.000 0.000 0.000 0.000 0.000 0.000 0.000 0.000 0.000 0.000 0.000 0.000 0.000 0.000 0.000
MET01A0221_012 0.004 0.004 0.004 0.004 0.004 0.004 0.004 0.004 0.004 0.004 0.004 0.004 0.004 0.004 0.004
MET01A0221_013 0.000 0.000 0.000 0.000 0.000 0.000 0.000 0.000 0.000 0.000 0.000 0.000 0.000 0.000 0.000
MET01A0221_014 0.000 0.000 0.000 0.000 0.000 0.000 0.000 0.000 0.000 0.000 0.000 0.000 0.000 0.000 0.000
MET01A0221_015 0.001 0.001 0.002 0.001 0.001 0.000 0.001 0.001 0.001 0.001 0.002 0.000 0.001 0.001 0.001
MET01A0221_016 0.000 0.000 0.000 0.000 0.000 0.000 0.000 0.000 0.000 0.000 0.000 0.000 0.000 0.000 0.000
MET01A0221_017 0.000 0.000 0.000 0.000 0.000 0.000 0.000 0.000 0.000 0.000 0.000 0.000 0.000 0.000 0.000
MET01A0221_018 0.002 0.003 0.003 0.002 0.003 0.003 0.003 0.003 0.002 0.003 0.003 0.003 0.003 0.003 0.003
MET01A0221_019 0.000 0.000 0.000 0.000 0.000 0.000 0.000 0.000 0.000 0.000 0.000 0.000 0.000 0.000 0.000
MET01A0221_020 0.000 0.000 0.000 0.000 0.000 0.000 0.000 0.000 0.000 0.000 0.000 0.000 0.000 0.000 0.000
