 ph              0.0   1.0   2.0   3.0   4.0   5.0   6.0   7.0   8.0   9.0  10.0  11.0  12.0  13.0  14.0
GLN01A0186_001 0.055 0.055 0.056 0.056 0.056 0.056 0.055 0.055 0.056 0.056 0.055 0.055 0.056 0.056 0.055
GLN01A0186_002 0.012 0.012 0.013 0.012 0.012 0.012 0.012 0.012 0.013 0.013 0.013 0.013 0.012 0.012 0.012
GLN01A0186_003 0.139 0.139 0.139 0.139 0.140 0.140 0.140 0.138 0.139 0.140 0.140 0.139 0.139 0.139 0.139
GLN01A0186_004 0.016 0.016 0.016 0.016 0.016 0.016 0.016 0.016 0.016 0.016 0.016 0.016 0.016 0.015 0.016
GLN01A0186_005 0.123 0.122 0.122 0.122 0.122 0.122 0.121 0.122 0.122 0.122 0.122 0.122 0.122 0.122 0.122
GLN01A0186_006 0.115 0.115 0.114 0.116 0.115 0.115 0.115 0.115 0.115 0.115 0.114 0.115 0.115 0.115 0.115
GLN01A0186_007 0.000 0.000 0.000 0.000 0.000 0.000 0.000 0.000 0.000 0.000 0.000 0.000 0.000 0.000 0.000
GLN01A0186_008 0.015 0.015 0.015 0.015 0.015 0.015 0.015 0.015 0.015 0.015 0.015 0.015 0.015 0.015 0.015
GLN01A0186_009 0.065 0.065 0.065 0.064 0.064 0.065 0.064 0.065 0.064 0.065 0.065 0.064 0.065 0.065 0.065
GLN01A0186_010 0.164 0.163 0.163 0.162 0.164 0.163 0.163 0.163 0.164 0.163 0.163 0.163 0.164 0.164 0.163
GLN01A0186_011 0.046 0.046 0.046 0.046 0.046 0.046 0.047 0.046 0.046 0.046 0.047 0.046 0.046 0.046 0.046
GLN01A0186_012 0.002 0.002 0.002 0.002 0.002 0.002 0.002 0.002 0.002 0.002 0.002 0.002 0.002 0.002 0.002
GLN01A0186_013 0.034 0.034 0.034 0.034 0.034 0.034 0.034 0.034 0.034 0.034 0.034 0.035 0.034 0.034 0.034
GLN01A0186_014 0.071 0.071 0.070 0.071 0.070 0.071 0.071 0.071 0.070 0.070 0.071 0.071 0.071 0.070 0.071
GLN01A0186_015 0.144 0.144 0.143 0.143 0.143 0.144 0.144 0.144 0.144 0.144 0.143 0.144 0.144 0.143 0.144
GLN01A0186_016 0.000 0.000 0.000 0.000 0.000 0.000 0.000 0.000 0.000 0.000 0.000 0.000 0.000 0.000 0.000
GLN01A0186_017 0.000 0.000 0.000 0.000 0.000 0.000 0.000 0.000 0.000 0.000 0.000 0.000 0.000 0.000 0.000
