 ph              0.0   1.0   2.0   3.0   4.0   5.0   6.0   7.0   8.0   9.0  10.0  11.0  12.0  13.0  14.0
GLU01A0244_001 0.000 0.000 0.000 0.000 0.000 0.000 0.000 0.000 0.000 0.000 0.000 0.000 0.000 0.000 0.000
GLU01A0244_002 0.000 0.000 0.000 0.000 0.000 0.000 0.000 0.000 0.000 0.000 0.000 0.000 0.000 0.000 0.000
GLU01A0244_003 0.435 0.434 0.433 0.421 0.323 0.104 0.019 0.006 0.000 0.000 0.000 0.000 0.000 0.000 0.000
GLU01A0244_004 0.006 0.006 0.006 0.006 0.004 0.001 0.000 0.000 0.000 0.000 0.000 0.000 0.000 0.000 0.000
GLU01A0244_005 0.018 0.018 0.018 0.017 0.014 0.004 0.000 0.000 0.000 0.000 0.000 0.000 0.000 0.000 0.000
GLU01A0244_006 0.034 0.034 0.034 0.033 0.026 0.008 0.000 0.000 0.000 0.000 0.000 0.000 0.000 0.000 0.000
GLU01A0244_007 0.003 0.003 0.003 0.003 0.002 0.000 0.000 0.000 0.000 0.000 0.000 0.000 0.000 0.000 0.000
GLU01A0244_008 0.019 0.019 0.019 0.018 0.014 0.005 0.000 0.000 0.000 0.000 0.000 0.000 0.000 0.000 0.000
GLU01A0244_009 0.077 0.076 0.076 0.074 0.057 0.018 0.003 0.000 0.000 0.000 0.000 0.000 0.000 0.000 0.000
GLU01A0244_010 0.000 0.000 0.000 0.000 0.000 0.000 0.000 0.000 0.000 0.000 0.000 0.000 0.000 0.000 0.000
GLU02A0244_011 0.000 0.000 0.000 0.000 0.000 0.000 0.000 0.000 0.000 0.000 0.000 0.000 0.000 0.000 0.000
GLU02A0244_012 0.003 0.003 0.003 0.003 0.002 0.000 0.000 0.000 0.000 0.000 0.000 0.000 0.000 0.000 0.000
GLU02A0244_013 0.005 0.005 0.005 0.005 0.004 0.001 0.000 0.000 0.000 0.000 0.000 0.000 0.000 0.000 0.000
GLU02A0244_014 0.000 0.000 0.000 0.000 0.000 0.000 0.000 0.000 0.000 0.000 0.000 0.000 0.000 0.000 0.000
GLU02A0244_015 0.304 0.306 0.303 0.296 0.228 0.074 0.014 0.000 0.000 0.000 0.000 0.000 0.000 0.000 0.000
GLU02A0244_016 0.069 0.068 0.068 0.066 0.051 0.017 0.003 0.000 0.000 0.000 0.000 0.000 0.000 0.000 0.000
GLU02A0244_017 0.002 0.002 0.002 0.002 0.001 0.000 0.000 0.000 0.000 0.000 0.000 0.000 0.000 0.000 0.000
GLU02A0244_018 0.026 0.027 0.027 0.026 0.020 0.006 0.000 0.000 0.000 0.000 0.000 0.000 0.000 0.000 0.000
GLU02A0244_019 0.000 0.000 0.000 0.000 0.000 0.000 0.000 0.000 0.000 0.000 0.000 0.000 0.000 0.000 0.000
GLU-1A0244_020 0.000 0.000 0.000 0.000 0.000 0.000 0.000 0.000 0.000 0.000 0.000 0.000 0.000 0.000 0.000
GLU-1A0244_021 0.000 0.000 0.005 0.025 0.195 0.581 0.737 0.766 0.764 0.767 0.768 0.766 0.763 0.766 0.766
GLU-1A0244_022 0.000 0.000 0.000 0.006 0.042 0.129 0.161 0.164 0.169 0.166 0.167 0.169 0.171 0.169 0.169
GLU-1A0244_023 0.000 0.000 0.000 0.002 0.016 0.050 0.063 0.064 0.066 0.067 0.065 0.065 0.067 0.065 0.065
GLU-1A0244_024 0.000 0.000 0.000 0.000 0.000 0.000 0.000 0.000 0.000 0.000 0.000 0.000 0.000 0.000 0.000
