 ph              0.0   1.0   2.0   3.0   4.0   5.0   6.0   7.0   8.0   9.0  10.0  11.0  12.0  13.0  14.0
GLN01A0180_001 0.119 0.120 0.120 0.119 0.120 0.118 0.120 0.118 0.119 0.118 0.120 0.120 0.119 0.120 0.118
GLN01A0180_002 0.125 0.124 0.125 0.125 0.124 0.124 0.124 0.125 0.124 0.125 0.125 0.125 0.124 0.125 0.124
GLN01A0180_003 0.000 0.000 0.000 0.000 0.000 0.000 0.000 0.000 0.000 0.000 0.000 0.000 0.000 0.000 0.000
GLN01A0180_004 0.088 0.087 0.088 0.088 0.087 0.087 0.087 0.087 0.087 0.088 0.087 0.088 0.087 0.086 0.088
GLN01A0180_005 0.000 0.000 0.000 0.000 0.000 0.000 0.000 0.000 0.000 0.000 0.000 0.000 0.000 0.000 0.000
GLN01A0180_006 0.000 0.000 0.000 0.000 0.000 0.000 0.000 0.000 0.000 0.000 0.000 0.000 0.000 0.000 0.000
GLN01A0180_007 0.139 0.141 0.139 0.139 0.140 0.140 0.139 0.141 0.139 0.140 0.140 0.140 0.141 0.139 0.140
GLN01A0180_008 0.033 0.032 0.032 0.033 0.033 0.033 0.033 0.033 0.032 0.033 0.032 0.032 0.033 0.033 0.032
GLN01A0180_009 0.000 0.000 0.000 0.000 0.000 0.000 0.000 0.000 0.000 0.000 0.000 0.000 0.000 0.000 0.000
GLN01A0180_010 0.000 0.000 0.000 0.000 0.000 0.000 0.000 0.000 0.000 0.000 0.000 0.000 0.000 0.000 0.000
GLN01A0180_011 0.000 0.000 0.000 0.000 0.000 0.000 0.000 0.000 0.000 0.000 0.000 0.000 0.000 0.000 0.000
GLN01A0180_012 0.026 0.025 0.026 0.026 0.026 0.026 0.025 0.026 0.026 0.026 0.026 0.026 0.025 0.026 0.026
GLN01A0180_013 0.102 0.103 0.102 0.103 0.102 0.102 0.102 0.102 0.102 0.102 0.102 0.103 0.102 0.102 0.102
GLN01A0180_014 0.000 0.000 0.000 0.000 0.000 0.000 0.000 0.000 0.000 0.000 0.000 0.000 0.000 0.000 0.000
GLN01A0180_015 0.000 0.000 0.000 0.000 0.000 0.000 0.000 0.000 0.000 0.000 0.000 0.000 0.000 0.000 0.000
GLN01A0180_016 0.000 0.000 0.000 0.000 0.000 0.000 0.000 0.000 0.000 0.000 0.000 0.000 0.000 0.000 0.000
GLN01A0180_017 0.255 0.253 0.255 0.256 0.255 0.256 0.256 0.256 0.256 0.256 0.256 0.255 0.256 0.257 0.256
GLN01A0180_018 0.114 0.113 0.113 0.112 0.113 0.113 0.113 0.112 0.114 0.113 0.112 0.112 0.112 0.113 0.113
