 ph              0.0   1.0   2.0   3.0   4.0   5.0   6.0   7.0   8.0   9.0  10.0  11.0  12.0  13.0  14.0
ASN01A0245_001 0.012 0.012 0.012 0.012 0.012 0.012 0.012 0.012 0.011 0.012 0.011 0.012 0.012 0.012 0.012
ASN01A0245_002 0.102 0.102 0.102 0.101 0.101 0.101 0.101 0.101 0.100 0.101 0.101 0.102 0.101 0.101 0.100
ASN01A0245_003 0.149 0.150 0.151 0.150 0.150 0.150 0.150 0.150 0.149 0.150 0.150 0.150 0.150 0.151 0.150
ASN01A0245_004 0.000 0.000 0.000 0.000 0.000 0.000 0.000 0.000 0.000 0.000 0.000 0.000 0.000 0.000 0.000
ASN01A0245_005 0.000 0.000 0.000 0.000 0.000 0.000 0.000 0.000 0.000 0.000 0.000 0.000 0.000 0.000 0.000
ASN01A0245_006 0.167 0.168 0.167 0.168 0.168 0.168 0.167 0.169 0.168 0.168 0.167 0.167 0.168 0.167 0.169
ASN01A0245_007 0.205 0.205 0.204 0.204 0.203 0.203 0.204 0.203 0.203 0.204 0.204 0.203 0.205 0.204 0.204
ASN01A0245_008 0.004 0.003 0.003 0.003 0.004 0.003 0.003 0.004 0.003 0.003 0.004 0.004 0.004 0.003 0.004
ASN01A0245_009 0.000 0.000 0.000 0.000 0.000 0.000 0.000 0.000 0.000 0.000 0.000 0.000 0.000 0.000 0.000
ASN01A0245_010 0.275 0.275 0.276 0.276 0.277 0.277 0.277 0.277 0.278 0.276 0.277 0.276 0.276 0.276 0.276
ASN01A0245_011 0.086 0.086 0.085 0.086 0.085 0.085 0.086 0.086 0.086 0.085 0.085 0.086 0.085 0.086 0.085
