 ph              0.0   1.0   2.0   3.0   4.0   5.0   6.0   7.0   8.0   9.0  10.0  11.0  12.0  13.0  14.0
GLN01A0187_001 0.077 0.078 0.077 0.078 0.078 0.077 0.077 0.079 0.078 0.077 0.077 0.078 0.079 0.078 0.077
GLN01A0187_002 0.228 0.227 0.226 0.227 0.229 0.227 0.229 0.227 0.227 0.227 0.229 0.227 0.226 0.227 0.228
GLN01A0187_003 0.081 0.081 0.081 0.080 0.080 0.081 0.080 0.080 0.081 0.080 0.079 0.081 0.081 0.081 0.080
GLN01A0187_004 0.025 0.026 0.025 0.026 0.025 0.025 0.025 0.026 0.025 0.025 0.025 0.025 0.026 0.025 0.025
GLN01A0187_005 0.270 0.269 0.270 0.268 0.268 0.269 0.270 0.271 0.268 0.273 0.270 0.268 0.269 0.269 0.270
GLN01A0187_006 0.069 0.069 0.070 0.070 0.070 0.069 0.069 0.069 0.070 0.069 0.070 0.070 0.069 0.069 0.070
GLN01A0187_007 0.029 0.028 0.029 0.029 0.028 0.029 0.029 0.029 0.029 0.029 0.028 0.029 0.029 0.029 0.029
GLN01A0187_008 0.013 0.013 0.013 0.013 0.013 0.013 0.013 0.012 0.013 0.013 0.013 0.013 0.013 0.013 0.013
GLN01A0187_009 0.095 0.097 0.096 0.096 0.096 0.095 0.095 0.096 0.096 0.095 0.096 0.096 0.096 0.096 0.095
GLN01A0187_010 0.000 0.000 0.000 0.000 0.000 0.000 0.000 0.000 0.000 0.000 0.000 0.000 0.000 0.000 0.000
GLN01A0187_011 0.000 0.000 0.000 0.000 0.000 0.000 0.000 0.000 0.000 0.000 0.000 0.000 0.000 0.000 0.000
GLN01A0187_012 0.000 0.000 0.000 0.000 0.000 0.000 0.000 0.000 0.000 0.000 0.000 0.000 0.000 0.000 0.000
GLN01A0187_013 0.000 0.000 0.000 0.000 0.000 0.000 0.000 0.000 0.000 0.000 0.000 0.000 0.000 0.000 0.000
GLN01A0187_014 0.000 0.000 0.000 0.000 0.000 0.000 0.000 0.000 0.000 0.000 0.000 0.000 0.000 0.000 0.000
GLN01A0187_015 0.113 0.112 0.113 0.113 0.112 0.114 0.113 0.111 0.113 0.111 0.113 0.113 0.113 0.113 0.113
GLN01A0187_016 0.000 0.000 0.000 0.000 0.000 0.000 0.000 0.000 0.000 0.000 0.000 0.000 0.000 0.000 0.000
GLN01A0187_017 0.000 0.000 0.000 0.000 0.000 0.000 0.000 0.000 0.000 0.000 0.000 0.000 0.000 0.000 0.000
GLN01A0187_018 0.000 0.000 0.000 0.000 0.000 0.000 0.000 0.000 0.000 0.000 0.000 0.000 0.000 0.000 0.000
