 ph              0.0   1.0   2.0   3.0   4.0   5.0   6.0   7.0   8.0   9.0  10.0  11.0  12.0  13.0  14.0
GLU01A0135_001 0.001 0.001 0.001 0.001 0.000 0.000 0.000 0.000 0.000 0.000 0.000 0.000 0.000 0.000 0.000
GLU01A0135_002 0.016 0.016 0.016 0.016 0.011 0.003 0.000 0.000 0.000 0.000 0.000 0.000 0.000 0.000 0.000
GLU01A0135_003 0.004 0.004 0.004 0.004 0.003 0.000 0.000 0.000 0.000 0.000 0.000 0.000 0.000 0.000 0.000
GLU01A0135_004 0.000 0.000 0.000 0.000 0.000 0.000 0.000 0.000 0.000 0.000 0.000 0.000 0.000 0.000 0.000
GLU01A0135_005 0.000 0.000 0.000 0.000 0.000 0.000 0.000 0.000 0.000 0.000 0.000 0.000 0.000 0.000 0.000
GLU01A0135_006 0.040 0.040 0.040 0.038 0.029 0.009 0.000 0.000 0.000 0.000 0.000 0.000 0.000 0.000 0.000
GLU01A0135_007 0.001 0.001 0.001 0.001 0.000 0.000 0.000 0.000 0.000 0.000 0.000 0.000 0.000 0.000 0.000
GLU01A0135_008 0.000 0.000 0.000 0.000 0.000 0.000 0.000 0.000 0.000 0.000 0.000 0.000 0.000 0.000 0.000
GLU01A0135_009 0.002 0.002 0.002 0.002 0.002 0.000 0.000 0.000 0.000 0.000 0.000 0.000 0.000 0.000 0.000
GLU01A0135_010 0.000 0.000 0.000 0.000 0.000 0.000 0.000 0.000 0.000 0.000 0.000 0.000 0.000 0.000 0.000
GLU01A0135_011 0.020 0.020 0.020 0.019 0.014 0.004 0.000 0.000 0.000 0.000 0.000 0.000 0.000 0.000 0.000
GLU01A0135_012 0.000 0.000 0.000 0.000 0.000 0.000 0.000 0.000 0.000 0.000 0.000 0.000 0.000 0.000 0.000
GLU01A0135_013 0.000 0.000 0.000 0.000 0.000 0.000 0.000 0.000 0.000 0.000 0.000 0.000 0.000 0.000 0.000
GLU01A0135_014 0.000 0.000 0.000 0.000 0.000 0.000 0.000 0.000 0.000 0.000 0.000 0.000 0.000 0.000 0.000
GLU01A0135_015 0.024 0.024 0.024 0.022 0.017 0.005 0.000 0.000 0.000 0.000 0.000 0.000 0.000 0.000 0.000
GLU01A0135_016 0.048 0.048 0.049 0.046 0.034 0.011 0.003 0.000 0.000 0.000 0.000 0.000 0.000 0.000 0.000
GLU01A0135_017 0.016 0.016 0.016 0.015 0.011 0.004 0.000 0.000 0.000 0.000 0.000 0.000 0.000 0.000 0.000
GLU01A0135_018 0.297 0.293 0.290 0.283 0.211 0.064 0.016 0.006 0.000 0.000 0.000 0.000 0.000 0.000 0.000
GLU01A0135_019 0.006 0.006 0.006 0.006 0.004 0.001 0.000 0.000 0.000 0.000 0.000 0.000 0.000 0.000 0.000
GLU01A0135_020 0.002 0.002 0.002 0.001 0.001 0.000 0.000 0.000 0.000 0.000 0.000 0.000 0.000 0.000 0.000
GLU01A0135_021 0.017 0.018 0.017 0.017 0.012 0.004 0.000 0.000 0.000 0.000 0.000 0.000 0.000 0.000 0.000
GLU01A0135_022 0.002 0.002 0.002 0.002 0.002 0.000 0.000 0.000 0.000 0.000 0.000 0.000 0.000 0.000 0.000
GLU01A0135_023 0.002 0.002 0.002 0.002 0.001 0.000 0.000 0.000 0.000 0.000 0.000 0.000 0.000 0.000 0.000
GLU02A0135_024 0.006 0.007 0.007 0.006 0.005 0.001 0.000 0.000 0.000 0.000 0.000 0.000 0.000 0.000 0.000
GLU02A0135_025 0.003 0.003 0.003 0.003 0.002 0.000 0.000 0.000 0.000 0.000 0.000 0.000 0.000 0.000 0.000
GLU02A0135_026 0.007 0.007 0.007 0.007 0.005 0.002 0.000 0.000 0.000 0.000 0.000 0.000 0.000 0.000 0.000
GLU02A0135_027 0.002 0.002 0.002 0.002 0.001 0.000 0.000 0.000 0.000 0.000 0.000 0.000 0.000 0.000 0.000
GLU02A0135_028 0.000 0.000 0.000 0.000 0.000 0.000 0.000 0.000 0.000 0.000 0.000 0.000 0.000 0.000 0.000
GLU02A0135_029 0.076 0.078 0.076 0.073 0.055 0.017 0.004 0.000 0.000 0.000 0.000 0.000 0.000 0.000 0.000
GLU02A0135_030 0.067 0.067 0.067 0.064 0.048 0.015 0.004 0.000 0.000 0.000 0.000 0.000 0.000 0.000 0.000
GLU02A0135_031 0.032 0.032 0.031 0.031 0.023 0.007 0.000 0.000 0.000 0.000 0.000 0.000 0.000 0.000 0.000
GLU02A0135_032 0.000 0.000 0.000 0.000 0.000 0.000 0.000 0.000 0.000 0.000 0.000 0.000 0.000 0.000 0.000
GLU02A0135_033 0.000 0.000 0.000 0.000 0.000 0.000 0.000 0.000 0.000 0.000 0.000 0.000 0.000 0.000 0.000
GLU02A0135_034 0.002 0.002 0.002 0.002 0.001 0.000 0.000 0.000 0.000 0.000 0.000 0.000 0.000 0.000 0.000
GLU02A0135_035 0.000 0.000 0.000 0.000 0.000 0.000 0.000 0.000 0.000 0.000 0.000 0.000 0.000 0.000 0.000
GLU02A0135_036 0.000 0.000 0.000 0.000 0.000 0.000 0.000 0.000 0.000 0.000 0.000 0.000 0.000 0.000 0.000
GLU02A0135_037 0.006 0.006 0.006 0.006 0.004 0.001 0.000 0.000 0.000 0.000 0.000 0.000 0.000 0.000 0.000
GLU02A0135_038 0.013 0.013 0.013 0.012 0.009 0.003 0.000 0.000 0.000 0.000 0.000 0.000 0.000 0.000 0.000
GLU02A0135_039 0.000 0.000 0.000 0.000 0.000 0.000 0.000 0.000 0.000 0.000 0.000 0.000 0.000 0.000 0.000
GLU02A0135_040 0.010 0.011 0.010 0.010 0.008 0.002 0.000 0.000 0.000 0.000 0.000 0.000 0.000 0.000 0.000
GLU02A0135_041 0.254 0.254 0.253 0.246 0.184 0.056 0.014 0.000 0.000 0.000 0.000 0.000 0.000 0.000 0.000
GLU02A0135_042 0.017 0.017 0.017 0.016 0.012 0.004 0.000 0.000 0.000 0.000 0.000 0.000 0.000 0.000 0.000
GLU02A0135_043 0.002 0.002 0.002 0.002 0.002 0.000 0.000 0.000 0.000 0.000 0.000 0.000 0.000 0.000 0.000
GLU02A0135_044 0.002 0.003 0.003 0.002 0.002 0.000 0.000 0.000 0.000 0.000 0.000 0.000 0.000 0.000 0.000
GLU02A0135_045 0.002 0.002 0.002 0.001 0.000 0.000 0.000 0.000 0.000 0.000 0.000 0.000 0.000 0.000 0.000
GLU-1A0135_046 0.000 0.000 0.007 0.013 0.092 0.255 0.309 0.319 0.320 0.322 0.323 0.322 0.319 0.321 0.321
GLU-1A0135_047 0.000 0.000 0.000 0.007 0.050 0.136 0.166 0.174 0.172 0.174 0.173 0.172 0.174 0.174 0.175
GLU-1A0135_048 0.000 0.000 0.000 0.010 0.067 0.186 0.226 0.236 0.240 0.238 0.236 0.237 0.239 0.237 0.234
GLU-1A0135_049 0.000 0.000 0.000 0.003 0.020 0.057 0.069 0.071 0.073 0.072 0.072 0.073 0.073 0.072 0.071
GLU-1A0135_050 0.000 0.000 0.000 0.003 0.021 0.058 0.071 0.074 0.076 0.074 0.075 0.075 0.075 0.075 0.075
GLU-1A0135_051 0.000 0.000 0.000 0.001 0.009 0.024 0.030 0.031 0.030 0.030 0.031 0.031 0.030 0.031 0.031
GLU-1A0135_052 0.000 0.000 0.000 0.003 0.022 0.062 0.074 0.076 0.076 0.076 0.077 0.077 0.077 0.077 0.078
GLU-1A0135_053 0.000 0.000 0.000 0.000 0.002 0.004 0.005 0.006 0.006 0.006 0.006 0.006 0.005 0.006 0.006
GLU-1A0135_054 0.000 0.000 0.000 0.000 0.002 0.006 0.007 0.007 0.008 0.008 0.008 0.008 0.008 0.008 0.008
