 ph              0.0   1.0   2.0   3.0   4.0   5.0   6.0   7.0   8.0   9.0  10.0  11.0  12.0  13.0  14.0
HIS01A0026_001 0.000 0.000 0.000 0.000 0.000 0.000 0.006 0.028 0.068 0.079 0.081 0.082 0.081 0.082 0.081
HIS01A0026_002 0.000 0.000 0.000 0.000 0.000 0.000 0.008 0.043 0.101 0.116 0.120 0.119 0.120 0.121 0.120
HIS01A0026_003 0.000 0.000 0.000 0.000 0.000 0.000 0.000 0.000 0.000 0.000 0.000 0.000 0.000 0.000 0.000
HIS01A0026_004 0.000 0.000 0.000 0.000 0.000 0.000 0.000 0.002 0.005 0.005 0.005 0.005 0.005 0.005 0.005
HIS01A0026_005 0.000 0.000 0.000 0.000 0.000 0.000 0.000 0.000 0.000 0.000 0.000 0.000 0.000 0.000 0.000
HIS01A0026_006 0.000 0.000 0.000 0.000 0.000 0.000 0.001 0.006 0.015 0.017 0.017 0.018 0.017 0.018 0.018
HIS01A0026_007 0.000 0.000 0.000 0.000 0.000 0.000 0.004 0.020 0.047 0.056 0.057 0.056 0.057 0.056 0.056
HIS01A0026_008 0.000 0.000 0.000 0.000 0.000 0.000 0.000 0.000 0.000 0.000 0.000 0.000 0.000 0.000 0.000
HIS01A0026_009 0.000 0.000 0.000 0.000 0.000 0.000 0.000 0.000 0.000 0.000 0.000 0.000 0.000 0.000 0.000
HIS01A0026_010 0.000 0.000 0.000 0.000 0.000 0.000 0.007 0.037 0.087 0.100 0.103 0.102 0.101 0.101 0.102
HIS01A0026_011 0.000 0.000 0.000 0.000 0.000 0.000 0.000 0.004 0.010 0.012 0.012 0.012 0.012 0.012 0.012
HIS01A0026_012 0.000 0.000 0.000 0.000 0.000 0.000 0.000 0.004 0.009 0.011 0.011 0.011 0.011 0.011 0.011
HIS01A0026_013 0.000 0.000 0.000 0.000 0.000 0.000 0.000 0.000 0.000 0.000 0.000 0.000 0.000 0.000 0.000
HIS01A0026_014 0.000 0.000 0.000 0.000 0.000 0.000 0.000 0.004 0.009 0.010 0.010 0.010 0.010 0.010 0.010
HIS01A0026_015 0.000 0.000 0.000 0.000 0.000 0.000 0.000 0.000 0.002 0.002 0.002 0.002 0.002 0.002 0.002
HIS01A0026_016 0.000 0.000 0.000 0.000 0.000 0.000 0.000 0.001 0.003 0.003 0.004 0.004 0.004 0.003 0.004
HIS01A0026_017 0.000 0.000 0.000 0.000 0.000 0.000 0.000 0.000 0.000 0.000 0.000 0.000 0.000 0.000 0.000
HIS01A0026_018 0.000 0.000 0.000 0.000 0.000 0.000 0.000 0.000 0.000 0.000 0.000 0.000 0.000 0.000 0.000
HIS01A0026_019 0.000 0.000 0.000 0.000 0.000 0.000 0.000 0.000 0.000 0.000 0.000 0.000 0.000 0.000 0.000
HIS02A0026_020 0.000 0.000 0.000 0.000 0.000 0.000 0.011 0.057 0.133 0.155 0.154 0.157 0.157 0.154 0.156
HIS02A0026_021 0.000 0.000 0.000 0.000 0.000 0.008 0.010 0.053 0.125 0.143 0.149 0.147 0.149 0.148 0.148
HIS02A0026_022 0.000 0.000 0.000 0.000 0.000 0.000 0.000 0.004 0.011 0.012 0.012 0.012 0.012 0.013 0.012
HIS02A0026_023 0.000 0.000 0.000 0.000 0.000 0.000 0.000 0.002 0.005 0.006 0.006 0.006 0.006 0.006 0.006
HIS02A0026_024 0.000 0.000 0.000 0.000 0.000 0.000 0.005 0.028 0.066 0.076 0.079 0.078 0.078 0.078 0.078
HIS02A0026_025 0.000 0.000 0.000 0.000 0.000 0.000 0.000 0.000 0.000 0.000 0.000 0.000 0.000 0.000 0.000
HIS02A0026_026 0.000 0.000 0.000 0.000 0.000 0.000 0.000 0.000 0.000 0.000 0.000 0.000 0.000 0.000 0.000
HIS02A0026_027 0.000 0.000 0.000 0.000 0.000 0.000 0.000 0.000 0.000 0.000 0.000 0.000 0.000 0.000 0.000
HIS02A0026_028 0.000 0.000 0.000 0.000 0.000 0.000 0.000 0.002 0.004 0.004 0.005 0.005 0.004 0.005 0.004
HIS02A0026_029 0.000 0.000 0.000 0.000 0.000 0.000 0.000 0.000 0.000 0.000 0.000 0.000 0.000 0.000 0.000
HIS02A0026_030 0.000 0.000 0.000 0.000 0.000 0.000 0.000 0.000 0.000 0.000 0.000 0.000 0.000 0.000 0.000
HIS02A0026_031 0.000 0.000 0.000 0.000 0.000 0.000 0.000 0.004 0.010 0.012 0.012 0.012 0.012 0.012 0.012
HIS02A0026_032 0.000 0.000 0.000 0.000 0.000 0.000 0.002 0.011 0.025 0.028 0.029 0.030 0.030 0.030 0.029
HIS02A0026_033 0.000 0.000 0.000 0.000 0.000 0.000 0.000 0.000 0.000 0.000 0.000 0.000 0.000 0.000 0.000
HIS02A0026_034 0.000 0.000 0.000 0.000 0.000 0.000 0.000 0.000 0.000 0.000 0.000 0.000 0.000 0.000 0.000
HIS02A0026_035 0.000 0.000 0.000 0.000 0.000 0.000 0.000 0.005 0.012 0.014 0.015 0.015 0.015 0.014 0.015
HIS02A0026_036 0.000 0.000 0.000 0.000 0.000 0.000 0.008 0.042 0.100 0.115 0.117 0.119 0.118 0.117 0.119
HIS02A0026_037 0.000 0.000 0.000 0.000 0.000 0.000 0.000 0.000 0.000 0.000 0.000 0.000 0.000 0.000 0.000
HIS02A0026_038 0.000 0.000 0.000 0.000 0.000 0.000 0.000 0.000 0.000 0.000 0.000 0.000 0.000 0.000 0.000
HIS+1A0026_039 0.244 0.245 0.245 0.245 0.244 0.243 0.228 0.157 0.038 0.007 0.000 0.000 0.000 0.000 0.000
HIS+1A0026_040 0.341 0.343 0.343 0.344 0.341 0.338 0.323 0.219 0.053 0.009 0.000 0.000 0.000 0.000 0.000
HIS+1A0026_041 0.046 0.046 0.046 0.046 0.046 0.046 0.043 0.030 0.007 0.000 0.000 0.000 0.000 0.000 0.000
HIS+1A0026_042 0.040 0.040 0.040 0.040 0.041 0.039 0.037 0.026 0.006 0.000 0.000 0.000 0.000 0.000 0.000
HIS+1A0026_043 0.000 0.000 0.000 0.000 0.000 0.000 0.000 0.000 0.000 0.000 0.000 0.000 0.000 0.000 0.000
HIS+1A0026_044 0.026 0.026 0.026 0.026 0.026 0.026 0.024 0.017 0.004 0.000 0.000 0.000 0.000 0.000 0.000
HIS+1A0026_045 0.103 0.102 0.103 0.102 0.105 0.103 0.095 0.066 0.016 0.003 0.000 0.000 0.000 0.000 0.000
HIS+1A0026_046 0.000 0.000 0.000 0.000 0.000 0.000 0.000 0.000 0.000 0.000 0.000 0.000 0.000 0.000 0.000
HIS+1A0026_047 0.000 0.000 0.000 0.000 0.000 0.000 0.000 0.000 0.000 0.000 0.000 0.000 0.000 0.000 0.000
HIS+1A0026_048 0.000 0.000 0.000 0.000 0.000 0.000 0.000 0.000 0.000 0.000 0.000 0.000 0.000 0.000 0.000
HIS+1A0026_049 0.138 0.137 0.137 0.136 0.136 0.137 0.129 0.088 0.021 0.004 0.000 0.000 0.000 0.000 0.000
HIS+1A0026_050 0.006 0.006 0.006 0.006 0.006 0.006 0.006 0.004 0.000 0.000 0.000 0.000 0.000 0.000 0.000
HIS+1A0026_051 0.000 0.000 0.000 0.000 0.000 0.000 0.000 0.000 0.000 0.000 0.000 0.000 0.000 0.000 0.000
HIS+1A0026_052 0.000 0.000 0.000 0.000 0.000 0.000 0.000 0.000 0.000 0.000 0.000 0.000 0.000 0.000 0.000
HIS+1A0026_053 0.010 0.010 0.010 0.009 0.009 0.009 0.009 0.006 0.001 0.000 0.000 0.000 0.000 0.000 0.000
HIS+1A0026_054 0.000 0.000 0.000 0.000 0.000 0.000 0.000 0.000 0.000 0.000 0.000 0.000 0.000 0.000 0.000
HIS+1A0026_055 0.046 0.045 0.045 0.045 0.046 0.045 0.041 0.029 0.007 0.000 0.000 0.000 0.000 0.000 0.000
HIS+1A0026_056 0.000 0.000 0.000 0.000 0.000 0.000 0.000 0.000 0.000 0.000 0.000 0.000 0.000 0.000 0.000
HIS+1A0026_057 0.000 0.000 0.000 0.000 0.000 0.000 0.000 0.000 0.000 0.000 0.000 0.000 0.000 0.000 0.000
