 ph              0.0   1.0   2.0   3.0   4.0   5.0   6.0   7.0   8.0   9.0  10.0  11.0  12.0  13.0  14.0
ASP01A0130_001 0.000 0.000 0.000 0.000 0.000 0.000 0.000 0.000 0.000 0.000 0.000 0.000 0.000 0.000 0.000
ASP01A0130_002 0.008 0.008 0.007 0.007 0.004 0.000 0.000 0.000 0.000 0.000 0.000 0.000 0.000 0.000 0.000
ASP01A0130_003 0.178 0.177 0.173 0.160 0.083 0.016 0.002 0.000 0.000 0.000 0.000 0.000 0.000 0.000 0.000
ASP01A0130_004 0.199 0.200 0.195 0.178 0.092 0.018 0.002 0.000 0.000 0.000 0.000 0.000 0.000 0.000 0.000
ASP01A0130_005 0.007 0.006 0.006 0.006 0.003 0.000 0.000 0.000 0.000 0.000 0.000 0.000 0.000 0.000 0.000
ASP01A0130_006 0.010 0.010 0.010 0.009 0.005 0.000 0.000 0.000 0.000 0.000 0.000 0.000 0.000 0.000 0.000
ASP02A0130_007 0.001 0.001 0.001 0.000 0.000 0.000 0.000 0.000 0.000 0.000 0.000 0.000 0.000 0.000 0.000
ASP02A0130_008 0.018 0.018 0.017 0.016 0.008 0.001 0.000 0.000 0.000 0.000 0.000 0.000 0.000 0.000 0.000
ASP02A0130_009 0.020 0.020 0.020 0.018 0.009 0.002 0.000 0.000 0.000 0.000 0.000 0.000 0.000 0.000 0.000
ASP02A0130_010 0.010 0.010 0.010 0.009 0.005 0.000 0.000 0.000 0.000 0.000 0.000 0.000 0.000 0.000 0.000
ASP02A0130_011 0.313 0.314 0.312 0.283 0.147 0.028 0.004 0.000 0.000 0.000 0.000 0.000 0.000 0.000 0.000
ASP02A0130_012 0.237 0.237 0.235 0.213 0.111 0.022 0.003 0.000 0.000 0.000 0.000 0.000 0.000 0.000 0.000
ASP-1A0130_013 0.000 0.000 0.000 0.004 0.021 0.036 0.039 0.041 0.040 0.041 0.041 0.040 0.040 0.040 0.040
ASP-1A0130_014 0.000 0.000 0.006 0.051 0.268 0.462 0.493 0.502 0.506 0.507 0.505 0.507 0.505 0.507 0.504
ASP-1A0130_015 0.000 0.000 0.006 0.046 0.243 0.414 0.457 0.456 0.453 0.451 0.454 0.453 0.455 0.453 0.455
