 ph              0.0   1.0   2.0   3.0   4.0   5.0   6.0   7.0   8.0   9.0  10.0  11.0  12.0  13.0  14.0
TYR01A0067_001 0.003 0.003 0.003 0.003 0.003 0.003 0.003 0.003 0.003 0.002 0.000 0.000 0.000 0.000 0.000
TYR01A0067_002 0.095 0.095 0.096 0.095 0.095 0.095 0.096 0.094 0.091 0.069 0.020 0.003 0.000 0.000 0.000
TYR01A0067_003 0.175 0.175 0.173 0.175 0.175 0.176 0.175 0.174 0.168 0.128 0.038 0.006 0.000 0.000 0.000
TYR01A0067_004 0.000 0.000 0.000 0.000 0.000 0.000 0.000 0.000 0.000 0.000 0.000 0.000 0.000 0.000 0.000
TYR01A0067_005 0.000 0.000 0.000 0.000 0.000 0.000 0.000 0.000 0.000 0.000 0.000 0.000 0.000 0.000 0.000
TYR01A0067_006 0.003 0.003 0.003 0.003 0.003 0.003 0.003 0.002 0.002 0.002 0.000 0.000 0.000 0.000 0.000
TYR01A0067_007 0.020 0.020 0.020 0.020 0.020 0.020 0.020 0.020 0.020 0.014 0.004 0.000 0.000 0.000 0.000
TYR01A0067_008 0.347 0.348 0.348 0.350 0.348 0.346 0.348 0.343 0.332 0.250 0.074 0.011 0.000 0.000 0.000
TYR01A0067_009 0.001 0.001 0.001 0.001 0.001 0.000 0.001 0.001 0.001 0.000 0.000 0.000 0.000 0.000 0.000
TYR01A0067_010 0.005 0.005 0.005 0.005 0.005 0.005 0.005 0.005 0.005 0.004 0.001 0.000 0.000 0.000 0.000
TYR01A0067_011 0.084 0.085 0.085 0.082 0.085 0.085 0.084 0.084 0.081 0.061 0.018 0.003 0.000 0.000 0.000
TYR01A0067_012 0.180 0.178 0.179 0.179 0.180 0.180 0.180 0.178 0.173 0.130 0.038 0.006 0.000 0.000 0.000
TYR01A0067_013 0.001 0.001 0.001 0.001 0.001 0.001 0.001 0.001 0.001 0.000 0.000 0.000 0.000 0.000 0.000
TYR01A0067_014 0.000 0.000 0.000 0.000 0.000 0.000 0.000 0.000 0.000 0.000 0.000 0.000 0.000 0.000 0.000
TYR01A0067_015 0.022 0.022 0.022 0.022 0.022 0.022 0.022 0.022 0.021 0.016 0.005 0.000 0.000 0.000 0.000
TYR01A0067_016 0.000 0.000 0.000 0.000 0.000 0.000 0.000 0.000 0.000 0.000 0.000 0.000 0.000 0.000 0.000
TYR01A0067_017 0.000 0.000 0.000 0.000 0.000 0.000 0.000 0.000 0.000 0.000 0.000 0.000 0.000 0.000 0.000
TYR01A0067_018 0.000 0.000 0.000 0.000 0.000 0.000 0.000 0.000 0.000 0.000 0.000 0.000 0.000 0.000 0.000
TYR01A0067_019 0.063 0.062 0.063 0.063 0.062 0.062 0.062 0.063 0.060 0.045 0.014 0.002 0.000 0.000 0.000
TYR01A0067_020 0.000 0.000 0.000 0.000 0.000 0.000 0.000 0.000 0.000 0.000 0.000 0.000 0.000 0.000 0.000
TYR-1A0067_021 0.000 0.000 0.000 0.000 0.000 0.000 0.000 0.000 0.000 0.000 0.002 0.003 0.003 0.003 0.003
TYR-1A0067_022 0.000 0.000 0.000 0.000 0.000 0.000 0.000 0.000 0.000 0.000 0.000 0.000 0.000 0.000 0.000
TYR-1A0067_023 0.000 0.000 0.000 0.000 0.000 0.000 0.000 0.000 0.006 0.041 0.116 0.142 0.146 0.146 0.145
TYR-1A0067_024 0.000 0.000 0.000 0.000 0.000 0.000 0.000 0.000 0.000 0.000 0.001 0.002 0.002 0.002 0.002
TYR-1A0067_025 0.000 0.000 0.000 0.000 0.000 0.000 0.000 0.000 0.000 0.000 0.000 0.000 0.000 0.000 0.000
TYR-1A0067_026 0.000 0.000 0.000 0.000 0.000 0.000 0.000 0.000 0.000 0.007 0.020 0.025 0.026 0.025 0.025
TYR-1A0067_027 0.000 0.000 0.000 0.000 0.000 0.000 0.000 0.000 0.000 0.000 0.000 0.000 0.000 0.000 0.000
TYR-1A0067_028 0.000 0.000 0.000 0.000 0.000 0.000 0.000 0.000 0.000 0.000 0.000 0.000 0.000 0.000 0.000
TYR-1A0067_029 0.000 0.000 0.000 0.000 0.000 0.000 0.000 0.000 0.010 0.065 0.183 0.225 0.232 0.232 0.234
TYR-1A0067_030 0.000 0.000 0.000 0.000 0.000 0.000 0.000 0.000 0.000 0.000 0.000 0.000 0.000 0.000 0.000
TYR-1A0067_031 0.000 0.000 0.000 0.000 0.000 0.000 0.000 0.000 0.000 0.000 0.000 0.000 0.000 0.000 0.000
TYR-1A0067_032 0.000 0.000 0.000 0.000 0.000 0.000 0.000 0.000 0.002 0.013 0.035 0.044 0.045 0.045 0.045
TYR-1A0067_033 0.000 0.000 0.000 0.000 0.000 0.000 0.000 0.000 0.002 0.013 0.037 0.045 0.047 0.047 0.047
TYR-1A0067_034 0.000 0.000 0.000 0.000 0.000 0.000 0.000 0.000 0.000 0.000 0.000 0.000 0.000 0.000 0.000
TYR-1A0067_035 0.000 0.000 0.000 0.000 0.000 0.000 0.000 0.000 0.000 0.004 0.011 0.013 0.014 0.014 0.014
TYR-1A0067_036 0.000 0.000 0.000 0.000 0.000 0.000 0.000 0.000 0.000 0.002 0.005 0.006 0.006 0.006 0.006
TYR-1A0067_037 0.000 0.000 0.000 0.000 0.000 0.000 0.000 0.000 0.005 0.034 0.095 0.117 0.121 0.121 0.121
TYR-1A0067_038 0.000 0.000 0.000 0.000 0.000 0.000 0.000 0.007 0.016 0.099 0.281 0.346 0.354 0.356 0.355
TYR-1A0067_039 0.000 0.000 0.000 0.000 0.000 0.000 0.000 0.000 0.000 0.000 0.002 0.002 0.003 0.003 0.002
TYR-1A0067_040 0.000 0.000 0.000 0.000 0.000 0.000 0.000 0.000 0.000 0.000 0.000 0.000 0.000 0.000 0.000
