 ph              0.0   1.0   2.0   3.0   4.0   5.0   6.0   7.0   8.0   9.0  10.0  11.0  12.0  13.0  14.0
HIS01A0077_001 0.000 0.000 0.000 0.000 0.000 0.004 0.013 0.066 0.131 0.144 0.147 0.146 0.146 0.148 0.148
HIS01A0077_002 0.000 0.000 0.000 0.000 0.000 0.000 0.000 0.000 0.000 0.000 0.000 0.000 0.000 0.000 0.000
HIS01A0077_003 0.000 0.000 0.000 0.000 0.000 0.000 0.000 0.000 0.000 0.000 0.000 0.000 0.000 0.000 0.000
HIS01A0077_004 0.000 0.000 0.000 0.000 0.000 0.000 0.002 0.008 0.016 0.017 0.018 0.018 0.018 0.018 0.018
HIS01A0077_005 0.000 0.000 0.000 0.000 0.000 0.000 0.001 0.007 0.014 0.015 0.016 0.015 0.016 0.015 0.016
HIS01A0077_006 0.000 0.000 0.000 0.000 0.000 0.000 0.000 0.000 0.000 0.000 0.000 0.000 0.000 0.000 0.000
HIS01A0077_007 0.000 0.000 0.000 0.000 0.000 0.000 0.000 0.000 0.000 0.000 0.000 0.000 0.000 0.000 0.000
HIS01A0077_008 0.000 0.000 0.000 0.000 0.000 0.000 0.000 0.000 0.000 0.000 0.000 0.000 0.000 0.000 0.000
HIS01A0077_009 0.000 0.000 0.000 0.000 0.000 0.000 0.005 0.025 0.048 0.052 0.055 0.053 0.054 0.052 0.055
HIS01A0077_010 0.000 0.000 0.000 0.000 0.000 0.000 0.000 0.003 0.006 0.006 0.007 0.007 0.006 0.006 0.007
HIS01A0077_011 0.000 0.000 0.000 0.000 0.000 0.000 0.000 0.000 0.000 0.001 0.001 0.001 0.001 0.001 0.001
HIS01A0077_012 0.000 0.000 0.000 0.000 0.000 0.000 0.000 0.000 0.000 0.000 0.000 0.000 0.000 0.000 0.000
HIS01A0077_013 0.000 0.000 0.000 0.000 0.000 0.000 0.000 0.000 0.000 0.000 0.000 0.000 0.000 0.000 0.000
HIS01A0077_014 0.000 0.000 0.000 0.000 0.000 0.000 0.000 0.001 0.002 0.002 0.002 0.002 0.002 0.002 0.002
HIS01A0077_015 0.000 0.000 0.000 0.000 0.000 0.000 0.000 0.000 0.000 0.000 0.000 0.000 0.000 0.000 0.000
HIS01A0077_016 0.000 0.000 0.000 0.000 0.000 0.000 0.000 0.000 0.000 0.000 0.000 0.000 0.000 0.000 0.000
HIS01A0077_017 0.000 0.000 0.000 0.000 0.000 0.000 0.000 0.000 0.000 0.000 0.000 0.000 0.000 0.000 0.000
HIS01A0077_018 0.000 0.000 0.000 0.000 0.000 0.000 0.000 0.000 0.000 0.000 0.000 0.000 0.000 0.000 0.000
HIS01A0077_019 0.000 0.000 0.000 0.000 0.000 0.000 0.000 0.000 0.000 0.000 0.000 0.000 0.000 0.000 0.000
HIS01A0077_020 0.000 0.000 0.000 0.000 0.000 0.000 0.007 0.038 0.074 0.082 0.082 0.083 0.082 0.083 0.083
HIS02A0077_021 0.000 0.000 0.000 0.000 0.000 0.012 0.037 0.194 0.379 0.422 0.424 0.430 0.426 0.430 0.420
HIS02A0077_022 0.000 0.000 0.000 0.000 0.000 0.000 0.000 0.000 0.000 0.000 0.000 0.000 0.000 0.000 0.000
HIS02A0077_023 0.000 0.000 0.000 0.000 0.000 0.000 0.007 0.035 0.070 0.078 0.079 0.078 0.080 0.078 0.080
HIS02A0077_024 0.000 0.000 0.000 0.000 0.000 0.000 0.000 0.000 0.000 0.000 0.000 0.000 0.000 0.000 0.000
HIS02A0077_025 0.000 0.000 0.000 0.000 0.000 0.000 0.000 0.000 0.000 0.000 0.000 0.000 0.000 0.000 0.000
HIS02A0077_026 0.000 0.000 0.000 0.000 0.000 0.000 0.000 0.000 0.000 0.000 0.000 0.000 0.000 0.000 0.000
HIS02A0077_027 0.000 0.000 0.000 0.000 0.000 0.000 0.000 0.000 0.000 0.000 0.000 0.000 0.000 0.000 0.000
HIS02A0077_028 0.000 0.000 0.000 0.000 0.000 0.000 0.000 0.000 0.000 0.000 0.000 0.000 0.000 0.000 0.000
HIS02A0077_029 0.000 0.000 0.000 0.000 0.000 0.000 0.009 0.049 0.096 0.105 0.108 0.106 0.106 0.107 0.109
HIS02A0077_030 0.000 0.000 0.000 0.000 0.000 0.000 0.000 0.000 0.000 0.000 0.000 0.000 0.000 0.000 0.000
HIS02A0077_031 0.000 0.000 0.000 0.000 0.000 0.000 0.000 0.000 0.002 0.002 0.002 0.002 0.002 0.002 0.002
HIS02A0077_032 0.000 0.000 0.000 0.000 0.000 0.000 0.000 0.000 0.000 0.000 0.000 0.000 0.000 0.000 0.000
HIS02A0077_033 0.000 0.000 0.000 0.000 0.000 0.000 0.000 0.005 0.010 0.011 0.011 0.011 0.012 0.012 0.012
HIS02A0077_034 0.000 0.000 0.000 0.000 0.000 0.000 0.002 0.010 0.019 0.021 0.022 0.021 0.022 0.021 0.021
HIS02A0077_035 0.000 0.000 0.000 0.000 0.000 0.000 0.000 0.001 0.003 0.003 0.003 0.003 0.003 0.003 0.003
HIS02A0077_036 0.000 0.000 0.000 0.000 0.000 0.000 0.000 0.000 0.000 0.000 0.000 0.000 0.000 0.000 0.000
HIS02A0077_037 0.000 0.000 0.000 0.000 0.000 0.000 0.000 0.000 0.000 0.000 0.000 0.000 0.000 0.000 0.000
HIS02A0077_038 0.000 0.000 0.000 0.000 0.000 0.000 0.002 0.010 0.020 0.021 0.022 0.021 0.022 0.021 0.022
HIS02A0077_039 0.000 0.000 0.000 0.000 0.000 0.000 0.000 0.000 0.000 0.000 0.000 0.000 0.000 0.000 0.000
HIS02A0077_040 0.000 0.000 0.000 0.000 0.000 0.000 0.000 0.000 0.000 0.000 0.000 0.000 0.000 0.000 0.000
HIS+1A0077_041 0.335 0.334 0.335 0.337 0.333 0.329 0.305 0.183 0.037 0.006 0.000 0.000 0.000 0.000 0.000
HIS+1A0077_042 0.000 0.000 0.000 0.000 0.000 0.000 0.000 0.000 0.000 0.000 0.000 0.000 0.000 0.000 0.000
HIS+1A0077_043 0.004 0.004 0.003 0.004 0.004 0.004 0.003 0.002 0.000 0.000 0.000 0.000 0.000 0.000 0.000
HIS+1A0077_044 0.018 0.019 0.018 0.019 0.018 0.018 0.017 0.010 0.002 0.000 0.000 0.000 0.000 0.000 0.000
HIS+1A0077_045 0.001 0.001 0.002 0.001 0.002 0.001 0.001 0.000 0.000 0.000 0.000 0.000 0.000 0.000 0.000
HIS+1A0077_046 0.011 0.012 0.012 0.011 0.012 0.011 0.010 0.006 0.001 0.000 0.000 0.000 0.000 0.000 0.000
HIS+1A0077_047 0.000 0.000 0.000 0.000 0.000 0.000 0.000 0.000 0.000 0.000 0.000 0.000 0.000 0.000 0.000
HIS+1A0077_048 0.028 0.028 0.028 0.028 0.028 0.027 0.026 0.015 0.003 0.000 0.000 0.000 0.000 0.000 0.000
HIS+1A0077_049 0.356 0.356 0.353 0.353 0.354 0.349 0.328 0.196 0.040 0.006 0.000 0.000 0.000 0.000 0.000
HIS+1A0077_050 0.000 0.000 0.000 0.000 0.000 0.000 0.000 0.000 0.000 0.000 0.000 0.000 0.000 0.000 0.000
HIS+1A0077_051 0.175 0.177 0.177 0.175 0.177 0.176 0.159 0.096 0.020 0.003 0.000 0.000 0.000 0.000 0.000
HIS+1A0077_052 0.000 0.000 0.000 0.000 0.000 0.000 0.000 0.000 0.000 0.000 0.000 0.000 0.000 0.000 0.000
HIS+1A0077_053 0.000 0.000 0.000 0.000 0.000 0.000 0.000 0.000 0.000 0.000 0.000 0.000 0.000 0.000 0.000
HIS+1A0077_054 0.068 0.067 0.068 0.067 0.068 0.066 0.062 0.038 0.008 0.000 0.000 0.000 0.000 0.000 0.000
HIS+1A0077_055 0.000 0.000 0.000 0.000 0.000 0.000 0.000 0.000 0.000 0.000 0.000 0.000 0.000 0.000 0.000
HIS+1A0077_056 0.001 0.001 0.001 0.002 0.002 0.000 0.001 0.000 0.000 0.000 0.000 0.000 0.000 0.000 0.000
HIS+1A0077_057 0.001 0.000 0.001 0.001 0.001 0.000 0.001 0.000 0.000 0.000 0.000 0.000 0.000 0.000 0.000
HIS+1A0077_058 0.001 0.001 0.001 0.001 0.001 0.001 0.001 0.000 0.000 0.000 0.000 0.000 0.000 0.000 0.000
HIS+1A0077_059 0.000 0.000 0.000 0.000 0.000 0.000 0.000 0.000 0.000 0.000 0.000 0.000 0.000 0.000 0.000
HIS+1A0077_060 0.000 0.000 0.000 0.000 0.000 0.000 0.000 0.000 0.000 0.000 0.000 0.000 0.000 0.000 0.000
