 ph              0.0   1.0   2.0   3.0   4.0   5.0   6.0   7.0   8.0   9.0  10.0  11.0  12.0  13.0  14.0
TYR01A0067_001 0.003 0.003 0.003 0.003 0.003 0.003 0.003 0.003 0.003 0.002 0.000 0.000 0.000 0.000 0.000
TYR01A0067_002 0.096 0.097 0.096 0.097 0.096 0.095 0.096 0.096 0.092 0.068 0.020 0.003 0.000 0.000 0.000
TYR01A0067_003 0.315 0.313 0.316 0.315 0.317 0.318 0.315 0.313 0.303 0.225 0.065 0.009 0.000 0.000 0.000
TYR01A0067_004 0.002 0.002 0.002 0.002 0.002 0.002 0.002 0.002 0.002 0.001 0.000 0.000 0.000 0.000 0.000
TYR01A0067_005 0.000 0.000 0.000 0.000 0.000 0.000 0.000 0.000 0.000 0.000 0.000 0.000 0.000 0.000 0.000
TYR01A0067_006 0.191 0.189 0.191 0.189 0.189 0.189 0.191 0.190 0.181 0.134 0.040 0.005 0.000 0.000 0.000
TYR01A0067_007 0.092 0.092 0.091 0.092 0.093 0.092 0.092 0.091 0.088 0.065 0.019 0.003 0.000 0.000 0.000
TYR01A0067_008 0.000 0.000 0.000 0.000 0.000 0.000 0.000 0.000 0.000 0.000 0.000 0.000 0.000 0.000 0.000
TYR01A0067_009 0.000 0.000 0.000 0.000 0.000 0.000 0.000 0.000 0.000 0.000 0.000 0.000 0.000 0.000 0.000
TYR01A0067_010 0.000 0.000 0.000 0.000 0.000 0.000 0.000 0.000 0.000 0.000 0.000 0.000 0.000 0.000 0.000
TYR01A0067_011 0.018 0.017 0.017 0.018 0.018 0.017 0.017 0.017 0.016 0.012 0.004 0.000 0.000 0.000 0.000
TYR01A0067_012 0.000 0.000 0.000 0.000 0.000 0.000 0.000 0.000 0.000 0.000 0.000 0.000 0.000 0.000 0.000
TYR01A0067_013 0.000 0.000 0.000 0.000 0.000 0.000 0.000 0.000 0.000 0.000 0.000 0.000 0.000 0.000 0.000
TYR01A0067_014 0.000 0.000 0.000 0.000 0.000 0.000 0.000 0.000 0.000 0.000 0.000 0.000 0.000 0.000 0.000
TYR01A0067_015 0.005 0.005 0.005 0.005 0.005 0.005 0.005 0.005 0.004 0.003 0.000 0.000 0.000 0.000 0.000
TYR01A0067_016 0.002 0.001 0.001 0.001 0.001 0.001 0.002 0.001 0.001 0.001 0.000 0.000 0.000 0.000 0.000
TYR01A0067_017 0.001 0.001 0.001 0.002 0.001 0.000 0.001 0.001 0.001 0.000 0.000 0.000 0.000 0.000 0.000
TYR01A0067_018 0.209 0.211 0.210 0.209 0.208 0.211 0.209 0.209 0.200 0.148 0.044 0.006 0.000 0.000 0.000
TYR01A0067_019 0.061 0.062 0.062 0.062 0.062 0.061 0.061 0.060 0.060 0.044 0.013 0.002 0.000 0.000 0.000
TYR01A0067_020 0.006 0.006 0.006 0.006 0.006 0.006 0.006 0.006 0.005 0.004 0.001 0.000 0.000 0.000 0.000
TYR-1A0067_021 0.000 0.000 0.000 0.000 0.000 0.000 0.000 0.000 0.000 0.000 0.002 0.003 0.003 0.003 0.003
TYR-1A0067_022 0.000 0.000 0.000 0.000 0.000 0.000 0.000 0.000 0.000 0.002 0.004 0.005 0.005 0.005 0.005
TYR-1A0067_023 0.000 0.000 0.000 0.000 0.000 0.000 0.000 0.000 0.000 0.000 0.000 0.000 0.000 0.000 0.000
TYR-1A0067_024 0.000 0.000 0.000 0.000 0.000 0.000 0.000 0.000 0.000 0.000 0.000 0.000 0.000 0.000 0.000
TYR-1A0067_025 0.000 0.000 0.000 0.000 0.000 0.000 0.000 0.000 0.004 0.030 0.080 0.098 0.101 0.101 0.102
TYR-1A0067_026 0.000 0.000 0.000 0.000 0.000 0.000 0.000 0.000 0.000 0.000 0.000 0.000 0.000 0.000 0.000
TYR-1A0067_027 0.000 0.000 0.000 0.000 0.000 0.000 0.000 0.000 0.000 0.000 0.000 0.000 0.000 0.000 0.000
TYR-1A0067_028 0.000 0.000 0.000 0.000 0.000 0.000 0.000 0.000 0.000 0.000 0.000 0.000 0.000 0.000 0.000
TYR-1A0067_029 0.000 0.000 0.000 0.000 0.000 0.000 0.000 0.004 0.016 0.107 0.288 0.355 0.365 0.364 0.362
TYR-1A0067_030 0.000 0.000 0.000 0.000 0.000 0.000 0.000 0.000 0.000 0.000 0.000 0.000 0.000 0.000 0.000
TYR-1A0067_031 0.000 0.000 0.000 0.000 0.000 0.000 0.000 0.000 0.002 0.014 0.038 0.046 0.047 0.048 0.048
TYR-1A0067_032 0.000 0.000 0.000 0.000 0.000 0.000 0.000 0.000 0.000 0.004 0.011 0.014 0.014 0.014 0.014
TYR-1A0067_033 0.000 0.000 0.000 0.000 0.000 0.000 0.000 0.000 0.000 0.000 0.000 0.000 0.000 0.000 0.000
TYR-1A0067_034 0.000 0.000 0.000 0.000 0.000 0.000 0.000 0.000 0.007 0.046 0.127 0.153 0.159 0.159 0.158
TYR-1A0067_035 0.000 0.000 0.000 0.000 0.000 0.000 0.000 0.000 0.000 0.000 0.000 0.000 0.000 0.000 0.000
TYR-1A0067_036 0.000 0.000 0.000 0.000 0.000 0.000 0.000 0.003 0.012 0.077 0.211 0.260 0.265 0.264 0.268
TYR-1A0067_037 0.000 0.000 0.000 0.000 0.000 0.000 0.000 0.000 0.000 0.000 0.002 0.003 0.003 0.003 0.003
TYR-1A0067_038 0.000 0.000 0.000 0.000 0.000 0.000 0.000 0.000 0.000 0.000 0.000 0.000 0.000 0.000 0.000
TYR-1A0067_039 0.000 0.000 0.000 0.000 0.000 0.000 0.000 0.000 0.001 0.009 0.026 0.032 0.033 0.033 0.033
TYR-1A0067_040 0.000 0.000 0.000 0.000 0.000 0.000 0.000 0.000 0.000 0.001 0.004 0.005 0.005 0.005 0.005
