 ph              0.0   1.0   2.0   3.0   4.0   5.0   6.0   7.0   8.0   9.0  10.0  11.0  12.0  13.0  14.0
ASP01A0021_001 0.000 0.000 0.000 0.000 0.000 0.000 0.000 0.000 0.000 0.000 0.000 0.000 0.000 0.000 0.000
ASP01A0021_002 0.018 0.018 0.019 0.017 0.009 0.002 0.000 0.000 0.000 0.000 0.000 0.000 0.000 0.000 0.000
ASP01A0021_003 0.004 0.004 0.004 0.003 0.002 0.000 0.000 0.000 0.000 0.000 0.000 0.000 0.000 0.000 0.000
ASP01A0021_004 0.282 0.280 0.278 0.254 0.135 0.026 0.004 0.000 0.000 0.000 0.000 0.000 0.000 0.000 0.000
ASP01A0021_005 0.004 0.005 0.004 0.004 0.002 0.000 0.000 0.000 0.000 0.000 0.000 0.000 0.000 0.000 0.000
ASP01A0021_006 0.000 0.000 0.000 0.000 0.000 0.000 0.000 0.000 0.000 0.000 0.000 0.000 0.000 0.000 0.000
ASP01A0021_007 0.296 0.297 0.291 0.266 0.140 0.027 0.004 0.000 0.000 0.000 0.000 0.000 0.000 0.000 0.000
ASP02A0021_008 0.000 0.000 0.000 0.000 0.000 0.000 0.000 0.000 0.000 0.000 0.000 0.000 0.000 0.000 0.000
ASP02A0021_009 0.014 0.014 0.014 0.012 0.007 0.001 0.000 0.000 0.000 0.000 0.000 0.000 0.000 0.000 0.000
ASP02A0021_010 0.011 0.011 0.011 0.010 0.005 0.000 0.000 0.000 0.000 0.000 0.000 0.000 0.000 0.000 0.000
ASP02A0021_011 0.338 0.338 0.336 0.307 0.165 0.031 0.005 0.000 0.000 0.000 0.000 0.000 0.000 0.000 0.000
ASP02A0021_012 0.006 0.006 0.006 0.005 0.003 0.000 0.000 0.000 0.000 0.000 0.000 0.000 0.000 0.000 0.000
ASP02A0021_013 0.027 0.027 0.027 0.024 0.013 0.003 0.000 0.000 0.000 0.000 0.000 0.000 0.000 0.000 0.000
ASP-1A0021_014 0.000 0.000 0.000 0.005 0.025 0.045 0.047 0.052 0.047 0.049 0.050 0.052 0.050 0.048 0.046
ASP-1A0021_015 0.000 0.001 0.012 0.093 0.495 0.866 0.941 0.948 0.953 0.951 0.950 0.948 0.950 0.952 0.954
