 ph              0.0   1.0   2.0   3.0   4.0   5.0   6.0   7.0   8.0   9.0  10.0  11.0  12.0  13.0  14.0
TYR01A0074_001 0.297 0.298 0.301 0.300 0.298 0.300 0.299 0.297 0.287 0.216 0.064 0.011 0.005 0.000 0.000
TYR01A0074_002 0.052 0.052 0.051 0.052 0.051 0.052 0.052 0.051 0.049 0.037 0.011 0.002 0.000 0.000 0.000
TYR01A0074_003 0.000 0.000 0.000 0.000 0.000 0.000 0.000 0.000 0.000 0.000 0.000 0.000 0.000 0.000 0.000
TYR01A0074_004 0.064 0.065 0.064 0.064 0.065 0.064 0.065 0.064 0.062 0.046 0.014 0.002 0.000 0.000 0.000
TYR01A0074_005 0.022 0.021 0.021 0.021 0.021 0.021 0.021 0.021 0.020 0.015 0.005 0.000 0.000 0.000 0.000
TYR01A0074_006 0.002 0.002 0.002 0.002 0.002 0.002 0.002 0.002 0.002 0.001 0.000 0.000 0.000 0.000 0.000
TYR01A0074_007 0.000 0.000 0.000 0.000 0.000 0.000 0.000 0.000 0.000 0.000 0.000 0.000 0.000 0.000 0.000
TYR01A0074_008 0.005 0.005 0.005 0.005 0.005 0.005 0.005 0.005 0.005 0.004 0.000 0.000 0.000 0.000 0.000
TYR01A0074_009 0.007 0.007 0.007 0.007 0.007 0.007 0.007 0.007 0.007 0.005 0.001 0.000 0.000 0.000 0.000
TYR01A0074_010 0.031 0.031 0.031 0.031 0.030 0.031 0.031 0.031 0.029 0.022 0.006 0.000 0.000 0.000 0.000
TYR01A0074_011 0.004 0.004 0.004 0.004 0.004 0.004 0.004 0.004 0.004 0.003 0.000 0.000 0.000 0.000 0.000
TYR01A0074_012 0.000 0.000 0.000 0.000 0.000 0.000 0.000 0.000 0.000 0.000 0.000 0.000 0.000 0.000 0.000
TYR01A0074_013 0.105 0.104 0.104 0.104 0.106 0.105 0.105 0.105 0.101 0.075 0.023 0.004 0.000 0.000 0.000
TYR01A0074_014 0.016 0.015 0.016 0.016 0.016 0.015 0.015 0.016 0.015 0.011 0.003 0.000 0.000 0.000 0.000
TYR01A0074_015 0.103 0.104 0.103 0.104 0.104 0.103 0.103 0.103 0.099 0.074 0.022 0.004 0.000 0.000 0.000
TYR01A0074_016 0.271 0.271 0.270 0.270 0.269 0.269 0.269 0.267 0.258 0.195 0.059 0.009 0.000 0.000 0.000
TYR01A0074_017 0.012 0.012 0.012 0.012 0.012 0.012 0.012 0.012 0.012 0.009 0.003 0.000 0.000 0.000 0.000
TYR01A0074_018 0.009 0.009 0.009 0.009 0.009 0.009 0.009 0.009 0.009 0.007 0.002 0.000 0.000 0.000 0.000
TYR-1A0074_019 0.000 0.000 0.000 0.000 0.000 0.000 0.000 0.003 0.012 0.074 0.208 0.259 0.268 0.268 0.267
TYR-1A0074_020 0.000 0.000 0.000 0.000 0.000 0.000 0.000 0.000 0.000 0.001 0.004 0.005 0.005 0.005 0.005
TYR-1A0074_021 0.000 0.000 0.000 0.000 0.000 0.000 0.000 0.000 0.000 0.000 0.000 0.000 0.000 0.000 0.000
TYR-1A0074_022 0.000 0.000 0.000 0.000 0.000 0.000 0.000 0.000 0.002 0.014 0.038 0.047 0.048 0.049 0.048
TYR-1A0074_023 0.000 0.000 0.000 0.000 0.000 0.000 0.000 0.000 0.000 0.000 0.000 0.000 0.000 0.000 0.000
TYR-1A0074_024 0.000 0.000 0.000 0.000 0.000 0.000 0.000 0.003 0.013 0.079 0.220 0.270 0.278 0.280 0.281
TYR-1A0074_025 0.000 0.000 0.000 0.000 0.000 0.000 0.000 0.000 0.000 0.001 0.004 0.005 0.005 0.005 0.005
TYR-1A0074_026 0.000 0.000 0.000 0.000 0.000 0.000 0.000 0.000 0.000 0.000 0.000 0.000 0.000 0.000 0.000
TYR-1A0074_027 0.000 0.000 0.000 0.000 0.000 0.000 0.000 0.000 0.006 0.033 0.094 0.116 0.118 0.118 0.119
TYR-1A0074_028 0.000 0.000 0.000 0.000 0.000 0.000 0.000 0.000 0.000 0.004 0.011 0.013 0.014 0.013 0.013
TYR-1A0074_029 0.000 0.000 0.000 0.000 0.000 0.000 0.000 0.000 0.000 0.006 0.017 0.020 0.021 0.021 0.021
TYR-1A0074_030 0.000 0.000 0.000 0.000 0.000 0.000 0.000 0.000 0.000 0.000 0.001 0.002 0.002 0.002 0.002
TYR-1A0074_031 0.000 0.000 0.000 0.000 0.000 0.000 0.000 0.000 0.000 0.000 0.003 0.003 0.003 0.003 0.003
TYR-1A0074_032 0.000 0.000 0.000 0.000 0.000 0.000 0.000 0.000 0.000 0.003 0.007 0.009 0.009 0.009 0.009
TYR-1A0074_033 0.000 0.000 0.000 0.000 0.000 0.000 0.000 0.000 0.003 0.017 0.047 0.057 0.059 0.059 0.060
TYR-1A0074_034 0.000 0.000 0.000 0.000 0.000 0.000 0.000 0.000 0.000 0.003 0.008 0.010 0.010 0.010 0.010
TYR-1A0074_035 0.000 0.000 0.000 0.000 0.000 0.000 0.000 0.000 0.006 0.037 0.103 0.128 0.130 0.132 0.131
TYR-1A0074_036 0.000 0.000 0.000 0.000 0.000 0.000 0.000 0.000 0.001 0.007 0.020 0.025 0.025 0.026 0.025
