 ph              0.0   1.0   2.0   3.0   4.0   5.0   6.0   7.0   8.0   9.0  10.0  11.0  12.0  13.0  14.0
LEU01A0198_001 0.348 0.351 0.351 0.348 0.350 0.351 0.350 0.349 0.350 0.351 0.350 0.351 0.351 0.350 0.351
LEU01A0198_002 0.264 0.264 0.263 0.263 0.263 0.264 0.263 0.263 0.263 0.263 0.263 0.263 0.262 0.263 0.264
LEU01A0198_003 0.000 0.000 0.000 0.000 0.000 0.000 0.000 0.000 0.000 0.000 0.000 0.000 0.000 0.000 0.000
LEU01A0198_004 0.225 0.224 0.224 0.225 0.224 0.222 0.225 0.225 0.224 0.224 0.225 0.225 0.225 0.225 0.224
LEU01A0198_005 0.000 0.000 0.000 0.000 0.000 0.000 0.000 0.000 0.000 0.000 0.000 0.000 0.000 0.000 0.000
LEU01A0198_006 0.000 0.000 0.000 0.000 0.000 0.000 0.000 0.000 0.000 0.000 0.000 0.000 0.000 0.000 0.000
LEU01A0198_007 0.000 0.000 0.000 0.000 0.000 0.000 0.000 0.000 0.000 0.000 0.000 0.000 0.000 0.000 0.000
LEU01A0198_008 0.000 0.000 0.000 0.000 0.000 0.000 0.000 0.000 0.000 0.000 0.000 0.000 0.000 0.000 0.000
LEU01A0198_009 0.163 0.161 0.162 0.163 0.162 0.162 0.162 0.163 0.162 0.162 0.162 0.161 0.162 0.162 0.162
