 ph              0.0   1.0   2.0   3.0   4.0   5.0   6.0   7.0   8.0   9.0  10.0  11.0  12.0  13.0  14.0
ASN01A0098_001 0.082 0.083 0.083 0.082 0.084 0.083 0.083 0.083 0.082 0.083 0.082 0.083 0.083 0.083 0.083
ASN01A0098_002 0.005 0.005 0.005 0.005 0.005 0.005 0.005 0.005 0.005 0.005 0.005 0.005 0.005 0.005 0.005
ASN01A0098_003 0.375 0.376 0.375 0.377 0.375 0.375 0.375 0.375 0.373 0.373 0.376 0.373 0.374 0.373 0.374
ASN01A0098_004 0.022 0.022 0.023 0.022 0.023 0.023 0.023 0.022 0.023 0.023 0.022 0.022 0.023 0.022 0.023
ASN01A0098_005 0.003 0.002 0.002 0.003 0.002 0.002 0.002 0.002 0.002 0.002 0.002 0.002 0.002 0.002 0.002
ASN01A0098_006 0.020 0.021 0.020 0.021 0.021 0.021 0.021 0.021 0.020 0.020 0.021 0.021 0.021 0.021 0.021
ASN01A0098_007 0.020 0.021 0.020 0.021 0.021 0.021 0.020 0.020 0.020 0.020 0.021 0.020 0.021 0.020 0.020
ASN01A0098_008 0.015 0.015 0.015 0.014 0.015 0.014 0.015 0.015 0.014 0.015 0.015 0.015 0.015 0.015 0.015
ASN01A0098_009 0.086 0.087 0.086 0.085 0.086 0.086 0.087 0.086 0.086 0.086 0.086 0.087 0.086 0.087 0.086
ASN01A0098_010 0.036 0.036 0.036 0.036 0.036 0.036 0.036 0.036 0.036 0.036 0.036 0.036 0.036 0.036 0.036
ASN01A0098_011 0.104 0.103 0.104 0.103 0.103 0.104 0.104 0.104 0.104 0.104 0.104 0.105 0.104 0.104 0.104
ASN01A0098_012 0.155 0.155 0.157 0.156 0.155 0.155 0.155 0.155 0.157 0.156 0.155 0.156 0.155 0.156 0.156
ASN01A0098_013 0.067 0.066 0.066 0.066 0.066 0.067 0.066 0.067 0.067 0.067 0.066 0.066 0.066 0.067 0.066
ASN01A0098_014 0.009 0.009 0.009 0.009 0.009 0.009 0.009 0.009 0.009 0.009 0.009 0.009 0.009 0.009 0.009
