 ph              0.0   1.0   2.0   3.0   4.0   5.0   6.0   7.0   8.0   9.0  10.0  11.0  12.0  13.0  14.0
LEU01A0128_001 0.003 0.003 0.003 0.003 0.003 0.003 0.003 0.003 0.003 0.003 0.003 0.003 0.003 0.003 0.003
LEU01A0128_002 0.000 0.000 0.000 0.000 0.000 0.000 0.000 0.000 0.000 0.000 0.000 0.000 0.000 0.000 0.000
LEU01A0128_003 0.638 0.635 0.637 0.635 0.638 0.636 0.639 0.636 0.637 0.638 0.635 0.638 0.638 0.636 0.641
LEU01A0128_004 0.017 0.017 0.017 0.018 0.017 0.017 0.017 0.017 0.017 0.017 0.017 0.017 0.017 0.017 0.017
LEU01A0128_005 0.167 0.169 0.167 0.169 0.167 0.169 0.167 0.167 0.168 0.167 0.168 0.168 0.167 0.170 0.165
LEU01A0128_006 0.000 0.000 0.000 0.000 0.000 0.000 0.000 0.000 0.000 0.000 0.000 0.000 0.000 0.000 0.000
LEU01A0128_007 0.040 0.040 0.040 0.041 0.040 0.041 0.040 0.041 0.040 0.040 0.040 0.040 0.041 0.040 0.040
LEU01A0128_008 0.129 0.129 0.129 0.128 0.129 0.129 0.128 0.131 0.129 0.128 0.131 0.127 0.127 0.128 0.128
LEU01A0128_009 0.000 0.000 0.000 0.000 0.000 0.000 0.000 0.000 0.000 0.000 0.000 0.000 0.000 0.000 0.000
LEU01A0128_010 0.000 0.000 0.000 0.000 0.000 0.000 0.000 0.000 0.000 0.000 0.000 0.000 0.000 0.000 0.000
LEU01A0128_011 0.000 0.000 0.000 0.000 0.000 0.000 0.000 0.000 0.000 0.000 0.000 0.000 0.000 0.000 0.000
LEU01A0128_012 0.000 0.000 0.000 0.000 0.000 0.000 0.000 0.000 0.000 0.000 0.000 0.000 0.000 0.000 0.000
LEU01A0128_013 0.006 0.006 0.006 0.006 0.006 0.006 0.006 0.006 0.006 0.006 0.006 0.006 0.006 0.006 0.006
