 ph              0.0   1.0   2.0   3.0   4.0   5.0   6.0   7.0   8.0   9.0  10.0  11.0  12.0  13.0  14.0
ASP01A0216_001 0.000 0.000 0.000 0.000 0.000 0.000 0.000 0.000 0.000 0.000 0.000 0.000 0.000 0.000 0.000
ASP01A0216_002 0.000 0.000 0.000 0.000 0.000 0.000 0.000 0.000 0.000 0.000 0.000 0.000 0.000 0.000 0.000
ASP01A0216_003 0.078 0.079 0.077 0.068 0.033 0.006 0.000 0.000 0.000 0.000 0.000 0.000 0.000 0.000 0.000
ASP01A0216_004 0.008 0.008 0.008 0.007 0.004 0.000 0.000 0.000 0.000 0.000 0.000 0.000 0.000 0.000 0.000
ASP01A0216_005 0.027 0.028 0.027 0.024 0.012 0.002 0.000 0.000 0.000 0.000 0.000 0.000 0.000 0.000 0.000
ASP01A0216_006 0.020 0.020 0.020 0.017 0.008 0.002 0.000 0.000 0.000 0.000 0.000 0.000 0.000 0.000 0.000
ASP01A0216_007 0.000 0.000 0.000 0.000 0.000 0.000 0.000 0.000 0.000 0.000 0.000 0.000 0.000 0.000 0.000
ASP01A0216_008 0.301 0.301 0.294 0.265 0.127 0.022 0.007 0.000 0.000 0.000 0.000 0.000 0.000 0.000 0.000
ASP01A0216_009 0.153 0.153 0.151 0.134 0.064 0.012 0.000 0.000 0.000 0.000 0.000 0.000 0.000 0.000 0.000
ASP01A0216_010 0.002 0.002 0.002 0.002 0.000 0.000 0.000 0.000 0.000 0.000 0.000 0.000 0.000 0.000 0.000
ASP02A0216_011 0.010 0.010 0.010 0.009 0.004 0.000 0.000 0.000 0.000 0.000 0.000 0.000 0.000 0.000 0.000
ASP02A0216_012 0.006 0.006 0.006 0.005 0.002 0.000 0.000 0.000 0.000 0.000 0.000 0.000 0.000 0.000 0.000
ASP02A0216_013 0.116 0.117 0.116 0.103 0.049 0.009 0.000 0.000 0.000 0.000 0.000 0.000 0.000 0.000 0.000
ASP02A0216_014 0.001 0.001 0.001 0.001 0.000 0.000 0.000 0.000 0.000 0.000 0.000 0.000 0.000 0.000 0.000
ASP02A0216_015 0.000 0.000 0.000 0.000 0.000 0.000 0.000 0.000 0.000 0.000 0.000 0.000 0.000 0.000 0.000
ASP02A0216_016 0.000 0.000 0.000 0.000 0.000 0.000 0.000 0.000 0.000 0.000 0.000 0.000 0.000 0.000 0.000
ASP02A0216_017 0.148 0.149 0.147 0.130 0.062 0.011 0.004 0.000 0.000 0.000 0.000 0.000 0.000 0.000 0.000
ASP02A0216_018 0.002 0.002 0.002 0.002 0.000 0.000 0.000 0.000 0.000 0.000 0.000 0.000 0.000 0.000 0.000
ASP02A0216_019 0.007 0.007 0.007 0.006 0.003 0.000 0.000 0.000 0.000 0.000 0.000 0.000 0.000 0.000 0.000
ASP02A0216_020 0.119 0.117 0.118 0.103 0.050 0.009 0.000 0.000 0.000 0.000 0.000 0.000 0.000 0.000 0.000
ASP-1A0216_021 0.000 0.000 0.008 0.062 0.286 0.452 0.483 0.488 0.486 0.488 0.488 0.486 0.490 0.489 0.489
ASP-1A0216_022 0.000 0.000 0.000 0.004 0.020 0.032 0.034 0.036 0.035 0.035 0.035 0.036 0.035 0.035 0.035
ASP-1A0216_023 0.000 0.000 0.008 0.059 0.274 0.440 0.469 0.473 0.476 0.474 0.475 0.475 0.472 0.473 0.473
ASP-1A0216_024 0.000 0.000 0.000 0.000 0.002 0.003 0.003 0.003 0.003 0.003 0.003 0.003 0.003 0.003 0.003
