 ph              0.0   1.0   2.0   3.0   4.0   5.0   6.0   7.0   8.0   9.0  10.0  11.0  12.0  13.0  14.0
GLU01A0329_001 0.000 0.000 0.000 0.000 0.000 0.000 0.000 0.000 0.000 0.000 0.000 0.000 0.000 0.000 0.000
GLU01A0329_002 0.000 0.000 0.000 0.000 0.000 0.000 0.000 0.000 0.000 0.000 0.000 0.000 0.000 0.000 0.000
GLU01A0329_003 0.020 0.020 0.020 0.018 0.010 0.002 0.000 0.000 0.000 0.000 0.000 0.000 0.000 0.000 0.000
GLU01A0329_004 0.006 0.006 0.006 0.006 0.003 0.000 0.000 0.000 0.000 0.000 0.000 0.000 0.000 0.000 0.000
GLU01A0329_005 0.099 0.097 0.097 0.089 0.049 0.010 0.000 0.000 0.000 0.000 0.000 0.000 0.000 0.000 0.000
GLU02A0329_006 0.000 0.000 0.000 0.000 0.000 0.000 0.000 0.000 0.000 0.000 0.000 0.000 0.000 0.000 0.000
GLU02A0329_007 0.000 0.000 0.000 0.000 0.000 0.000 0.000 0.000 0.000 0.000 0.000 0.000 0.000 0.000 0.000
GLU02A0329_008 0.032 0.032 0.031 0.029 0.016 0.003 0.000 0.000 0.000 0.000 0.000 0.000 0.000 0.000 0.000
GLU02A0329_009 0.028 0.028 0.028 0.025 0.014 0.003 0.000 0.000 0.000 0.000 0.000 0.000 0.000 0.000 0.000
GLU02A0329_010 0.392 0.395 0.389 0.358 0.199 0.038 0.007 0.000 0.000 0.000 0.000 0.000 0.000 0.000 0.000
GLU02A0329_011 0.423 0.421 0.419 0.386 0.213 0.040 0.007 0.000 0.000 0.000 0.000 0.000 0.000 0.000 0.000
GLU-1A0329_012 0.000 0.000 0.000 0.000 0.000 0.000 0.000 0.000 0.000 0.000 0.000 0.000 0.000 0.000 0.000
GLU-1A0329_013 0.000 0.000 0.006 0.051 0.286 0.525 0.568 0.576 0.576 0.578 0.579 0.578 0.579 0.578 0.575
GLU-1A0329_014 0.000 0.000 0.004 0.037 0.209 0.381 0.417 0.424 0.424 0.422 0.421 0.422 0.421 0.422 0.425
