 ph              0.0   1.0   2.0   3.0   4.0   5.0   6.0   7.0   8.0   9.0  10.0  11.0  12.0  13.0  14.0
GLU01A0135_001 0.002 0.002 0.002 0.002 0.001 0.000 0.000 0.000 0.000 0.000 0.000 0.000 0.000 0.000 0.000
GLU01A0135_002 0.000 0.000 0.000 0.000 0.000 0.000 0.000 0.000 0.000 0.000 0.000 0.000 0.000 0.000 0.000
GLU01A0135_003 0.056 0.056 0.054 0.052 0.034 0.009 0.000 0.000 0.000 0.000 0.000 0.000 0.000 0.000 0.000
GLU01A0135_004 0.022 0.022 0.022 0.020 0.014 0.004 0.000 0.000 0.000 0.000 0.000 0.000 0.000 0.000 0.000
GLU01A0135_005 0.025 0.025 0.025 0.024 0.016 0.004 0.000 0.000 0.000 0.000 0.000 0.000 0.000 0.000 0.000
GLU01A0135_006 0.006 0.006 0.005 0.005 0.004 0.000 0.000 0.000 0.000 0.000 0.000 0.000 0.000 0.000 0.000
GLU01A0135_007 0.002 0.002 0.002 0.002 0.001 0.000 0.000 0.000 0.000 0.000 0.000 0.000 0.000 0.000 0.000
GLU01A0135_008 0.000 0.000 0.000 0.000 0.000 0.000 0.000 0.000 0.000 0.000 0.000 0.000 0.000 0.000 0.000
GLU01A0135_009 0.003 0.003 0.003 0.003 0.002 0.000 0.000 0.000 0.000 0.000 0.000 0.000 0.000 0.000 0.000
GLU01A0135_010 0.000 0.000 0.000 0.000 0.000 0.000 0.000 0.000 0.000 0.000 0.000 0.000 0.000 0.000 0.000
GLU01A0135_011 0.027 0.028 0.027 0.026 0.017 0.005 0.000 0.000 0.000 0.000 0.000 0.000 0.000 0.000 0.000
GLU01A0135_012 0.000 0.000 0.000 0.000 0.000 0.000 0.000 0.000 0.000 0.000 0.000 0.000 0.000 0.000 0.000
GLU01A0135_013 0.000 0.000 0.000 0.000 0.000 0.000 0.000 0.000 0.000 0.000 0.000 0.000 0.000 0.000 0.000
GLU01A0135_014 0.000 0.000 0.000 0.000 0.000 0.000 0.000 0.000 0.000 0.000 0.000 0.000 0.000 0.000 0.000
GLU01A0135_015 0.000 0.000 0.000 0.000 0.000 0.000 0.000 0.000 0.000 0.000 0.000 0.000 0.000 0.000 0.000
GLU01A0135_016 0.023 0.023 0.023 0.022 0.014 0.004 0.000 0.000 0.000 0.000 0.000 0.000 0.000 0.000 0.000
GLU01A0135_017 0.003 0.003 0.002 0.002 0.002 0.000 0.000 0.000 0.000 0.000 0.000 0.000 0.000 0.000 0.000
GLU01A0135_018 0.033 0.034 0.032 0.031 0.021 0.006 0.000 0.000 0.000 0.000 0.000 0.000 0.000 0.000 0.000
GLU01A0135_019 0.022 0.022 0.022 0.021 0.014 0.004 0.000 0.000 0.000 0.000 0.000 0.000 0.000 0.000 0.000
GLU01A0135_020 0.403 0.401 0.397 0.380 0.251 0.068 0.038 0.000 0.000 0.000 0.000 0.000 0.000 0.000 0.000
GLU01A0135_021 0.008 0.008 0.008 0.008 0.005 0.001 0.000 0.000 0.000 0.000 0.000 0.000 0.000 0.000 0.000
GLU01A0135_022 0.003 0.003 0.003 0.003 0.002 0.000 0.000 0.000 0.000 0.000 0.000 0.000 0.000 0.000 0.000
GLU01A0135_023 0.002 0.002 0.002 0.002 0.001 0.000 0.000 0.000 0.000 0.000 0.000 0.000 0.000 0.000 0.000
GLU02A0135_024 0.009 0.009 0.009 0.009 0.006 0.002 0.000 0.000 0.000 0.000 0.000 0.000 0.000 0.000 0.000
GLU02A0135_025 0.007 0.007 0.007 0.006 0.004 0.000 0.000 0.000 0.000 0.000 0.000 0.000 0.000 0.000 0.000
GLU02A0135_026 0.000 0.000 0.000 0.000 0.000 0.000 0.000 0.000 0.000 0.000 0.000 0.000 0.000 0.000 0.000
GLU02A0135_027 0.002 0.002 0.002 0.002 0.001 0.000 0.000 0.000 0.000 0.000 0.000 0.000 0.000 0.000 0.000
GLU02A0135_028 0.107 0.107 0.108 0.099 0.067 0.018 0.010 0.000 0.000 0.000 0.000 0.000 0.000 0.000 0.000
GLU02A0135_029 0.067 0.067 0.067 0.063 0.041 0.011 0.000 0.000 0.000 0.000 0.000 0.000 0.000 0.000 0.000
GLU02A0135_030 0.052 0.052 0.052 0.050 0.033 0.009 0.000 0.000 0.000 0.000 0.000 0.000 0.000 0.000 0.000
GLU02A0135_031 0.000 0.000 0.000 0.000 0.000 0.000 0.000 0.000 0.000 0.000 0.000 0.000 0.000 0.000 0.000
GLU02A0135_032 0.010 0.010 0.010 0.010 0.007 0.002 0.000 0.000 0.000 0.000 0.000 0.000 0.000 0.000 0.000
GLU02A0135_033 0.000 0.000 0.000 0.000 0.000 0.000 0.000 0.000 0.000 0.000 0.000 0.000 0.000 0.000 0.000
GLU02A0135_034 0.018 0.017 0.017 0.016 0.011 0.003 0.000 0.000 0.000 0.000 0.000 0.000 0.000 0.000 0.000
GLU02A0135_035 0.002 0.002 0.002 0.002 0.000 0.000 0.000 0.000 0.000 0.000 0.000 0.000 0.000 0.000 0.000
GLU02A0135_036 0.000 0.000 0.000 0.000 0.000 0.000 0.000 0.000 0.000 0.000 0.000 0.000 0.000 0.000 0.000
GLU02A0135_037 0.000 0.000 0.000 0.000 0.000 0.000 0.000 0.000 0.000 0.000 0.000 0.000 0.000 0.000 0.000
GLU02A0135_038 0.004 0.004 0.005 0.004 0.003 0.000 0.000 0.000 0.000 0.000 0.000 0.000 0.000 0.000 0.000
GLU02A0135_039 0.003 0.003 0.003 0.003 0.002 0.000 0.000 0.000 0.000 0.000 0.000 0.000 0.000 0.000 0.000
GLU02A0135_040 0.011 0.011 0.011 0.010 0.007 0.002 0.000 0.000 0.000 0.000 0.000 0.000 0.000 0.000 0.000
GLU02A0135_041 0.011 0.011 0.011 0.010 0.007 0.002 0.000 0.000 0.000 0.000 0.000 0.000 0.000 0.000 0.000
GLU02A0135_042 0.003 0.003 0.003 0.003 0.002 0.000 0.000 0.000 0.000 0.000 0.000 0.000 0.000 0.000 0.000
GLU02A0135_043 0.047 0.047 0.046 0.044 0.029 0.008 0.000 0.000 0.000 0.000 0.000 0.000 0.000 0.000 0.000
GLU02A0135_044 0.004 0.004 0.004 0.004 0.002 0.000 0.000 0.000 0.000 0.000 0.000 0.000 0.000 0.000 0.000
GLU02A0135_045 0.002 0.002 0.002 0.002 0.001 0.000 0.000 0.000 0.000 0.000 0.000 0.000 0.000 0.000 0.000
GLU-1A0135_046 0.000 0.000 0.004 0.020 0.126 0.282 0.320 0.334 0.334 0.335 0.335 0.333 0.335 0.335 0.334
GLU-1A0135_047 0.000 0.000 0.000 0.002 0.014 0.031 0.036 0.038 0.037 0.038 0.038 0.038 0.038 0.038 0.038
GLU-1A0135_048 0.000 0.000 0.002 0.011 0.065 0.149 0.167 0.176 0.177 0.177 0.177 0.178 0.176 0.177 0.177
GLU-1A0135_049 0.000 0.000 0.003 0.014 0.093 0.204 0.233 0.246 0.246 0.245 0.245 0.246 0.245 0.242 0.246
GLU-1A0135_050 0.000 0.000 0.000 0.005 0.029 0.066 0.073 0.078 0.077 0.077 0.077 0.077 0.078 0.079 0.078
GLU-1A0135_051 0.000 0.000 0.000 0.002 0.012 0.027 0.030 0.032 0.032 0.032 0.032 0.032 0.031 0.032 0.031
GLU-1A0135_052 0.000 0.000 0.000 0.005 0.031 0.069 0.079 0.083 0.083 0.083 0.083 0.083 0.083 0.084 0.082
GLU-1A0135_053 0.000 0.000 0.000 0.000 0.002 0.005 0.005 0.006 0.006 0.006 0.005 0.005 0.005 0.006 0.006
GLU-1A0135_054 0.000 0.000 0.000 0.000 0.003 0.007 0.008 0.008 0.008 0.008 0.008 0.008 0.008 0.008 0.008
