 ph              0.0   1.0   2.0   3.0   4.0   5.0   6.0   7.0   8.0   9.0  10.0  11.0  12.0  13.0  14.0
ASP01A0210_001 0.000 0.000 0.000 0.000 0.000 0.000 0.000 0.000 0.000 0.000 0.000 0.000 0.000 0.000 0.000
ASP01A0210_002 0.035 0.034 0.033 0.030 0.013 0.003 0.000 0.000 0.000 0.000 0.000 0.000 0.000 0.000 0.000
ASP01A0210_003 0.005 0.005 0.005 0.005 0.002 0.000 0.000 0.000 0.000 0.000 0.000 0.000 0.000 0.000 0.000
ASP01A0210_004 0.008 0.008 0.008 0.007 0.003 0.000 0.000 0.000 0.000 0.000 0.000 0.000 0.000 0.000 0.000
ASP01A0210_005 0.038 0.038 0.038 0.033 0.015 0.003 0.000 0.000 0.000 0.000 0.000 0.000 0.000 0.000 0.000
ASP01A0210_006 0.007 0.007 0.007 0.006 0.003 0.000 0.000 0.000 0.000 0.000 0.000 0.000 0.000 0.000 0.000
ASP01A0210_007 0.000 0.000 0.000 0.000 0.000 0.000 0.000 0.000 0.000 0.000 0.000 0.000 0.000 0.000 0.000
ASP01A0210_008 0.461 0.460 0.454 0.396 0.180 0.033 0.006 0.000 0.000 0.000 0.000 0.000 0.000 0.000 0.000
ASP02A0210_009 0.006 0.006 0.006 0.006 0.003 0.000 0.000 0.000 0.000 0.000 0.000 0.000 0.000 0.000 0.000
ASP02A0210_010 0.027 0.027 0.026 0.023 0.011 0.002 0.000 0.000 0.000 0.000 0.000 0.000 0.000 0.000 0.000
ASP02A0210_011 0.003 0.003 0.003 0.002 0.001 0.000 0.000 0.000 0.000 0.000 0.000 0.000 0.000 0.000 0.000
ASP02A0210_012 0.012 0.012 0.012 0.010 0.004 0.000 0.000 0.000 0.000 0.000 0.000 0.000 0.000 0.000 0.000
ASP02A0210_013 0.074 0.075 0.073 0.064 0.029 0.006 0.000 0.000 0.000 0.000 0.000 0.000 0.000 0.000 0.000
ASP02A0210_014 0.000 0.000 0.000 0.000 0.000 0.000 0.000 0.000 0.000 0.000 0.000 0.000 0.000 0.000 0.000
ASP02A0210_015 0.320 0.319 0.315 0.277 0.126 0.022 0.004 0.000 0.000 0.000 0.000 0.000 0.000 0.000 0.000
ASP02A0210_016 0.003 0.004 0.003 0.003 0.001 0.000 0.000 0.000 0.000 0.000 0.000 0.000 0.000 0.000 0.000
ASP-1A0210_017 0.000 0.000 0.003 0.025 0.113 0.175 0.186 0.184 0.188 0.185 0.189 0.194 0.184 0.186 0.189
ASP-1A0210_018 0.000 0.002 0.013 0.112 0.494 0.754 0.800 0.813 0.809 0.812 0.807 0.803 0.813 0.810 0.808
ASP-1A0210_019 0.000 0.000 0.000 0.000 0.002 0.003 0.003 0.003 0.003 0.003 0.003 0.003 0.003 0.003 0.003
