 ph              0.0   1.0   2.0   3.0   4.0   5.0   6.0   7.0   8.0   9.0  10.0  11.0  12.0  13.0  14.0
ASP01A0019_001 0.004 0.004 0.004 0.004 0.002 0.000 0.000 0.000 0.000 0.000 0.000 0.000 0.000 0.000 0.000
ASP01A0019_002 0.002 0.002 0.002 0.002 0.000 0.000 0.000 0.000 0.000 0.000 0.000 0.000 0.000 0.000 0.000
ASP01A0019_003 0.011 0.011 0.011 0.010 0.005 0.000 0.000 0.000 0.000 0.000 0.000 0.000 0.000 0.000 0.000
ASP01A0019_004 0.002 0.002 0.001 0.001 0.000 0.000 0.000 0.000 0.000 0.000 0.000 0.000 0.000 0.000 0.000
ASP01A0019_005 0.053 0.053 0.053 0.049 0.026 0.005 0.000 0.000 0.000 0.000 0.000 0.000 0.000 0.000 0.000
ASP01A0019_006 0.026 0.027 0.026 0.024 0.013 0.003 0.000 0.000 0.000 0.000 0.000 0.000 0.000 0.000 0.000
ASP01A0019_007 0.051 0.052 0.051 0.047 0.025 0.005 0.000 0.000 0.000 0.000 0.000 0.000 0.000 0.000 0.000
ASP01A0019_008 0.038 0.038 0.038 0.035 0.018 0.004 0.000 0.000 0.000 0.000 0.000 0.000 0.000 0.000 0.000
ASP01A0019_009 0.000 0.001 0.001 0.000 0.000 0.000 0.000 0.000 0.000 0.000 0.000 0.000 0.000 0.000 0.000
ASP01A0019_010 0.025 0.025 0.025 0.023 0.012 0.002 0.000 0.000 0.000 0.000 0.000 0.000 0.000 0.000 0.000
ASP01A0019_011 0.460 0.458 0.451 0.413 0.222 0.044 0.013 0.000 0.000 0.000 0.000 0.000 0.000 0.000 0.000
ASP02A0019_012 0.000 0.000 0.000 0.000 0.000 0.000 0.000 0.000 0.000 0.000 0.000 0.000 0.000 0.000 0.000
ASP02A0019_013 0.008 0.008 0.008 0.007 0.004 0.000 0.000 0.000 0.000 0.000 0.000 0.000 0.000 0.000 0.000
ASP02A0019_014 0.008 0.008 0.008 0.008 0.004 0.000 0.000 0.000 0.000 0.000 0.000 0.000 0.000 0.000 0.000
ASP02A0019_015 0.000 0.000 0.000 0.000 0.000 0.000 0.000 0.000 0.000 0.000 0.000 0.000 0.000 0.000 0.000
ASP02A0019_016 0.020 0.020 0.020 0.019 0.010 0.002 0.000 0.000 0.000 0.000 0.000 0.000 0.000 0.000 0.000
ASP02A0019_017 0.000 0.001 0.001 0.000 0.000 0.000 0.000 0.000 0.000 0.000 0.000 0.000 0.000 0.000 0.000
ASP02A0019_018 0.179 0.176 0.176 0.161 0.088 0.017 0.005 0.000 0.000 0.000 0.000 0.000 0.000 0.000 0.000
ASP02A0019_019 0.085 0.084 0.084 0.077 0.041 0.009 0.000 0.000 0.000 0.000 0.000 0.000 0.000 0.000 0.000
ASP02A0019_020 0.007 0.007 0.007 0.006 0.003 0.000 0.000 0.000 0.000 0.000 0.000 0.000 0.000 0.000 0.000
ASP02A0019_021 0.020 0.020 0.019 0.018 0.010 0.002 0.000 0.000 0.000 0.000 0.000 0.000 0.000 0.000 0.000
ASP-1A0019_022 0.000 0.000 0.002 0.015 0.077 0.136 0.148 0.148 0.151 0.151 0.149 0.150 0.147 0.151 0.146
ASP-1A0019_023 0.000 0.000 0.000 0.004 0.021 0.037 0.040 0.040 0.040 0.041 0.042 0.042 0.039 0.040 0.040
ASP-1A0019_024 0.000 0.000 0.010 0.079 0.418 0.734 0.793 0.812 0.809 0.808 0.809 0.808 0.813 0.809 0.814
