 ph              0.0   1.0   2.0   3.0   4.0   5.0   6.0   7.0   8.0   9.0  10.0  11.0  12.0  13.0  14.0
HIS01A0151_001 0.000 0.000 0.000 0.000 0.000 0.000 0.002 0.014 0.033 0.038 0.039 0.039 0.039 0.038 0.040
HIS01A0151_002 0.000 0.000 0.000 0.000 0.000 0.000 0.007 0.045 0.105 0.122 0.124 0.126 0.125 0.124 0.125
HIS01A0151_003 0.000 0.000 0.000 0.000 0.000 0.000 0.000 0.000 0.000 0.000 0.000 0.000 0.000 0.000 0.000
HIS01A0151_004 0.000 0.000 0.000 0.000 0.000 0.000 0.001 0.009 0.021 0.025 0.025 0.026 0.026 0.026 0.025
HIS01A0151_005 0.000 0.000 0.000 0.000 0.000 0.000 0.000 0.000 0.000 0.000 0.000 0.000 0.000 0.000 0.000
HIS01A0151_006 0.000 0.000 0.000 0.000 0.000 0.000 0.004 0.029 0.069 0.080 0.082 0.083 0.081 0.082 0.081
HIS01A0151_007 0.000 0.000 0.000 0.000 0.000 0.000 0.003 0.018 0.042 0.049 0.049 0.050 0.050 0.050 0.050
HIS01A0151_008 0.000 0.000 0.000 0.000 0.000 0.000 0.000 0.000 0.000 0.000 0.000 0.000 0.000 0.000 0.000
HIS01A0151_009 0.000 0.000 0.000 0.000 0.000 0.000 0.000 0.000 0.000 0.000 0.000 0.000 0.000 0.000 0.000
HIS01A0151_010 0.000 0.000 0.000 0.000 0.000 0.000 0.002 0.016 0.038 0.045 0.046 0.046 0.046 0.046 0.046
HIS01A0151_011 0.000 0.000 0.000 0.000 0.000 0.000 0.002 0.013 0.031 0.036 0.036 0.037 0.037 0.037 0.036
HIS01A0151_012 0.000 0.000 0.000 0.000 0.000 0.000 0.000 0.000 0.001 0.002 0.002 0.002 0.002 0.002 0.002
HIS01A0151_013 0.000 0.000 0.000 0.000 0.000 0.000 0.000 0.000 0.000 0.000 0.000 0.000 0.000 0.000 0.000
HIS01A0151_014 0.000 0.000 0.000 0.000 0.000 0.000 0.000 0.000 0.002 0.002 0.002 0.002 0.002 0.002 0.002
HIS01A0151_015 0.000 0.000 0.000 0.000 0.000 0.000 0.000 0.000 0.000 0.000 0.000 0.000 0.000 0.000 0.000
HIS01A0151_016 0.000 0.000 0.000 0.000 0.000 0.000 0.002 0.012 0.030 0.035 0.036 0.036 0.035 0.035 0.036
HIS01A0151_017 0.000 0.000 0.000 0.000 0.000 0.000 0.000 0.000 0.000 0.000 0.000 0.000 0.000 0.000 0.000
HIS01A0151_018 0.000 0.000 0.000 0.000 0.000 0.000 0.000 0.000 0.000 0.000 0.000 0.000 0.000 0.000 0.000
HIS01A0151_019 0.000 0.000 0.000 0.000 0.000 0.000 0.000 0.000 0.000 0.000 0.000 0.000 0.000 0.000 0.000
HIS01A0151_020 0.000 0.000 0.000 0.000 0.000 0.000 0.000 0.000 0.000 0.000 0.000 0.000 0.000 0.000 0.000
HIS02A0151_021 0.000 0.000 0.000 0.000 0.000 0.000 0.004 0.030 0.072 0.083 0.085 0.084 0.085 0.085 0.085
HIS02A0151_022 0.000 0.000 0.000 0.000 0.000 0.000 0.006 0.039 0.091 0.106 0.109 0.108 0.109 0.109 0.108
HIS02A0151_023 0.000 0.000 0.000 0.000 0.000 0.000 0.000 0.000 0.000 0.000 0.000 0.000 0.000 0.000 0.000
HIS02A0151_024 0.000 0.000 0.000 0.000 0.000 0.000 0.003 0.019 0.045 0.053 0.054 0.053 0.054 0.053 0.053
HIS02A0151_025 0.000 0.000 0.000 0.000 0.000 0.000 0.000 0.000 0.000 0.000 0.000 0.000 0.000 0.000 0.000
HIS02A0151_026 0.000 0.000 0.000 0.000 0.000 0.000 0.002 0.015 0.035 0.040 0.041 0.041 0.041 0.041 0.042
HIS02A0151_027 0.000 0.000 0.000 0.000 0.000 0.000 0.000 0.000 0.000 0.000 0.000 0.000 0.000 0.000 0.000
HIS02A0151_028 0.000 0.000 0.000 0.000 0.000 0.000 0.000 0.000 0.002 0.002 0.002 0.002 0.002 0.002 0.002
HIS02A0151_029 0.000 0.000 0.000 0.000 0.000 0.000 0.005 0.031 0.074 0.087 0.088 0.087 0.088 0.088 0.088
HIS02A0151_030 0.000 0.000 0.000 0.000 0.000 0.000 0.000 0.000 0.000 0.000 0.000 0.000 0.000 0.000 0.000
HIS02A0151_031 0.000 0.000 0.000 0.000 0.000 0.000 0.004 0.026 0.063 0.073 0.075 0.073 0.073 0.074 0.074
HIS02A0151_032 0.000 0.000 0.000 0.000 0.000 0.000 0.000 0.000 0.000 0.000 0.000 0.000 0.000 0.000 0.000
HIS02A0151_033 0.000 0.000 0.000 0.000 0.000 0.000 0.000 0.000 0.000 0.000 0.000 0.000 0.000 0.000 0.000
HIS02A0151_034 0.000 0.000 0.000 0.000 0.000 0.000 0.000 0.000 0.000 0.000 0.000 0.000 0.000 0.000 0.000
HIS02A0151_035 0.000 0.000 0.000 0.000 0.000 0.000 0.000 0.000 0.000 0.000 0.000 0.000 0.000 0.000 0.000
HIS02A0151_036 0.000 0.000 0.000 0.000 0.000 0.000 0.002 0.010 0.024 0.027 0.027 0.028 0.028 0.028 0.028
HIS02A0151_037 0.000 0.000 0.000 0.000 0.000 0.000 0.000 0.000 0.000 0.000 0.000 0.000 0.000 0.000 0.000
HIS02A0151_038 0.000 0.000 0.000 0.000 0.000 0.000 0.000 0.000 0.000 0.000 0.000 0.000 0.000 0.000 0.000
HIS02A0151_039 0.000 0.000 0.000 0.000 0.000 0.000 0.004 0.027 0.065 0.076 0.077 0.077 0.077 0.077 0.077
HIS02A0151_040 0.000 0.000 0.000 0.000 0.000 0.000 0.000 0.000 0.000 0.000 0.000 0.000 0.000 0.000 0.000
HIS+1A0151_041 0.131 0.133 0.131 0.130 0.132 0.131 0.125 0.085 0.021 0.002 0.000 0.000 0.000 0.000 0.000
HIS+1A0151_042 0.226 0.225 0.226 0.226 0.227 0.227 0.215 0.145 0.035 0.004 0.000 0.000 0.000 0.000 0.000
HIS+1A0151_043 0.000 0.000 0.000 0.000 0.000 0.000 0.000 0.000 0.000 0.000 0.000 0.000 0.000 0.000 0.000
HIS+1A0151_044 0.000 0.000 0.000 0.000 0.000 0.000 0.000 0.000 0.000 0.000 0.000 0.000 0.000 0.000 0.000
HIS+1A0151_045 0.000 0.000 0.000 0.000 0.000 0.000 0.000 0.000 0.000 0.000 0.000 0.000 0.000 0.000 0.000
HIS+1A0151_046 0.000 0.000 0.000 0.000 0.000 0.000 0.000 0.000 0.000 0.000 0.000 0.000 0.000 0.000 0.000
HIS+1A0151_047 0.000 0.000 0.000 0.000 0.000 0.000 0.000 0.000 0.000 0.000 0.000 0.000 0.000 0.000 0.000
HIS+1A0151_048 0.000 0.000 0.000 0.000 0.000 0.000 0.000 0.000 0.000 0.000 0.000 0.000 0.000 0.000 0.000
HIS+1A0151_049 0.062 0.062 0.064 0.064 0.064 0.062 0.059 0.040 0.010 0.001 0.000 0.000 0.000 0.000 0.000
HIS+1A0151_050 0.068 0.067 0.067 0.068 0.067 0.067 0.064 0.043 0.010 0.001 0.000 0.000 0.000 0.000 0.000
HIS+1A0151_051 0.000 0.000 0.000 0.000 0.000 0.000 0.000 0.000 0.000 0.000 0.000 0.000 0.000 0.000 0.000
HIS+1A0151_052 0.078 0.078 0.078 0.078 0.078 0.077 0.075 0.051 0.012 0.001 0.000 0.000 0.000 0.000 0.000
HIS+1A0151_053 0.000 0.000 0.000 0.000 0.000 0.000 0.000 0.000 0.000 0.000 0.000 0.000 0.000 0.000 0.000
HIS+1A0151_054 0.000 0.000 0.000 0.000 0.000 0.000 0.000 0.000 0.000 0.000 0.000 0.000 0.000 0.000 0.000
HIS+1A0151_055 0.008 0.008 0.008 0.008 0.008 0.007 0.007 0.005 0.001 0.000 0.000 0.000 0.000 0.000 0.000
HIS+1A0151_056 0.238 0.239 0.236 0.238 0.236 0.241 0.223 0.155 0.037 0.004 0.000 0.000 0.000 0.000 0.000
HIS+1A0151_057 0.111 0.110 0.110 0.110 0.110 0.109 0.104 0.072 0.017 0.002 0.000 0.000 0.000 0.000 0.000
HIS+1A0151_058 0.077 0.077 0.079 0.077 0.078 0.077 0.073 0.050 0.012 0.002 0.000 0.000 0.000 0.000 0.000
HIS+1A0151_059 0.000 0.000 0.000 0.000 0.000 0.000 0.000 0.000 0.000 0.000 0.000 0.000 0.000 0.000 0.000
HIS+1A0151_060 0.000 0.000 0.000 0.000 0.000 0.000 0.000 0.000 0.000 0.000 0.000 0.000 0.000 0.000 0.000
