 ph              0.0   1.0   2.0   3.0   4.0   5.0   6.0   7.0   8.0   9.0  10.0  11.0  12.0  13.0  14.0
LEU01A0008_001 0.304 0.304 0.304 0.304 0.305 0.307 0.304 0.302 0.305 0.302 0.302 0.304 0.305 0.303 0.305
LEU01A0008_002 0.220 0.221 0.220 0.221 0.222 0.220 0.220 0.221 0.221 0.222 0.220 0.222 0.221 0.221 0.219
LEU01A0008_003 0.262 0.261 0.261 0.262 0.261 0.260 0.261 0.262 0.263 0.263 0.264 0.262 0.261 0.261 0.261
LEU01A0008_004 0.009 0.009 0.009 0.009 0.009 0.009 0.009 0.009 0.009 0.009 0.008 0.009 0.009 0.009 0.009
LEU01A0008_005 0.065 0.065 0.066 0.065 0.064 0.065 0.066 0.065 0.064 0.065 0.066 0.064 0.065 0.065 0.065
LEU01A0008_006 0.016 0.016 0.016 0.016 0.016 0.016 0.016 0.016 0.016 0.016 0.016 0.016 0.016 0.016 0.016
LEU01A0008_007 0.115 0.115 0.115 0.115 0.115 0.115 0.115 0.116 0.114 0.115 0.115 0.114 0.115 0.116 0.116
LEU01A0008_008 0.003 0.003 0.003 0.003 0.003 0.003 0.003 0.003 0.003 0.003 0.003 0.003 0.003 0.003 0.003
LEU01A0008_009 0.000 0.000 0.000 0.000 0.000 0.000 0.000 0.000 0.000 0.000 0.000 0.000 0.000 0.000 0.000
LEU01A0008_010 0.005 0.005 0.005 0.005 0.005 0.005 0.005 0.005 0.005 0.005 0.005 0.005 0.005 0.005 0.005
LEU01A0008_011 0.000 0.000 0.000 0.000 0.000 0.000 0.000 0.000 0.000 0.000 0.000 0.000 0.000 0.000 0.000
LEU01A0008_012 0.000 0.001 0.001 0.000 0.000 0.000 0.001 0.000 0.000 0.000 0.001 0.000 0.000 0.000 0.001
