 ph              0.0   1.0   2.0   3.0   4.0   5.0   6.0   7.0   8.0   9.0  10.0  11.0  12.0  13.0  14.0
MET01A0218_001 0.642 0.638 0.641 0.647 0.639 0.638 0.640 0.643 0.645 0.643 0.639 0.640 0.641 0.641 0.642
MET01A0218_002 0.002 0.002 0.002 0.002 0.002 0.002 0.002 0.002 0.002 0.002 0.002 0.002 0.001 0.002 0.002
MET01A0218_003 0.053 0.055 0.052 0.052 0.052 0.054 0.052 0.053 0.053 0.053 0.054 0.053 0.052 0.052 0.053
MET01A0218_004 0.210 0.209 0.211 0.204 0.212 0.210 0.210 0.207 0.209 0.208 0.210 0.209 0.210 0.210 0.208
MET01A0218_005 0.013 0.013 0.013 0.013 0.013 0.013 0.013 0.013 0.012 0.012 0.012 0.013 0.012 0.013 0.012
MET01A0218_006 0.000 0.000 0.000 0.000 0.000 0.000 0.000 0.000 0.000 0.000 0.000 0.000 0.000 0.000 0.000
MET01A0218_007 0.010 0.010 0.010 0.009 0.009 0.010 0.010 0.010 0.010 0.010 0.010 0.010 0.010 0.010 0.010
MET01A0218_008 0.000 0.000 0.000 0.000 0.000 0.000 0.000 0.000 0.000 0.000 0.000 0.000 0.000 0.000 0.000
MET01A0218_009 0.000 0.000 0.000 0.000 0.000 0.000 0.000 0.000 0.000 0.000 0.000 0.000 0.000 0.000 0.000
MET01A0218_010 0.052 0.053 0.052 0.052 0.053 0.053 0.052 0.053 0.051 0.053 0.053 0.052 0.052 0.052 0.053
MET01A0218_011 0.000 0.001 0.001 0.001 0.001 0.001 0.001 0.001 0.000 0.000 0.001 0.001 0.001 0.001 0.001
MET01A0218_012 0.018 0.018 0.018 0.018 0.017 0.018 0.018 0.018 0.017 0.018 0.017 0.018 0.018 0.018 0.018
MET01A0218_013 0.000 0.000 0.000 0.000 0.000 0.000 0.000 0.000 0.000 0.000 0.000 0.000 0.000 0.000 0.000
MET01A0218_014 0.000 0.000 0.000 0.000 0.000 0.001 0.000 0.000 0.000 0.000 0.000 0.000 0.000 0.000 0.000
MET01A0218_015 0.000 0.000 0.000 0.000 0.000 0.000 0.000 0.000 0.000 0.000 0.000 0.000 0.000 0.000 0.000
MET01A0218_016 0.000 0.000 0.000 0.000 0.000 0.000 0.000 0.000 0.000 0.000 0.000 0.000 0.000 0.000 0.000
MET01A0218_017 0.000 0.000 0.000 0.000 0.000 0.000 0.000 0.000 0.000 0.000 0.000 0.000 0.000 0.000 0.000
MET01A0218_018 0.000 0.001 0.001 0.001 0.001 0.000 0.001 0.001 0.001 0.001 0.001 0.001 0.001 0.001 0.000
MET01A0218_019 0.000 0.000 0.000 0.000 0.000 0.000 0.000 0.000 0.000 0.000 0.000 0.000 0.000 0.000 0.000
MET01A0218_020 0.000 0.000 0.000 0.000 0.000 0.000 0.000 0.000 0.000 0.000 0.000 0.000 0.000 0.000 0.000
