 ph              0.0   1.0   2.0   3.0   4.0   5.0   6.0   7.0   8.0   9.0  10.0  11.0  12.0  13.0  14.0
MET01A0191_001 0.422 0.423 0.423 0.424 0.423 0.421 0.419 0.423 0.421 0.421 0.421 0.423 0.422 0.421 0.419
MET01A0191_002 0.000 0.000 0.000 0.000 0.000 0.000 0.000 0.000 0.000 0.000 0.000 0.000 0.000 0.000 0.000
MET01A0191_003 0.000 0.000 0.000 0.000 0.000 0.000 0.000 0.000 0.000 0.000 0.000 0.000 0.000 0.000 0.000
MET01A0191_004 0.000 0.000 0.000 0.000 0.000 0.000 0.000 0.000 0.000 0.000 0.000 0.000 0.000 0.000 0.000
MET01A0191_005 0.443 0.444 0.443 0.443 0.444 0.446 0.447 0.444 0.446 0.446 0.447 0.443 0.446 0.445 0.447
MET01A0191_006 0.000 0.000 0.000 0.000 0.000 0.000 0.000 0.000 0.000 0.000 0.000 0.000 0.000 0.000 0.000
MET01A0191_007 0.008 0.008 0.008 0.008 0.007 0.007 0.008 0.008 0.008 0.008 0.008 0.008 0.008 0.008 0.008
MET01A0191_008 0.000 0.000 0.000 0.000 0.000 0.000 0.000 0.000 0.000 0.000 0.000 0.000 0.000 0.000 0.000
MET01A0191_009 0.114 0.113 0.113 0.111 0.113 0.113 0.113 0.111 0.110 0.112 0.112 0.114 0.112 0.114 0.113
MET01A0191_010 0.000 0.000 0.000 0.000 0.000 0.000 0.000 0.000 0.001 0.000 0.000 0.000 0.000 0.000 0.000
MET01A0191_011 0.002 0.002 0.002 0.003 0.002 0.002 0.002 0.003 0.002 0.002 0.002 0.002 0.002 0.002 0.002
MET01A0191_012 0.002 0.002 0.002 0.002 0.002 0.002 0.002 0.002 0.002 0.002 0.002 0.002 0.002 0.002 0.002
MET01A0191_013 0.002 0.002 0.002 0.002 0.002 0.002 0.002 0.002 0.002 0.002 0.002 0.002 0.002 0.002 0.002
MET01A0191_014 0.000 0.000 0.000 0.000 0.000 0.000 0.000 0.000 0.000 0.000 0.000 0.000 0.000 0.000 0.000
MET01A0191_015 0.000 0.000 0.000 0.000 0.000 0.000 0.000 0.000 0.000 0.000 0.000 0.000 0.000 0.000 0.000
MET01A0191_016 0.000 0.000 0.000 0.000 0.000 0.000 0.000 0.000 0.000 0.000 0.000 0.000 0.000 0.000 0.000
MET01A0191_017 0.000 0.000 0.000 0.000 0.000 0.000 0.000 0.000 0.000 0.000 0.000 0.000 0.000 0.000 0.000
MET01A0191_018 0.000 0.000 0.000 0.000 0.000 0.000 0.000 0.000 0.000 0.000 0.000 0.000 0.000 0.000 0.000
MET01A0191_019 0.002 0.002 0.001 0.001 0.002 0.002 0.002 0.002 0.002 0.001 0.002 0.002 0.001 0.002 0.002
MET01A0191_020 0.005 0.005 0.005 0.005 0.004 0.005 0.005 0.005 0.004 0.004 0.004 0.005 0.005 0.004 0.005
