 ph              0.0   1.0   2.0   3.0   4.0   5.0   6.0   7.0   8.0   9.0  10.0  11.0  12.0  13.0  14.0
PHE01A0100_001 0.086 0.086 0.086 0.086 0.085 0.089 0.085 0.085 0.085 0.086 0.085 0.088 0.086 0.087 0.087
PHE01A0100_002 0.000 0.000 0.000 0.000 0.000 0.000 0.000 0.000 0.000 0.000 0.000 0.000 0.000 0.000 0.000
PHE01A0100_003 0.000 0.000 0.000 0.000 0.000 0.000 0.000 0.000 0.000 0.000 0.000 0.000 0.000 0.000 0.000
PHE01A0100_004 0.081 0.081 0.081 0.081 0.080 0.081 0.080 0.080 0.082 0.081 0.080 0.080 0.081 0.080 0.081
PHE01A0100_005 0.000 0.000 0.000 0.000 0.000 0.000 0.000 0.000 0.001 0.000 0.000 0.000 0.000 0.000 0.001
PHE01A0100_006 0.000 0.000 0.000 0.000 0.000 0.000 0.000 0.000 0.000 0.000 0.000 0.000 0.000 0.000 0.000
PHE01A0100_007 0.760 0.761 0.762 0.762 0.764 0.758 0.763 0.763 0.760 0.762 0.765 0.762 0.763 0.761 0.759
PHE01A0100_008 0.001 0.000 0.000 0.000 0.000 0.000 0.000 0.001 0.001 0.001 0.001 0.000 0.000 0.001 0.001
PHE01A0100_009 0.064 0.065 0.064 0.064 0.063 0.065 0.065 0.064 0.063 0.063 0.061 0.063 0.063 0.064 0.064
PHE01A0100_010 0.000 0.000 0.000 0.000 0.000 0.000 0.000 0.000 0.000 0.000 0.000 0.000 0.000 0.000 0.000
PHE01A0100_011 0.000 0.000 0.000 0.000 0.000 0.000 0.000 0.000 0.000 0.000 0.000 0.000 0.000 0.000 0.000
PHE01A0100_012 0.000 0.000 0.000 0.000 0.000 0.000 0.000 0.000 0.000 0.000 0.000 0.000 0.000 0.000 0.000
PHE01A0100_013 0.000 0.000 0.000 0.000 0.000 0.000 0.000 0.000 0.000 0.000 0.000 0.000 0.000 0.000 0.000
PHE01A0100_014 0.003 0.003 0.003 0.003 0.003 0.003 0.003 0.003 0.003 0.003 0.003 0.003 0.003 0.003 0.003
PHE01A0100_015 0.004 0.003 0.003 0.004 0.003 0.004 0.003 0.004 0.004 0.004 0.004 0.003 0.003 0.003 0.004
PHE01A0100_016 0.000 0.000 0.000 0.000 0.000 0.000 0.000 0.000 0.000 0.000 0.000 0.000 0.000 0.000 0.000
