 ph              0.0   1.0   2.0   3.0   4.0   5.0   6.0   7.0   8.0   9.0  10.0  11.0  12.0  13.0  14.0
GLU01A0295_001 0.000 0.000 0.000 0.000 0.000 0.000 0.000 0.000 0.000 0.000 0.000 0.000 0.000 0.000 0.000
GLU01A0295_002 0.012 0.012 0.012 0.011 0.007 0.002 0.000 0.000 0.000 0.000 0.000 0.000 0.000 0.000 0.000
GLU01A0295_003 0.000 0.000 0.000 0.000 0.000 0.000 0.000 0.000 0.000 0.000 0.000 0.000 0.000 0.000 0.000
GLU01A0295_004 0.006 0.006 0.006 0.006 0.004 0.000 0.000 0.000 0.000 0.000 0.000 0.000 0.000 0.000 0.000
GLU01A0295_005 0.010 0.010 0.010 0.009 0.006 0.001 0.000 0.000 0.000 0.000 0.000 0.000 0.000 0.000 0.000
GLU01A0295_006 0.010 0.011 0.010 0.010 0.006 0.001 0.000 0.000 0.000 0.000 0.000 0.000 0.000 0.000 0.000
GLU01A0295_007 0.000 0.000 0.000 0.000 0.000 0.000 0.000 0.000 0.000 0.000 0.000 0.000 0.000 0.000 0.000
GLU01A0295_008 0.148 0.148 0.146 0.138 0.087 0.020 0.002 0.000 0.000 0.000 0.000 0.000 0.000 0.000 0.000
GLU01A0295_009 0.133 0.132 0.133 0.123 0.079 0.018 0.002 0.000 0.000 0.000 0.000 0.000 0.000 0.000 0.000
GLU01A0295_010 0.114 0.112 0.111 0.105 0.066 0.015 0.002 0.000 0.000 0.000 0.000 0.000 0.000 0.000 0.000
GLU01A0295_011 0.162 0.164 0.161 0.152 0.096 0.022 0.003 0.000 0.000 0.000 0.000 0.000 0.000 0.000 0.000
GLU01A0295_012 0.000 0.000 0.000 0.000 0.000 0.000 0.000 0.000 0.000 0.000 0.000 0.000 0.000 0.000 0.000
GLU02A0295_013 0.000 0.000 0.000 0.000 0.000 0.000 0.000 0.000 0.000 0.000 0.000 0.000 0.000 0.000 0.000
GLU02A0295_014 0.004 0.004 0.004 0.004 0.002 0.000 0.000 0.000 0.000 0.000 0.000 0.000 0.000 0.000 0.000
GLU02A0295_015 0.000 0.000 0.000 0.000 0.000 0.000 0.000 0.000 0.000 0.000 0.000 0.000 0.000 0.000 0.000
GLU02A0295_016 0.084 0.084 0.084 0.079 0.050 0.011 0.001 0.000 0.000 0.000 0.000 0.000 0.000 0.000 0.000
GLU02A0295_017 0.000 0.000 0.000 0.000 0.000 0.000 0.000 0.000 0.000 0.000 0.000 0.000 0.000 0.000 0.000
GLU02A0295_018 0.000 0.000 0.000 0.000 0.000 0.000 0.000 0.000 0.000 0.000 0.000 0.000 0.000 0.000 0.000
GLU02A0295_019 0.005 0.005 0.005 0.005 0.003 0.000 0.000 0.000 0.000 0.000 0.000 0.000 0.000 0.000 0.000
GLU02A0295_020 0.006 0.006 0.006 0.006 0.003 0.000 0.000 0.000 0.000 0.000 0.000 0.000 0.000 0.000 0.000
GLU02A0295_021 0.004 0.004 0.004 0.004 0.003 0.000 0.000 0.000 0.000 0.000 0.000 0.000 0.000 0.000 0.000
GLU02A0295_022 0.096 0.096 0.094 0.089 0.056 0.013 0.002 0.000 0.000 0.000 0.000 0.000 0.000 0.000 0.000
GLU02A0295_023 0.108 0.109 0.109 0.102 0.063 0.015 0.002 0.000 0.000 0.000 0.000 0.000 0.000 0.000 0.000
GLU02A0295_024 0.098 0.098 0.096 0.092 0.057 0.013 0.002 0.000 0.000 0.000 0.000 0.000 0.000 0.000 0.000
GLU-1A0295_025 0.000 0.000 0.000 0.000 0.000 0.000 0.000 0.000 0.000 0.000 0.000 0.000 0.000 0.000 0.000
GLU-1A0295_026 0.000 0.000 0.001 0.013 0.082 0.174 0.195 0.198 0.198 0.201 0.199 0.200 0.199 0.198 0.199
GLU-1A0295_027 0.000 0.000 0.002 0.014 0.093 0.193 0.219 0.226 0.225 0.224 0.225 0.223 0.224 0.225 0.225
GLU-1A0295_028 0.000 0.000 0.002 0.018 0.113 0.238 0.270 0.271 0.272 0.272 0.274 0.273 0.274 0.273 0.272
GLU-1A0295_029 0.000 0.000 0.002 0.020 0.126 0.263 0.300 0.305 0.305 0.304 0.302 0.303 0.303 0.304 0.304
GLU-1A0295_030 0.000 0.000 0.000 0.000 0.000 0.000 0.000 0.000 0.000 0.000 0.000 0.000 0.000 0.000 0.000
