 ph              0.0   1.0   2.0   3.0   4.0   5.0   6.0   7.0   8.0   9.0  10.0  11.0  12.0  13.0  14.0
LEU01A0122_001 0.005 0.005 0.006 0.005 0.005 0.005 0.006 0.005 0.005 0.005 0.005 0.005 0.005 0.005 0.005
LEU01A0122_002 0.010 0.010 0.010 0.010 0.010 0.010 0.011 0.010 0.010 0.010 0.010 0.010 0.010 0.010 0.010
LEU01A0122_003 0.388 0.391 0.388 0.392 0.388 0.390 0.391 0.390 0.389 0.392 0.390 0.389 0.391 0.389 0.391
LEU01A0122_004 0.000 0.000 0.000 0.000 0.000 0.000 0.000 0.000 0.000 0.000 0.000 0.000 0.000 0.000 0.000
LEU01A0122_005 0.000 0.000 0.000 0.000 0.000 0.000 0.000 0.000 0.001 0.000 0.000 0.000 0.000 0.000 0.000
LEU01A0122_006 0.428 0.425 0.429 0.425 0.427 0.427 0.425 0.426 0.425 0.424 0.425 0.427 0.426 0.426 0.424
LEU01A0122_007 0.011 0.011 0.011 0.011 0.011 0.011 0.011 0.011 0.011 0.011 0.011 0.011 0.011 0.011 0.011
LEU01A0122_008 0.158 0.158 0.157 0.157 0.158 0.156 0.157 0.157 0.158 0.158 0.159 0.158 0.157 0.158 0.158
LEU01A0122_009 0.000 0.000 0.000 0.000 0.000 0.000 0.000 0.000 0.000 0.000 0.000 0.000 0.000 0.000 0.000
