 ph              0.0   1.0   2.0   3.0   4.0   5.0   6.0   7.0   8.0   9.0  10.0  11.0  12.0  13.0  14.0
PHE01A0226_001 0.566 0.565 0.563 0.565 0.570 0.568 0.567 0.565 0.565 0.569 0.567 0.568 0.565 0.571 0.570
PHE01A0226_002 0.000 0.000 0.000 0.000 0.000 0.000 0.000 0.000 0.000 0.000 0.000 0.000 0.000 0.000 0.000
PHE01A0226_003 0.020 0.020 0.020 0.020 0.020 0.020 0.020 0.020 0.020 0.020 0.020 0.020 0.020 0.020 0.020
PHE01A0226_004 0.000 0.000 0.000 0.000 0.000 0.000 0.000 0.000 0.000 0.000 0.000 0.000 0.000 0.000 0.000
PHE01A0226_005 0.370 0.368 0.370 0.368 0.365 0.366 0.367 0.369 0.369 0.365 0.367 0.366 0.369 0.364 0.363
PHE01A0226_006 0.000 0.000 0.001 0.001 0.000 0.001 0.001 0.000 0.001 0.000 0.000 0.000 0.000 0.000 0.001
PHE01A0226_007 0.038 0.039 0.039 0.039 0.038 0.039 0.038 0.039 0.038 0.039 0.039 0.039 0.039 0.038 0.039
PHE01A0226_008 0.007 0.007 0.007 0.007 0.007 0.007 0.007 0.007 0.007 0.007 0.007 0.007 0.006 0.006 0.007
PHE01A0226_009 0.000 0.000 0.000 0.000 0.000 0.000 0.000 0.000 0.000 0.000 0.000 0.000 0.000 0.000 0.000
