 ph              0.0   1.0   2.0   3.0   4.0   5.0   6.0   7.0   8.0   9.0  10.0  11.0  12.0  13.0  14.0
GLU01A0032_001 0.001 0.001 0.001 0.001 0.000 0.000 0.000 0.000 0.000 0.000 0.000 0.000 0.000 0.000 0.000
GLU01A0032_002 0.000 0.000 0.000 0.000 0.000 0.000 0.000 0.000 0.000 0.000 0.000 0.000 0.000 0.000 0.000
GLU01A0032_003 0.000 0.000 0.000 0.000 0.000 0.000 0.000 0.000 0.000 0.000 0.000 0.000 0.000 0.000 0.000
GLU01A0032_004 0.013 0.012 0.012 0.012 0.008 0.002 0.000 0.000 0.000 0.000 0.000 0.000 0.000 0.000 0.000
GLU01A0032_005 0.043 0.043 0.043 0.040 0.026 0.006 0.000 0.000 0.000 0.000 0.000 0.000 0.000 0.000 0.000
GLU01A0032_006 0.030 0.030 0.029 0.028 0.018 0.004 0.000 0.000 0.000 0.000 0.000 0.000 0.000 0.000 0.000
GLU01A0032_007 0.178 0.178 0.176 0.166 0.108 0.026 0.004 0.000 0.000 0.000 0.000 0.000 0.000 0.000 0.000
GLU01A0032_008 0.019 0.019 0.018 0.018 0.011 0.003 0.000 0.000 0.000 0.000 0.000 0.000 0.000 0.000 0.000
GLU01A0032_009 0.000 0.000 0.000 0.000 0.000 0.000 0.000 0.000 0.000 0.000 0.000 0.000 0.000 0.000 0.000
GLU01A0032_010 0.246 0.247 0.245 0.231 0.150 0.036 0.006 0.000 0.000 0.000 0.000 0.000 0.000 0.000 0.000
GLU01A0032_011 0.006 0.005 0.005 0.005 0.003 0.000 0.000 0.000 0.000 0.000 0.000 0.000 0.000 0.000 0.000
GLU01A0032_012 0.009 0.009 0.009 0.009 0.006 0.000 0.000 0.000 0.000 0.000 0.000 0.000 0.000 0.000 0.000
GLU02A0032_013 0.006 0.006 0.006 0.006 0.004 0.000 0.000 0.000 0.000 0.000 0.000 0.000 0.000 0.000 0.000
GLU02A0032_014 0.000 0.000 0.000 0.000 0.000 0.000 0.000 0.000 0.000 0.000 0.000 0.000 0.000 0.000 0.000
GLU02A0032_015 0.096 0.097 0.097 0.092 0.059 0.014 0.003 0.000 0.000 0.000 0.000 0.000 0.000 0.000 0.000
GLU02A0032_016 0.016 0.016 0.015 0.014 0.009 0.002 0.000 0.000 0.000 0.000 0.000 0.000 0.000 0.000 0.000
GLU02A0032_017 0.001 0.001 0.000 0.001 0.000 0.000 0.000 0.000 0.000 0.000 0.000 0.000 0.000 0.000 0.000
GLU02A0032_018 0.006 0.006 0.005 0.005 0.003 0.000 0.000 0.000 0.000 0.000 0.000 0.000 0.000 0.000 0.000
GLU02A0032_019 0.003 0.003 0.003 0.003 0.002 0.000 0.000 0.000 0.000 0.000 0.000 0.000 0.000 0.000 0.000
GLU02A0032_020 0.000 0.000 0.000 0.000 0.000 0.000 0.000 0.000 0.000 0.000 0.000 0.000 0.000 0.000 0.000
GLU02A0032_021 0.014 0.014 0.014 0.013 0.008 0.002 0.000 0.000 0.000 0.000 0.000 0.000 0.000 0.000 0.000
GLU02A0032_022 0.170 0.170 0.168 0.159 0.103 0.025 0.004 0.000 0.000 0.000 0.000 0.000 0.000 0.000 0.000
GLU02A0032_023 0.132 0.132 0.130 0.122 0.080 0.019 0.004 0.000 0.000 0.000 0.000 0.000 0.000 0.000 0.000
GLU02A0032_024 0.012 0.012 0.011 0.011 0.007 0.002 0.000 0.000 0.000 0.000 0.000 0.000 0.000 0.000 0.000
GLU-1A0032_025 0.000 0.000 0.002 0.014 0.087 0.186 0.212 0.219 0.220 0.219 0.218 0.217 0.217 0.214 0.217
GLU-1A0032_026 0.000 0.000 0.000 0.004 0.026 0.055 0.062 0.063 0.064 0.063 0.064 0.064 0.065 0.064 0.064
GLU-1A0032_027 0.000 0.000 0.000 0.004 0.022 0.047 0.055 0.056 0.055 0.055 0.056 0.055 0.056 0.055 0.057
GLU-1A0032_028 0.000 0.000 0.006 0.039 0.246 0.538 0.613 0.625 0.626 0.626 0.626 0.627 0.625 0.630 0.626
GLU-1A0032_029 0.000 0.000 0.000 0.002 0.015 0.032 0.037 0.037 0.036 0.036 0.036 0.037 0.037 0.037 0.036
