 ph              0.0   1.0   2.0   3.0   4.0   5.0   6.0   7.0   8.0   9.0  10.0  11.0  12.0  13.0  14.0
MET01A0079_001 0.660 0.662 0.661 0.660 0.662 0.662 0.661 0.663 0.663 0.661 0.656 0.665 0.660 0.665 0.661
MET01A0079_002 0.007 0.007 0.007 0.007 0.007 0.007 0.007 0.007 0.007 0.007 0.007 0.007 0.007 0.006 0.007
MET01A0079_003 0.003 0.003 0.003 0.003 0.003 0.003 0.003 0.003 0.002 0.003 0.003 0.003 0.003 0.003 0.003
MET01A0079_004 0.003 0.003 0.003 0.004 0.004 0.004 0.003 0.003 0.003 0.003 0.003 0.003 0.004 0.003 0.003
MET01A0079_005 0.089 0.088 0.089 0.088 0.090 0.089 0.088 0.089 0.088 0.092 0.091 0.088 0.089 0.087 0.090
MET01A0079_006 0.211 0.211 0.210 0.212 0.208 0.210 0.211 0.210 0.210 0.208 0.213 0.208 0.211 0.209 0.210
MET01A0079_007 0.000 0.000 0.000 0.000 0.000 0.000 0.000 0.000 0.000 0.000 0.000 0.000 0.000 0.000 0.000
MET01A0079_008 0.000 0.000 0.000 0.000 0.000 0.000 0.000 0.000 0.000 0.000 0.000 0.000 0.000 0.000 0.000
MET01A0079_009 0.020 0.020 0.021 0.020 0.020 0.020 0.021 0.020 0.020 0.020 0.021 0.020 0.021 0.020 0.020
MET01A0079_010 0.000 0.000 0.000 0.000 0.000 0.000 0.000 0.000 0.000 0.000 0.000 0.000 0.000 0.000 0.000
MET01A0079_011 0.000 0.000 0.000 0.000 0.000 0.000 0.000 0.000 0.000 0.000 0.000 0.000 0.000 0.000 0.000
MET01A0079_012 0.000 0.000 0.000 0.000 0.000 0.000 0.000 0.000 0.000 0.000 0.000 0.000 0.000 0.000 0.000
MET01A0079_013 0.000 0.000 0.000 0.000 0.000 0.000 0.000 0.000 0.000 0.000 0.000 0.000 0.000 0.000 0.000
MET01A0079_014 0.002 0.002 0.002 0.002 0.002 0.002 0.002 0.002 0.002 0.002 0.002 0.002 0.002 0.002 0.002
MET01A0079_015 0.000 0.000 0.000 0.000 0.000 0.000 0.000 0.000 0.000 0.000 0.000 0.000 0.000 0.000 0.000
MET01A0079_016 0.000 0.000 0.000 0.000 0.000 0.000 0.000 0.000 0.000 0.000 0.000 0.000 0.000 0.000 0.000
MET01A0079_017 0.000 0.000 0.000 0.000 0.000 0.000 0.000 0.000 0.000 0.000 0.000 0.000 0.000 0.000 0.000
MET01A0079_018 0.000 0.000 0.000 0.000 0.000 0.000 0.000 0.000 0.000 0.000 0.000 0.000 0.000 0.000 0.000
MET01A0079_019 0.000 0.000 0.000 0.000 0.000 0.000 0.000 0.000 0.000 0.000 0.000 0.000 0.000 0.000 0.000
MET01A0079_020 0.004 0.004 0.004 0.004 0.004 0.004 0.004 0.004 0.004 0.004 0.004 0.004 0.004 0.004 0.004
