 ph              0.0   1.0   2.0   3.0   4.0   5.0   6.0   7.0   8.0   9.0  10.0  11.0  12.0  13.0  14.0
PHE01A0084_001 0.059 0.059 0.058 0.059 0.058 0.058 0.058 0.058 0.059 0.058 0.058 0.059 0.058 0.059 0.059
PHE01A0084_002 0.000 0.001 0.000 0.001 0.000 0.000 0.000 0.001 0.000 0.001 0.000 0.001 0.001 0.000 0.001
PHE01A0084_003 0.303 0.303 0.305 0.304 0.302 0.302 0.304 0.305 0.304 0.304 0.305 0.302 0.305 0.306 0.301
PHE01A0084_004 0.000 0.000 0.000 0.000 0.000 0.000 0.000 0.000 0.000 0.000 0.000 0.000 0.000 0.000 0.000
PHE01A0084_005 0.026 0.027 0.026 0.027 0.026 0.026 0.026 0.026 0.026 0.027 0.026 0.026 0.027 0.026 0.026
PHE01A0084_006 0.000 0.000 0.000 0.000 0.000 0.000 0.000 0.000 0.000 0.000 0.000 0.000 0.000 0.000 0.000
PHE01A0084_007 0.066 0.065 0.065 0.065 0.065 0.065 0.064 0.066 0.066 0.066 0.065 0.065 0.065 0.065 0.065
PHE01A0084_008 0.000 0.000 0.000 0.000 0.000 0.000 0.000 0.000 0.000 0.000 0.000 0.000 0.000 0.000 0.000
PHE01A0084_009 0.000 0.000 0.000 0.000 0.000 0.000 0.000 0.000 0.000 0.000 0.000 0.000 0.000 0.000 0.000
PHE01A0084_010 0.000 0.000 0.000 0.000 0.000 0.000 0.000 0.000 0.000 0.000 0.000 0.000 0.000 0.000 0.000
PHE01A0084_011 0.488 0.488 0.488 0.486 0.492 0.491 0.492 0.487 0.488 0.487 0.488 0.488 0.488 0.488 0.491
PHE01A0084_012 0.012 0.012 0.011 0.011 0.011 0.012 0.012 0.011 0.012 0.011 0.011 0.012 0.011 0.011 0.011
PHE01A0084_013 0.037 0.038 0.037 0.038 0.037 0.037 0.036 0.037 0.037 0.038 0.038 0.037 0.037 0.037 0.037
PHE01A0084_014 0.000 0.000 0.000 0.000 0.000 0.000 0.000 0.000 0.000 0.000 0.000 0.000 0.000 0.000 0.000
PHE01A0084_015 0.000 0.000 0.000 0.000 0.000 0.000 0.000 0.000 0.000 0.000 0.000 0.000 0.000 0.000 0.000
PHE01A0084_016 0.008 0.008 0.008 0.008 0.008 0.008 0.008 0.008 0.008 0.008 0.008 0.008 0.008 0.008 0.008
PHE01A0084_017 0.000 0.000 0.000 0.000 0.000 0.000 0.000 0.000 0.000 0.000 0.000 0.000 0.000 0.000 0.000
PHE01A0084_018 0.000 0.000 0.000 0.000 0.000 0.000 0.000 0.000 0.000 0.000 0.000 0.000 0.000 0.000 0.000
PHE01A0084_019 0.000 0.000 0.000 0.000 0.000 0.000 0.000 0.000 0.000 0.000 0.000 0.000 0.000 0.000 0.000
