 ph              0.0   1.0   2.0   3.0   4.0   5.0   6.0   7.0   8.0   9.0  10.0  11.0  12.0  13.0  14.0
ASP01A0158_001 0.000 0.000 0.000 0.000 0.000 0.000 0.000 0.000 0.000 0.000 0.000 0.000 0.000 0.000 0.000
ASP01A0158_002 0.201 0.203 0.194 0.147 0.043 0.008 0.000 0.000 0.000 0.000 0.000 0.000 0.000 0.000 0.000
ASP01A0158_003 0.039 0.039 0.037 0.029 0.008 0.002 0.000 0.000 0.000 0.000 0.000 0.000 0.000 0.000 0.000
ASP01A0158_004 0.089 0.089 0.086 0.065 0.019 0.004 0.000 0.000 0.000 0.000 0.000 0.000 0.000 0.000 0.000
ASP01A0158_005 0.003 0.003 0.003 0.002 0.000 0.000 0.000 0.000 0.000 0.000 0.000 0.000 0.000 0.000 0.000
ASP01A0158_006 0.000 0.000 0.000 0.000 0.000 0.000 0.000 0.000 0.000 0.000 0.000 0.000 0.000 0.000 0.000
ASP01A0158_007 0.040 0.040 0.038 0.029 0.008 0.000 0.000 0.000 0.000 0.000 0.000 0.000 0.000 0.000 0.000
ASP01A0158_008 0.042 0.042 0.040 0.030 0.009 0.002 0.000 0.000 0.000 0.000 0.000 0.000 0.000 0.000 0.000
ASP02A0158_009 0.030 0.030 0.029 0.022 0.006 0.000 0.000 0.000 0.000 0.000 0.000 0.000 0.000 0.000 0.000
ASP02A0158_010 0.008 0.008 0.007 0.006 0.002 0.000 0.000 0.000 0.000 0.000 0.000 0.000 0.000 0.000 0.000
ASP02A0158_011 0.032 0.032 0.031 0.023 0.007 0.000 0.000 0.000 0.000 0.000 0.000 0.000 0.000 0.000 0.000
ASP02A0158_012 0.372 0.366 0.356 0.268 0.078 0.015 0.006 0.000 0.000 0.000 0.000 0.000 0.000 0.000 0.000
ASP02A0158_013 0.107 0.107 0.104 0.079 0.023 0.004 0.000 0.000 0.000 0.000 0.000 0.000 0.000 0.000 0.000
ASP02A0158_014 0.009 0.009 0.009 0.007 0.002 0.000 0.000 0.000 0.000 0.000 0.000 0.000 0.000 0.000 0.000
ASP02A0158_015 0.000 0.000 0.000 0.000 0.000 0.000 0.000 0.000 0.000 0.000 0.000 0.000 0.000 0.000 0.000
ASP02A0158_016 0.029 0.029 0.028 0.022 0.006 0.000 0.000 0.000 0.000 0.000 0.000 0.000 0.000 0.000 0.000
ASP-1A0158_017 0.000 0.002 0.018 0.125 0.362 0.443 0.453 0.458 0.457 0.454 0.456 0.456 0.455 0.456 0.456
ASP-1A0158_018 0.000 0.002 0.020 0.143 0.413 0.505 0.523 0.525 0.526 0.527 0.527 0.526 0.527 0.526 0.526
ASP-1A0158_019 0.000 0.000 0.000 0.005 0.014 0.017 0.018 0.017 0.018 0.019 0.017 0.018 0.018 0.018 0.018
