 ph              0.0   1.0   2.0   3.0   4.0   5.0   6.0   7.0   8.0   9.0  10.0  11.0  12.0  13.0  14.0
GLU01A0147_001 0.003 0.003 0.003 0.003 0.001 0.000 0.000 0.000 0.000 0.000 0.000 0.000 0.000 0.000 0.000
GLU01A0147_002 0.078 0.078 0.078 0.069 0.037 0.008 0.000 0.000 0.000 0.000 0.000 0.000 0.000 0.000 0.000
GLU01A0147_003 0.003 0.003 0.003 0.002 0.001 0.000 0.000 0.000 0.000 0.000 0.000 0.000 0.000 0.000 0.000
GLU01A0147_004 0.004 0.003 0.004 0.003 0.002 0.000 0.000 0.000 0.000 0.000 0.000 0.000 0.000 0.000 0.000
GLU01A0147_005 0.002 0.002 0.002 0.001 0.000 0.000 0.000 0.000 0.000 0.000 0.000 0.000 0.000 0.000 0.000
GLU01A0147_006 0.003 0.003 0.003 0.003 0.002 0.000 0.000 0.000 0.000 0.000 0.000 0.000 0.000 0.000 0.000
GLU01A0147_007 0.005 0.005 0.005 0.004 0.002 0.000 0.000 0.000 0.000 0.000 0.000 0.000 0.000 0.000 0.000
GLU01A0147_008 0.135 0.134 0.134 0.122 0.064 0.014 0.003 0.000 0.000 0.000 0.000 0.000 0.000 0.000 0.000
GLU01A0147_009 0.046 0.046 0.045 0.041 0.022 0.005 0.000 0.000 0.000 0.000 0.000 0.000 0.000 0.000 0.000
GLU01A0147_010 0.064 0.065 0.064 0.058 0.031 0.007 0.000 0.000 0.000 0.000 0.000 0.000 0.000 0.000 0.000
GLU02A0147_011 0.008 0.008 0.008 0.007 0.004 0.000 0.000 0.000 0.000 0.000 0.000 0.000 0.000 0.000 0.000
GLU02A0147_012 0.127 0.127 0.125 0.114 0.061 0.013 0.003 0.000 0.000 0.000 0.000 0.000 0.000 0.000 0.000
GLU02A0147_013 0.097 0.097 0.096 0.087 0.047 0.010 0.002 0.000 0.000 0.000 0.000 0.000 0.000 0.000 0.000
GLU02A0147_014 0.281 0.282 0.276 0.252 0.134 0.029 0.006 0.000 0.000 0.000 0.000 0.000 0.000 0.000 0.000
GLU02A0147_015 0.008 0.008 0.008 0.007 0.004 0.000 0.000 0.000 0.000 0.000 0.000 0.000 0.000 0.000 0.000
GLU02A0147_016 0.011 0.012 0.011 0.010 0.005 0.000 0.000 0.000 0.000 0.000 0.000 0.000 0.000 0.000 0.000
GLU02A0147_017 0.008 0.008 0.007 0.007 0.004 0.000 0.000 0.000 0.000 0.000 0.000 0.000 0.000 0.000 0.000
GLU02A0147_018 0.024 0.025 0.024 0.022 0.011 0.002 0.000 0.000 0.000 0.000 0.000 0.000 0.000 0.000 0.000
GLU02A0147_019 0.008 0.008 0.008 0.007 0.004 0.000 0.000 0.000 0.000 0.000 0.000 0.000 0.000 0.000 0.000
GLU02A0147_020 0.087 0.086 0.086 0.079 0.041 0.009 0.000 0.000 0.000 0.000 0.000 0.000 0.000 0.000 0.000
GLU-1A0147_021 0.000 0.000 0.002 0.015 0.076 0.133 0.145 0.145 0.147 0.146 0.147 0.145 0.145 0.147 0.146
GLU-1A0147_022 0.000 0.000 0.002 0.020 0.108 0.185 0.203 0.203 0.205 0.204 0.204 0.204 0.205 0.206 0.207
GLU-1A0147_023 0.000 0.000 0.005 0.043 0.224 0.384 0.421 0.428 0.424 0.428 0.428 0.429 0.425 0.427 0.425
GLU-1A0147_024 0.000 0.000 0.002 0.022 0.116 0.200 0.217 0.224 0.224 0.222 0.222 0.221 0.225 0.220 0.222
