 ph              0.0   1.0   2.0   3.0   4.0   5.0   6.0   7.0   8.0   9.0  10.0  11.0  12.0  13.0  14.0
PHE01A0165_001 0.152 0.151 0.151 0.152 0.151 0.151 0.151 0.150 0.149 0.149 0.150 0.151 0.150 0.149 0.152
PHE01A0165_002 0.030 0.030 0.030 0.030 0.031 0.031 0.030 0.030 0.030 0.030 0.030 0.030 0.030 0.030 0.030
PHE01A0165_003 0.000 0.000 0.000 0.000 0.000 0.000 0.000 0.000 0.000 0.000 0.000 0.000 0.000 0.000 0.000
PHE01A0165_004 0.205 0.204 0.206 0.207 0.205 0.205 0.205 0.204 0.206 0.206 0.205 0.206 0.207 0.206 0.205
PHE01A0165_005 0.000 0.000 0.000 0.000 0.000 0.000 0.000 0.000 0.000 0.000 0.000 0.000 0.000 0.000 0.000
PHE01A0165_006 0.171 0.173 0.172 0.171 0.172 0.173 0.172 0.172 0.171 0.173 0.172 0.170 0.172 0.172 0.173
PHE01A0165_007 0.000 0.000 0.000 0.000 0.000 0.000 0.000 0.000 0.000 0.000 0.000 0.000 0.000 0.000 0.000
PHE01A0165_008 0.017 0.017 0.017 0.017 0.016 0.017 0.017 0.017 0.017 0.017 0.016 0.017 0.017 0.017 0.017
PHE01A0165_009 0.018 0.018 0.019 0.019 0.019 0.019 0.019 0.018 0.019 0.019 0.018 0.018 0.018 0.019 0.019
PHE01A0165_010 0.054 0.054 0.054 0.054 0.054 0.054 0.054 0.054 0.053 0.054 0.054 0.054 0.053 0.054 0.053
PHE01A0165_011 0.000 0.000 0.000 0.000 0.000 0.000 0.000 0.000 0.000 0.000 0.000 0.000 0.000 0.000 0.000
PHE01A0165_012 0.000 0.000 0.000 0.000 0.000 0.000 0.000 0.000 0.000 0.000 0.000 0.000 0.000 0.000 0.000
PHE01A0165_013 0.000 0.000 0.000 0.000 0.000 0.000 0.000 0.000 0.000 0.000 0.000 0.000 0.000 0.000 0.000
PHE01A0165_014 0.349 0.349 0.349 0.347 0.349 0.347 0.349 0.351 0.352 0.348 0.350 0.349 0.349 0.349 0.348
PHE01A0165_015 0.003 0.003 0.003 0.003 0.004 0.003 0.003 0.003 0.003 0.003 0.003 0.003 0.003 0.003 0.003
PHE01A0165_016 0.000 0.000 0.000 0.000 0.000 0.000 0.000 0.000 0.000 0.000 0.000 0.000 0.000 0.000 0.000
PHE01A0165_017 0.000 0.000 0.000 0.000 0.000 0.000 0.000 0.000 0.000 0.000 0.000 0.000 0.000 0.000 0.000
PHE01A0165_018 0.000 0.000 0.000 0.000 0.000 0.000 0.000 0.000 0.000 0.000 0.000 0.000 0.000 0.000 0.000
PHE01A0165_019 0.000 0.000 0.000 0.000 0.000 0.000 0.000 0.000 0.000 0.000 0.000 0.000 0.000 0.000 0.000
