 ph              0.0   1.0   2.0   3.0   4.0   5.0   6.0   7.0   8.0   9.0  10.0  11.0  12.0  13.0  14.0
MET01A0158_001 0.005 0.005 0.005 0.005 0.005 0.005 0.005 0.005 0.005 0.005 0.005 0.005 0.005 0.005 0.005
MET01A0158_002 0.085 0.083 0.085 0.084 0.083 0.083 0.084 0.084 0.085 0.082 0.084 0.085 0.085 0.084 0.084
MET01A0158_003 0.122 0.122 0.121 0.122 0.122 0.121 0.121 0.121 0.122 0.121 0.121 0.120 0.121 0.121 0.121
MET01A0158_004 0.011 0.012 0.012 0.011 0.012 0.011 0.012 0.012 0.012 0.012 0.012 0.011 0.012 0.012 0.012
MET01A0158_005 0.054 0.054 0.054 0.054 0.055 0.054 0.054 0.055 0.054 0.054 0.054 0.054 0.055 0.055 0.054
MET01A0158_006 0.002 0.002 0.002 0.002 0.002 0.002 0.002 0.002 0.002 0.002 0.002 0.002 0.002 0.002 0.002
MET01A0158_007 0.013 0.013 0.013 0.013 0.013 0.013 0.013 0.013 0.013 0.013 0.013 0.013 0.013 0.013 0.013
MET01A0158_008 0.013 0.013 0.013 0.013 0.013 0.013 0.013 0.013 0.013 0.013 0.013 0.013 0.013 0.013 0.013
MET01A0158_009 0.017 0.017 0.016 0.016 0.016 0.017 0.017 0.017 0.017 0.016 0.017 0.017 0.016 0.016 0.016
MET01A0158_010 0.002 0.002 0.002 0.002 0.002 0.002 0.002 0.002 0.002 0.002 0.002 0.002 0.002 0.002 0.002
MET01A0158_011 0.151 0.151 0.150 0.150 0.150 0.150 0.149 0.149 0.150 0.150 0.151 0.151 0.150 0.149 0.152
MET01A0158_012 0.025 0.025 0.025 0.025 0.025 0.025 0.025 0.025 0.024 0.025 0.025 0.025 0.025 0.025 0.025
MET01A0158_013 0.268 0.268 0.271 0.269 0.271 0.271 0.272 0.271 0.268 0.272 0.268 0.270 0.271 0.272 0.270
MET01A0158_014 0.015 0.015 0.015 0.015 0.015 0.015 0.015 0.015 0.015 0.015 0.015 0.015 0.015 0.015 0.015
MET01A0158_015 0.023 0.023 0.024 0.024 0.023 0.023 0.024 0.023 0.023 0.023 0.024 0.023 0.024 0.023 0.023
MET01A0158_016 0.177 0.177 0.175 0.177 0.175 0.178 0.176 0.176 0.178 0.177 0.178 0.176 0.175 0.177 0.175
MET01A0158_017 0.004 0.003 0.004 0.004 0.004 0.004 0.003 0.004 0.003 0.003 0.003 0.004 0.003 0.004 0.004
MET01A0158_018 0.007 0.007 0.007 0.007 0.007 0.007 0.007 0.008 0.007 0.007 0.008 0.007 0.008 0.007 0.007
MET01A0158_019 0.001 0.001 0.001 0.001 0.001 0.001 0.001 0.001 0.001 0.001 0.001 0.001 0.001 0.001 0.001
MET01A0158_020 0.006 0.006 0.006 0.006 0.006 0.006 0.006 0.006 0.006 0.006 0.006 0.006 0.006 0.006 0.006
