 ph              0.0   1.0   2.0   3.0   4.0   5.0   6.0   7.0   8.0   9.0  10.0  11.0  12.0  13.0  14.0
LEU01A0198_001 0.306 0.307 0.305 0.307 0.306 0.307 0.309 0.305 0.307 0.306 0.307 0.307 0.308 0.307 0.306
LEU01A0198_002 0.231 0.231 0.231 0.230 0.231 0.230 0.230 0.231 0.230 0.232 0.229 0.230 0.231 0.230 0.230
LEU01A0198_003 0.000 0.000 0.000 0.000 0.000 0.000 0.000 0.000 0.000 0.000 0.000 0.000 0.000 0.000 0.000
LEU01A0198_004 0.267 0.266 0.267 0.267 0.267 0.267 0.265 0.268 0.268 0.266 0.268 0.266 0.266 0.266 0.267
LEU01A0198_005 0.196 0.196 0.197 0.196 0.196 0.196 0.196 0.196 0.196 0.195 0.196 0.196 0.196 0.196 0.197
LEU01A0198_006 0.000 0.000 0.000 0.000 0.000 0.000 0.000 0.000 0.000 0.000 0.000 0.000 0.000 0.000 0.000
LEU01A0198_007 0.000 0.000 0.000 0.000 0.000 0.000 0.000 0.000 0.000 0.000 0.000 0.000 0.000 0.000 0.000
LEU01A0198_008 0.000 0.000 0.000 0.000 0.000 0.000 0.000 0.000 0.000 0.000 0.000 0.000 0.000 0.000 0.000
LEU01A0198_009 0.000 0.000 0.000 0.000 0.000 0.000 0.000 0.000 0.000 0.000 0.000 0.000 0.000 0.000 0.000
