 ph              0.0   1.0   2.0   3.0   4.0   5.0   6.0   7.0   8.0   9.0  10.0  11.0  12.0  13.0  14.0
GLU01A0232_001 0.000 0.000 0.000 0.000 0.000 0.000 0.000 0.000 0.000 0.000 0.000 0.000 0.000 0.000 0.000
GLU01A0232_002 0.000 0.000 0.000 0.000 0.000 0.000 0.000 0.000 0.000 0.000 0.000 0.000 0.000 0.000 0.000
GLU01A0232_003 0.253 0.254 0.250 0.234 0.147 0.032 0.004 0.000 0.000 0.000 0.000 0.000 0.000 0.000 0.000
GLU01A0232_004 0.193 0.192 0.191 0.180 0.112 0.024 0.003 0.000 0.000 0.000 0.000 0.000 0.000 0.000 0.000
GLU01A0232_005 0.009 0.009 0.009 0.008 0.005 0.000 0.000 0.000 0.000 0.000 0.000 0.000 0.000 0.000 0.000
GLU01A0232_006 0.012 0.012 0.012 0.011 0.007 0.002 0.000 0.000 0.000 0.000 0.000 0.000 0.000 0.000 0.000
GLU02A0232_007 0.000 0.000 0.000 0.000 0.000 0.000 0.000 0.000 0.000 0.000 0.000 0.000 0.000 0.000 0.000
GLU02A0232_008 0.000 0.000 0.000 0.000 0.000 0.000 0.000 0.000 0.000 0.000 0.000 0.000 0.000 0.000 0.000
GLU02A0232_009 0.265 0.266 0.264 0.248 0.153 0.033 0.004 0.000 0.000 0.000 0.000 0.000 0.000 0.000 0.000
GLU02A0232_010 0.017 0.016 0.016 0.015 0.010 0.002 0.000 0.000 0.000 0.000 0.000 0.000 0.000 0.000 0.000
GLU02A0232_011 0.015 0.015 0.014 0.014 0.009 0.001 0.000 0.000 0.000 0.000 0.000 0.000 0.000 0.000 0.000
GLU02A0232_012 0.237 0.236 0.236 0.221 0.137 0.030 0.004 0.000 0.000 0.000 0.000 0.000 0.000 0.000 0.000
GLU-1A0232_013 0.000 0.000 0.000 0.000 0.000 0.000 0.000 0.000 0.000 0.000 0.000 0.000 0.000 0.000 0.000
GLU-1A0232_014 0.000 0.000 0.004 0.033 0.200 0.417 0.468 0.473 0.476 0.476 0.474 0.476 0.476 0.476 0.475
GLU-1A0232_015 0.000 0.000 0.004 0.036 0.221 0.458 0.516 0.526 0.524 0.524 0.526 0.524 0.524 0.524 0.525
