 ph              0.0   1.0   2.0   3.0   4.0   5.0   6.0   7.0   8.0   9.0  10.0  11.0  12.0  13.0  14.0
TYR01A0146_001 0.303 0.303 0.303 0.301 0.302 0.301 0.302 0.302 0.292 0.213 0.058 0.007 0.000 0.000 0.000
TYR01A0146_002 0.000 0.000 0.000 0.000 0.000 0.000 0.000 0.000 0.000 0.000 0.000 0.000 0.000 0.000 0.000
TYR01A0146_003 0.000 0.000 0.000 0.000 0.000 0.000 0.000 0.000 0.000 0.000 0.000 0.000 0.000 0.000 0.000
TYR01A0146_004 0.000 0.000 0.000 0.000 0.000 0.000 0.000 0.000 0.000 0.000 0.000 0.000 0.000 0.000 0.000
TYR01A0146_005 0.000 0.000 0.000 0.000 0.000 0.000 0.000 0.000 0.000 0.000 0.000 0.000 0.000 0.000 0.000
TYR01A0146_006 0.101 0.102 0.101 0.102 0.101 0.103 0.103 0.101 0.098 0.071 0.020 0.002 0.000 0.000 0.000
TYR01A0146_007 0.000 0.000 0.000 0.000 0.000 0.000 0.000 0.000 0.000 0.000 0.000 0.000 0.000 0.000 0.000
TYR01A0146_008 0.000 0.000 0.000 0.000 0.000 0.000 0.000 0.000 0.000 0.000 0.000 0.000 0.000 0.000 0.000
TYR01A0146_009 0.009 0.009 0.009 0.009 0.010 0.009 0.009 0.009 0.009 0.006 0.002 0.000 0.000 0.000 0.000
TYR01A0146_010 0.009 0.009 0.009 0.009 0.009 0.008 0.009 0.009 0.008 0.006 0.002 0.000 0.000 0.000 0.000
TYR01A0146_011 0.442 0.441 0.440 0.440 0.440 0.442 0.442 0.437 0.418 0.312 0.085 0.011 0.004 0.000 0.000
TYR01A0146_012 0.000 0.000 0.000 0.000 0.000 0.000 0.000 0.000 0.000 0.000 0.000 0.000 0.000 0.000 0.000
TYR01A0146_013 0.136 0.137 0.138 0.139 0.138 0.136 0.136 0.136 0.132 0.097 0.027 0.003 0.000 0.000 0.000
TYR01A0146_014 0.000 0.000 0.000 0.000 0.000 0.000 0.000 0.000 0.000 0.000 0.000 0.000 0.000 0.000 0.000
TYR-1A0146_015 0.000 0.000 0.000 0.000 0.000 0.000 0.000 0.002 0.013 0.091 0.248 0.301 0.307 0.310 0.310
TYR-1A0146_016 0.000 0.000 0.000 0.000 0.000 0.000 0.000 0.000 0.000 0.003 0.008 0.010 0.010 0.010 0.010
TYR-1A0146_017 0.000 0.000 0.000 0.000 0.000 0.000 0.000 0.000 0.000 0.000 0.000 0.000 0.000 0.000 0.000
TYR-1A0146_018 0.000 0.000 0.000 0.000 0.000 0.000 0.000 0.000 0.000 0.000 0.000 0.000 0.000 0.000 0.000
TYR-1A0146_019 0.000 0.000 0.000 0.000 0.000 0.000 0.000 0.000 0.000 0.000 0.000 0.000 0.000 0.000 0.000
TYR-1A0146_020 0.000 0.000 0.000 0.000 0.000 0.000 0.000 0.000 0.003 0.020 0.055 0.066 0.068 0.068 0.067
TYR-1A0146_021 0.000 0.000 0.000 0.000 0.000 0.000 0.000 0.000 0.000 0.003 0.007 0.009 0.009 0.009 0.009
TYR-1A0146_022 0.000 0.000 0.000 0.000 0.000 0.000 0.000 0.000 0.000 0.000 0.000 0.000 0.000 0.000 0.000
TYR-1A0146_023 0.000 0.000 0.000 0.000 0.000 0.000 0.000 0.000 0.000 0.000 0.000 0.000 0.000 0.000 0.000
TYR-1A0146_024 0.000 0.000 0.000 0.000 0.000 0.000 0.000 0.000 0.000 0.000 0.000 0.000 0.000 0.000 0.000
TYR-1A0146_025 0.000 0.000 0.000 0.000 0.000 0.000 0.000 0.003 0.020 0.130 0.361 0.438 0.446 0.446 0.445
TYR-1A0146_026 0.000 0.000 0.000 0.000 0.000 0.000 0.000 0.000 0.000 0.000 0.000 0.000 0.000 0.000 0.000
TYR-1A0146_027 0.000 0.000 0.000 0.000 0.000 0.000 0.000 0.000 0.000 0.000 0.000 0.000 0.000 0.000 0.000
TYR-1A0146_028 0.000 0.000 0.000 0.000 0.000 0.000 0.000 0.000 0.007 0.046 0.128 0.152 0.157 0.157 0.159
