 ph              0.0   1.0   2.0   3.0   4.0   5.0   6.0   7.0   8.0   9.0  10.0  11.0  12.0  13.0  14.0
LYS01A0127_001 0.000 0.000 0.000 0.000 0.000 0.000 0.000 0.000 0.000 0.000 0.001 0.005 0.006 0.006 0.006
LYS01A0127_002 0.000 0.000 0.000 0.000 0.000 0.000 0.000 0.000 0.000 0.000 0.002 0.006 0.008 0.008 0.008
LYS01A0127_003 0.000 0.000 0.000 0.000 0.000 0.000 0.000 0.000 0.000 0.000 0.000 0.000 0.000 0.000 0.000
LYS01A0127_004 0.000 0.000 0.000 0.000 0.000 0.000 0.000 0.000 0.000 0.004 0.028 0.100 0.136 0.141 0.140
LYS01A0127_005 0.000 0.000 0.000 0.000 0.000 0.000 0.000 0.000 0.000 0.000 0.000 0.000 0.000 0.000 0.000
LYS01A0127_006 0.000 0.000 0.000 0.000 0.000 0.000 0.000 0.000 0.000 0.000 0.000 0.000 0.000 0.000 0.000
LYS01A0127_007 0.000 0.000 0.000 0.000 0.000 0.000 0.000 0.000 0.000 0.000 0.002 0.008 0.010 0.011 0.011
LYS01A0127_008 0.000 0.000 0.000 0.000 0.000 0.000 0.000 0.000 0.000 0.000 0.000 0.000 0.000 0.000 0.000
LYS01A0127_009 0.000 0.000 0.000 0.000 0.000 0.000 0.000 0.000 0.000 0.000 0.000 0.000 0.000 0.000 0.000
LYS01A0127_010 0.000 0.000 0.000 0.000 0.000 0.000 0.000 0.000 0.000 0.004 0.027 0.095 0.128 0.135 0.132
LYS01A0127_011 0.000 0.000 0.000 0.000 0.000 0.000 0.000 0.000 0.004 0.020 0.131 0.463 0.621 0.646 0.658
LYS01A0127_012 0.000 0.000 0.000 0.000 0.000 0.000 0.000 0.000 0.000 0.000 0.000 0.003 0.004 0.004 0.004
LYS01A0127_013 0.000 0.000 0.000 0.000 0.000 0.000 0.000 0.000 0.000 0.000 0.000 0.000 0.000 0.000 0.000
LYS01A0127_014 0.000 0.000 0.000 0.000 0.000 0.000 0.000 0.000 0.000 0.000 0.000 0.000 0.000 0.000 0.000
LYS01A0127_015 0.000 0.000 0.000 0.000 0.000 0.000 0.000 0.000 0.000 0.000 0.004 0.014 0.019 0.019 0.020
LYS01A0127_016 0.000 0.000 0.000 0.000 0.000 0.000 0.000 0.000 0.000 0.000 0.004 0.015 0.021 0.021 0.021
LYS01A0127_017 0.000 0.000 0.000 0.000 0.000 0.000 0.000 0.000 0.000 0.000 0.000 0.000 0.000 0.000 0.000
LYS01A0127_018 0.000 0.000 0.000 0.000 0.000 0.000 0.000 0.000 0.000 0.000 0.000 0.000 0.000 0.000 0.000
LYS01A0127_019 0.000 0.000 0.000 0.000 0.000 0.000 0.000 0.000 0.000 0.000 0.000 0.000 0.000 0.000 0.000
LYS01A0127_020 0.000 0.000 0.000 0.000 0.000 0.000 0.000 0.000 0.000 0.000 0.000 0.000 0.000 0.000 0.000
LYS+1A0127_021 0.008 0.008 0.008 0.008 0.008 0.008 0.008 0.008 0.008 0.008 0.006 0.002 0.000 0.000 0.000
LYS+1A0127_022 0.009 0.009 0.009 0.009 0.009 0.009 0.009 0.009 0.009 0.009 0.007 0.003 0.000 0.000 0.000
LYS+1A0127_023 0.717 0.710 0.717 0.719 0.715 0.715 0.718 0.716 0.713 0.691 0.574 0.207 0.035 0.008 0.000
LYS+1A0127_024 0.000 0.001 0.001 0.001 0.001 0.001 0.001 0.001 0.001 0.001 0.000 0.000 0.000 0.000 0.000
LYS+1A0127_025 0.000 0.000 0.000 0.000 0.000 0.000 0.000 0.000 0.000 0.000 0.000 0.000 0.000 0.000 0.000
LYS+1A0127_026 0.000 0.000 0.000 0.000 0.000 0.000 0.000 0.000 0.000 0.000 0.000 0.000 0.000 0.000 0.000
LYS+1A0127_027 0.000 0.000 0.000 0.000 0.000 0.000 0.000 0.000 0.000 0.000 0.000 0.000 0.000 0.000 0.000
LYS+1A0127_028 0.091 0.095 0.092 0.090 0.091 0.093 0.090 0.092 0.090 0.090 0.074 0.027 0.004 0.000 0.000
LYS+1A0127_029 0.006 0.006 0.006 0.006 0.006 0.006 0.006 0.006 0.006 0.006 0.005 0.002 0.000 0.000 0.000
LYS+1A0127_030 0.117 0.119 0.116 0.116 0.118 0.116 0.117 0.117 0.117 0.116 0.094 0.035 0.006 0.000 0.000
LYS+1A0127_031 0.000 0.000 0.000 0.000 0.000 0.000 0.000 0.000 0.000 0.000 0.000 0.000 0.000 0.000 0.000
LYS+1A0127_032 0.000 0.000 0.000 0.000 0.000 0.000 0.000 0.000 0.000 0.000 0.000 0.000 0.000 0.000 0.000
LYS+1A0127_033 0.000 0.000 0.000 0.000 0.000 0.000 0.000 0.000 0.000 0.000 0.000 0.000 0.000 0.000 0.000
LYS+1A0127_034 0.012 0.012 0.012 0.011 0.012 0.012 0.012 0.012 0.012 0.011 0.009 0.004 0.000 0.000 0.000
LYS+1A0127_035 0.000 0.000 0.000 0.000 0.000 0.000 0.000 0.000 0.000 0.000 0.000 0.000 0.000 0.000 0.000
LYS+1A0127_036 0.010 0.010 0.011 0.011 0.010 0.010 0.010 0.010 0.011 0.010 0.008 0.003 0.000 0.000 0.000
LYS+1A0127_037 0.028 0.029 0.028 0.028 0.029 0.029 0.029 0.028 0.028 0.028 0.023 0.008 0.001 0.000 0.000
LYS+1A0127_038 0.000 0.000 0.000 0.000 0.000 0.000 0.000 0.000 0.000 0.000 0.000 0.000 0.000 0.000 0.000
LYS+1A0127_039 0.000 0.000 0.000 0.000 0.000 0.000 0.000 0.000 0.000 0.000 0.000 0.000 0.000 0.000 0.000
LYS+1A0127_040 0.000 0.000 0.000 0.000 0.000 0.000 0.000 0.000 0.000 0.000 0.000 0.000 0.000 0.000 0.000
