 ph              0.0   1.0   2.0   3.0   4.0   5.0   6.0   7.0   8.0   9.0  10.0  11.0  12.0  13.0  14.0
LEU01A0207_001 0.149 0.145 0.148 0.145 0.145 0.145 0.147 0.146 0.145 0.146 0.146 0.145 0.146 0.145 0.146
LEU01A0207_002 0.000 0.000 0.000 0.000 0.000 0.000 0.000 0.000 0.000 0.000 0.000 0.000 0.000 0.000 0.000
LEU01A0207_003 0.015 0.015 0.015 0.015 0.015 0.015 0.015 0.015 0.014 0.014 0.015 0.014 0.015 0.014 0.015
LEU01A0207_004 0.077 0.076 0.076 0.075 0.075 0.075 0.075 0.075 0.075 0.076 0.076 0.074 0.076 0.075 0.076
LEU01A0207_005 0.000 0.000 0.000 0.000 0.000 0.000 0.000 0.000 0.000 0.000 0.000 0.000 0.000 0.000 0.000
LEU01A0207_006 0.000 0.000 0.000 0.001 0.001 0.001 0.001 0.000 0.000 0.001 0.001 0.000 0.001 0.001 0.001
LEU01A0207_007 0.000 0.000 0.000 0.000 0.000 0.000 0.000 0.000 0.000 0.000 0.000 0.000 0.000 0.000 0.000
LEU01A0207_008 0.000 0.000 0.000 0.000 0.000 0.000 0.000 0.000 0.000 0.000 0.000 0.000 0.000 0.000 0.000
LEU01A0207_009 0.604 0.608 0.606 0.610 0.607 0.608 0.608 0.610 0.613 0.608 0.606 0.611 0.608 0.611 0.610
LEU01A0207_010 0.122 0.121 0.121 0.121 0.123 0.122 0.121 0.120 0.119 0.122 0.121 0.121 0.120 0.118 0.119
LEU01A0207_011 0.000 0.000 0.000 0.000 0.000 0.000 0.000 0.000 0.000 0.000 0.000 0.000 0.000 0.001 0.000
LEU01A0207_012 0.002 0.002 0.002 0.002 0.002 0.002 0.002 0.002 0.002 0.002 0.002 0.002 0.002 0.002 0.002
LEU01A0207_013 0.000 0.000 0.000 0.000 0.000 0.000 0.000 0.000 0.000 0.000 0.000 0.000 0.000 0.000 0.000
LEU01A0207_014 0.000 0.000 0.000 0.000 0.000 0.000 0.000 0.000 0.000 0.000 0.000 0.000 0.000 0.000 0.000
LEU01A0207_015 0.003 0.003 0.003 0.003 0.003 0.003 0.003 0.003 0.003 0.003 0.003 0.003 0.003 0.003 0.003
LEU01A0207_016 0.000 0.000 0.000 0.000 0.000 0.000 0.000 0.000 0.000 0.000 0.000 0.000 0.000 0.000 0.000
LEU01A0207_017 0.006 0.006 0.006 0.006 0.006 0.006 0.006 0.006 0.006 0.006 0.006 0.006 0.006 0.006 0.006
LEU01A0207_018 0.003 0.003 0.003 0.003 0.003 0.003 0.003 0.003 0.003 0.003 0.003 0.003 0.003 0.003 0.003
LEU01A0207_019 0.020 0.020 0.020 0.020 0.020 0.020 0.020 0.020 0.019 0.019 0.020 0.020 0.020 0.020 0.019
LEU01A0207_020 0.000 0.000 0.000 0.000 0.000 0.000 0.000 0.000 0.000 0.000 0.000 0.000 0.000 0.000 0.000
