 ph              0.0   1.0   2.0   3.0   4.0   5.0   6.0   7.0   8.0   9.0  10.0  11.0  12.0  13.0  14.0
ASP01A0106_001 0.000 0.000 0.000 0.000 0.000 0.000 0.000 0.000 0.000 0.000 0.000 0.000 0.000 0.000 0.000
ASP01A0106_002 0.000 0.000 0.000 0.000 0.000 0.000 0.000 0.000 0.000 0.000 0.000 0.000 0.000 0.000 0.000
ASP01A0106_003 0.002 0.002 0.002 0.001 0.000 0.000 0.000 0.000 0.000 0.000 0.000 0.000 0.000 0.000 0.000
ASP01A0106_004 0.001 0.000 0.000 0.000 0.000 0.000 0.000 0.000 0.000 0.000 0.000 0.000 0.000 0.000 0.000
ASP01A0106_005 0.006 0.005 0.005 0.004 0.000 0.000 0.000 0.000 0.000 0.000 0.000 0.000 0.000 0.000 0.000
ASP01A0106_006 0.084 0.084 0.081 0.058 0.016 0.002 0.000 0.000 0.000 0.000 0.000 0.000 0.000 0.000 0.000
ASP01A0106_007 0.111 0.111 0.106 0.076 0.021 0.003 0.000 0.000 0.000 0.000 0.000 0.000 0.000 0.000 0.000
ASP01A0106_008 0.027 0.027 0.026 0.018 0.005 0.000 0.000 0.000 0.000 0.000 0.000 0.000 0.000 0.000 0.000
ASP01A0106_009 0.004 0.004 0.003 0.002 0.000 0.000 0.000 0.000 0.000 0.000 0.000 0.000 0.000 0.000 0.000
ASP01A0106_010 0.000 0.000 0.000 0.000 0.000 0.000 0.000 0.000 0.000 0.000 0.000 0.000 0.000 0.000 0.000
ASP01A0106_011 0.028 0.028 0.027 0.019 0.005 0.000 0.000 0.000 0.000 0.000 0.000 0.000 0.000 0.000 0.000
ASP01A0106_012 0.098 0.098 0.095 0.067 0.019 0.003 0.000 0.000 0.000 0.000 0.000 0.000 0.000 0.000 0.000
ASP01A0106_013 0.176 0.175 0.168 0.120 0.034 0.005 0.000 0.000 0.000 0.000 0.000 0.000 0.000 0.000 0.000
ASP02A0106_014 0.006 0.006 0.005 0.004 0.000 0.000 0.000 0.000 0.000 0.000 0.000 0.000 0.000 0.000 0.000
ASP02A0106_015 0.004 0.003 0.003 0.002 0.000 0.000 0.000 0.000 0.000 0.000 0.000 0.000 0.000 0.000 0.000
ASP02A0106_016 0.071 0.070 0.067 0.049 0.014 0.002 0.000 0.000 0.000 0.000 0.000 0.000 0.000 0.000 0.000
ASP02A0106_017 0.002 0.002 0.002 0.002 0.000 0.000 0.000 0.000 0.000 0.000 0.000 0.000 0.000 0.000 0.000
ASP02A0106_018 0.007 0.007 0.007 0.005 0.001 0.000 0.000 0.000 0.000 0.000 0.000 0.000 0.000 0.000 0.000
ASP02A0106_019 0.011 0.011 0.011 0.008 0.002 0.000 0.000 0.000 0.000 0.000 0.000 0.000 0.000 0.000 0.000
ASP02A0106_020 0.001 0.001 0.001 0.000 0.000 0.000 0.000 0.000 0.000 0.000 0.000 0.000 0.000 0.000 0.000
ASP02A0106_021 0.053 0.053 0.051 0.037 0.010 0.001 0.000 0.000 0.000 0.000 0.000 0.000 0.000 0.000 0.000
ASP02A0106_022 0.134 0.133 0.128 0.092 0.026 0.004 0.000 0.000 0.000 0.000 0.000 0.000 0.000 0.000 0.000
ASP02A0106_023 0.110 0.109 0.105 0.075 0.021 0.003 0.000 0.000 0.000 0.000 0.000 0.000 0.000 0.000 0.000
ASP02A0106_024 0.065 0.065 0.062 0.045 0.012 0.002 0.000 0.000 0.000 0.000 0.000 0.000 0.000 0.000 0.000
ASP-1A0106_025 0.000 0.000 0.007 0.047 0.120 0.145 0.148 0.147 0.150 0.147 0.147 0.148 0.147 0.148 0.149
ASP-1A0106_026 0.000 0.003 0.015 0.107 0.274 0.326 0.339 0.335 0.337 0.338 0.336 0.339 0.338 0.337 0.335
ASP-1A0106_027 0.000 0.000 0.006 0.040 0.104 0.124 0.127 0.129 0.128 0.127 0.128 0.127 0.127 0.127 0.128
ASP-1A0106_028 0.000 0.003 0.017 0.123 0.315 0.379 0.386 0.389 0.386 0.388 0.389 0.386 0.388 0.388 0.389
