 ph              0.0   1.0   2.0   3.0   4.0   5.0   6.0   7.0   8.0   9.0  10.0  11.0  12.0  13.0  14.0
TYR01A0296_001 0.801 0.801 0.803 0.799 0.802 0.799 0.803 0.796 0.783 0.671 0.268 0.047 0.007 0.000 0.000
TYR01A0296_002 0.013 0.012 0.012 0.012 0.012 0.013 0.012 0.013 0.012 0.010 0.004 0.000 0.000 0.000 0.000
TYR01A0296_003 0.164 0.164 0.161 0.164 0.165 0.165 0.163 0.166 0.159 0.136 0.055 0.009 0.000 0.000 0.000
TYR01A0296_004 0.000 0.000 0.000 0.000 0.000 0.000 0.000 0.000 0.000 0.000 0.000 0.000 0.000 0.000 0.000
TYR01A0296_005 0.013 0.013 0.013 0.013 0.012 0.013 0.013 0.013 0.013 0.011 0.004 0.000 0.000 0.000 0.000
TYR01A0296_006 0.009 0.009 0.009 0.010 0.009 0.009 0.009 0.009 0.009 0.008 0.003 0.000 0.000 0.000 0.000
TYR01A0296_007 0.000 0.001 0.001 0.001 0.000 0.000 0.000 0.001 0.001 0.000 0.000 0.000 0.000 0.000 0.000
TYR-1A0296_008 0.000 0.000 0.000 0.000 0.000 0.000 0.000 0.003 0.017 0.113 0.465 0.655 0.697 0.696 0.694
TYR-1A0296_009 0.000 0.000 0.000 0.000 0.000 0.000 0.000 0.000 0.000 0.000 0.000 0.000 0.000 0.000 0.000
TYR-1A0296_010 0.000 0.000 0.000 0.000 0.000 0.000 0.000 0.000 0.006 0.041 0.163 0.234 0.239 0.246 0.247
TYR-1A0296_011 0.000 0.000 0.000 0.000 0.000 0.000 0.000 0.000 0.000 0.004 0.016 0.023 0.025 0.025 0.025
TYR-1A0296_012 0.000 0.000 0.000 0.000 0.000 0.000 0.000 0.000 0.000 0.003 0.013 0.018 0.019 0.019 0.020
TYR-1A0296_013 0.000 0.000 0.000 0.000 0.000 0.000 0.000 0.000 0.000 0.002 0.008 0.011 0.011 0.011 0.012
TYR-1A0296_014 0.000 0.000 0.000 0.000 0.000 0.000 0.000 0.000 0.000 0.000 0.000 0.002 0.002 0.002 0.002
