 ph              0.0   1.0   2.0   3.0   4.0   5.0   6.0   7.0   8.0   9.0  10.0  11.0  12.0  13.0  14.0
ASP01A0148_001 0.000 0.000 0.000 0.000 0.000 0.000 0.000 0.000 0.000 0.000 0.000 0.000 0.000 0.000 0.000
ASP01A0148_002 0.006 0.006 0.006 0.006 0.005 0.002 0.000 0.000 0.000 0.000 0.000 0.000 0.000 0.000 0.000
ASP01A0148_003 0.265 0.270 0.265 0.263 0.226 0.094 0.017 0.002 0.000 0.000 0.000 0.000 0.000 0.000 0.000
ASP01A0148_004 0.349 0.350 0.349 0.341 0.293 0.123 0.022 0.003 0.000 0.000 0.000 0.000 0.000 0.000 0.000
ASP01A0148_005 0.011 0.010 0.010 0.010 0.008 0.003 0.000 0.000 0.000 0.000 0.000 0.000 0.000 0.000 0.000
ASP01A0148_006 0.000 0.000 0.000 0.000 0.000 0.000 0.000 0.000 0.000 0.000 0.000 0.000 0.000 0.000 0.000
ASP01A0148_007 0.009 0.009 0.009 0.009 0.008 0.003 0.000 0.000 0.000 0.000 0.000 0.000 0.000 0.000 0.000
ASP01A0148_008 0.000 0.000 0.000 0.000 0.000 0.000 0.000 0.000 0.000 0.000 0.000 0.000 0.000 0.000 0.000
ASP01A0148_009 0.002 0.002 0.002 0.002 0.002 0.000 0.000 0.000 0.000 0.000 0.000 0.000 0.000 0.000 0.000
ASP01A0148_010 0.033 0.032 0.033 0.032 0.027 0.011 0.002 0.000 0.000 0.000 0.000 0.000 0.000 0.000 0.000
ASP01A0148_011 0.001 0.000 0.001 0.001 0.000 0.000 0.000 0.000 0.000 0.000 0.000 0.000 0.000 0.000 0.000
ASP01A0148_012 0.027 0.027 0.027 0.026 0.023 0.009 0.002 0.000 0.000 0.000 0.000 0.000 0.000 0.000 0.000
ASP02A0148_013 0.001 0.000 0.001 0.001 0.001 0.000 0.000 0.000 0.000 0.000 0.000 0.000 0.000 0.000 0.000
ASP02A0148_014 0.000 0.000 0.000 0.000 0.000 0.000 0.000 0.000 0.000 0.000 0.000 0.000 0.000 0.000 0.000
ASP02A0148_015 0.017 0.017 0.018 0.017 0.014 0.006 0.000 0.000 0.000 0.000 0.000 0.000 0.000 0.000 0.000
ASP02A0148_016 0.000 0.000 0.000 0.000 0.000 0.000 0.000 0.000 0.000 0.000 0.000 0.000 0.000 0.000 0.000
ASP02A0148_017 0.000 0.000 0.000 0.000 0.000 0.000 0.000 0.000 0.000 0.000 0.000 0.000 0.000 0.000 0.000
ASP02A0148_018 0.019 0.018 0.019 0.018 0.016 0.007 0.001 0.000 0.000 0.000 0.000 0.000 0.000 0.000 0.000
ASP02A0148_019 0.000 0.000 0.000 0.000 0.000 0.000 0.000 0.000 0.000 0.000 0.000 0.000 0.000 0.000 0.000
ASP02A0148_020 0.000 0.000 0.000 0.000 0.000 0.000 0.000 0.000 0.000 0.000 0.000 0.000 0.000 0.000 0.000
ASP02A0148_021 0.011 0.011 0.010 0.010 0.009 0.004 0.000 0.000 0.000 0.000 0.000 0.000 0.000 0.000 0.000
ASP02A0148_022 0.245 0.242 0.246 0.239 0.205 0.085 0.016 0.002 0.000 0.000 0.000 0.000 0.000 0.000 0.000
ASP02A0148_023 0.000 0.000 0.000 0.000 0.000 0.000 0.000 0.000 0.000 0.000 0.000 0.000 0.000 0.000 0.000
ASP02A0148_024 0.003 0.004 0.004 0.004 0.003 0.001 0.000 0.000 0.000 0.000 0.000 0.000 0.000 0.000 0.000
ASP-1A0148_025 0.000 0.000 0.000 0.006 0.044 0.180 0.264 0.276 0.277 0.281 0.277 0.281 0.279 0.280 0.279
ASP-1A0148_026 0.000 0.000 0.000 0.000 0.003 0.013 0.018 0.020 0.020 0.019 0.020 0.019 0.020 0.019 0.020
ASP-1A0148_027 0.000 0.000 0.000 0.006 0.047 0.189 0.274 0.288 0.291 0.291 0.292 0.290 0.291 0.289 0.291
ASP-1A0148_028 0.000 0.000 0.000 0.008 0.065 0.269 0.384 0.409 0.412 0.409 0.411 0.410 0.410 0.411 0.410
