 ph              0.0   1.0   2.0   3.0   4.0   5.0   6.0   7.0   8.0   9.0  10.0  11.0  12.0  13.0  14.0
HIS01A0184_001 0.000 0.000 0.000 0.000 0.000 0.000 0.002 0.010 0.021 0.024 0.024 0.024 0.024 0.024 0.024
HIS01A0184_002 0.000 0.000 0.000 0.000 0.000 0.000 0.003 0.019 0.041 0.047 0.048 0.048 0.049 0.048 0.049
HIS01A0184_003 0.000 0.000 0.000 0.000 0.000 0.000 0.000 0.000 0.000 0.000 0.000 0.000 0.000 0.000 0.000
HIS01A0184_004 0.000 0.000 0.000 0.000 0.000 0.000 0.000 0.000 0.000 0.000 0.000 0.000 0.000 0.000 0.000
HIS01A0184_005 0.000 0.000 0.000 0.000 0.000 0.000 0.000 0.001 0.003 0.003 0.003 0.003 0.003 0.003 0.003
HIS01A0184_006 0.000 0.000 0.000 0.000 0.000 0.000 0.000 0.000 0.000 0.000 0.000 0.000 0.000 0.000 0.000
HIS01A0184_007 0.000 0.000 0.000 0.000 0.000 0.000 0.000 0.001 0.003 0.003 0.003 0.003 0.003 0.003 0.003
HIS01A0184_008 0.000 0.000 0.000 0.000 0.000 0.000 0.000 0.000 0.000 0.000 0.000 0.000 0.000 0.000 0.000
HIS01A0184_009 0.000 0.000 0.000 0.000 0.000 0.000 0.000 0.000 0.000 0.000 0.000 0.000 0.000 0.000 0.000
HIS01A0184_010 0.000 0.000 0.000 0.000 0.000 0.000 0.000 0.000 0.000 0.000 0.000 0.000 0.000 0.000 0.000
HIS01A0184_011 0.000 0.000 0.000 0.000 0.000 0.000 0.008 0.045 0.097 0.114 0.116 0.115 0.114 0.115 0.114
HIS01A0184_012 0.000 0.000 0.000 0.000 0.000 0.000 0.005 0.027 0.061 0.069 0.070 0.071 0.071 0.072 0.070
HIS01A0184_013 0.000 0.000 0.000 0.000 0.000 0.000 0.000 0.000 0.000 0.000 0.000 0.000 0.000 0.000 0.000
HIS01A0184_014 0.000 0.000 0.000 0.000 0.000 0.000 0.008 0.042 0.092 0.106 0.109 0.108 0.108 0.108 0.109
HIS01A0184_015 0.000 0.000 0.000 0.000 0.000 0.000 0.000 0.000 0.002 0.002 0.002 0.002 0.002 0.002 0.002
HIS01A0184_016 0.000 0.000 0.000 0.000 0.000 0.000 0.000 0.005 0.011 0.012 0.012 0.012 0.013 0.012 0.012
HIS01A0184_017 0.000 0.000 0.000 0.000 0.000 0.000 0.000 0.000 0.000 0.000 0.000 0.000 0.000 0.000 0.000
HIS01A0184_018 0.000 0.000 0.000 0.000 0.000 0.000 0.000 0.000 0.000 0.000 0.000 0.000 0.000 0.000 0.000
HIS02A0184_019 0.000 0.000 0.000 0.000 0.000 0.000 0.002 0.010 0.022 0.025 0.025 0.025 0.025 0.025 0.025
HIS02A0184_020 0.000 0.000 0.000 0.000 0.000 0.000 0.000 0.000 0.000 0.000 0.000 0.000 0.000 0.000 0.000
HIS02A0184_021 0.000 0.000 0.000 0.000 0.000 0.000 0.000 0.000 0.000 0.000 0.001 0.000 0.001 0.000 0.000
HIS02A0184_022 0.000 0.000 0.000 0.000 0.000 0.000 0.000 0.002 0.005 0.005 0.005 0.005 0.005 0.005 0.005
HIS02A0184_023 0.000 0.000 0.000 0.000 0.000 0.000 0.000 0.000 0.000 0.000 0.000 0.000 0.000 0.000 0.000
HIS02A0184_024 0.000 0.000 0.000 0.000 0.000 0.007 0.018 0.100 0.217 0.249 0.254 0.253 0.253 0.255 0.255
HIS02A0184_025 0.000 0.000 0.000 0.000 0.000 0.000 0.007 0.039 0.087 0.099 0.102 0.102 0.102 0.101 0.101
HIS02A0184_026 0.000 0.000 0.000 0.000 0.000 0.003 0.009 0.047 0.104 0.119 0.122 0.122 0.122 0.121 0.122
HIS02A0184_027 0.000 0.000 0.000 0.000 0.000 0.000 0.006 0.033 0.073 0.082 0.084 0.084 0.083 0.084 0.084
HIS02A0184_028 0.000 0.000 0.000 0.000 0.000 0.000 0.000 0.000 0.000 0.000 0.000 0.000 0.000 0.000 0.000
HIS02A0184_029 0.000 0.000 0.000 0.000 0.000 0.000 0.000 0.000 0.000 0.000 0.000 0.000 0.000 0.000 0.000
HIS02A0184_030 0.000 0.000 0.000 0.000 0.000 0.000 0.000 0.000 0.000 0.000 0.000 0.000 0.000 0.000 0.000
HIS02A0184_031 0.000 0.000 0.000 0.000 0.000 0.000 0.000 0.002 0.004 0.004 0.005 0.005 0.005 0.005 0.005
HIS02A0184_032 0.000 0.000 0.000 0.000 0.000 0.000 0.000 0.004 0.009 0.011 0.011 0.011 0.011 0.011 0.011
HIS02A0184_033 0.000 0.000 0.000 0.000 0.000 0.000 0.000 0.000 0.001 0.002 0.002 0.002 0.002 0.002 0.002
HIS02A0184_034 0.000 0.000 0.000 0.000 0.000 0.000 0.000 0.001 0.003 0.004 0.004 0.004 0.004 0.004 0.004
HIS02A0184_035 0.000 0.000 0.000 0.000 0.000 0.000 0.000 0.000 0.000 0.000 0.000 0.000 0.000 0.000 0.000
HIS02A0184_036 0.000 0.000 0.000 0.000 0.000 0.000 0.000 0.000 0.000 0.000 0.000 0.000 0.000 0.000 0.000
HIS02A0184_037 0.000 0.000 0.000 0.000 0.000 0.000 0.000 0.000 0.000 0.000 0.000 0.000 0.000 0.000 0.000
HIS+1A0184_038 0.060 0.060 0.060 0.059 0.059 0.059 0.055 0.036 0.009 0.000 0.000 0.000 0.000 0.000 0.000
HIS+1A0184_039 0.000 0.000 0.000 0.000 0.000 0.000 0.000 0.000 0.000 0.000 0.000 0.000 0.000 0.000 0.000
HIS+1A0184_040 0.164 0.163 0.163 0.163 0.164 0.161 0.153 0.101 0.024 0.003 0.000 0.000 0.000 0.000 0.000
HIS+1A0184_041 0.256 0.260 0.261 0.261 0.259 0.256 0.243 0.158 0.038 0.005 0.000 0.000 0.000 0.000 0.000
HIS+1A0184_042 0.000 0.000 0.000 0.000 0.000 0.000 0.000 0.000 0.000 0.000 0.000 0.000 0.000 0.000 0.000
HIS+1A0184_043 0.004 0.004 0.004 0.004 0.004 0.004 0.004 0.003 0.000 0.000 0.000 0.000 0.000 0.000 0.000
HIS+1A0184_044 0.011 0.011 0.011 0.011 0.011 0.011 0.010 0.007 0.002 0.000 0.000 0.000 0.000 0.000 0.000
HIS+1A0184_045 0.000 0.000 0.000 0.000 0.000 0.000 0.000 0.000 0.000 0.000 0.000 0.000 0.000 0.000 0.000
HIS+1A0184_046 0.006 0.006 0.006 0.006 0.006 0.005 0.005 0.004 0.000 0.000 0.000 0.000 0.000 0.000 0.000
HIS+1A0184_047 0.001 0.002 0.001 0.001 0.001 0.001 0.001 0.000 0.000 0.000 0.000 0.000 0.000 0.000 0.000
HIS+1A0184_048 0.003 0.003 0.003 0.003 0.003 0.003 0.003 0.002 0.000 0.000 0.000 0.000 0.000 0.000 0.000
HIS+1A0184_049 0.000 0.000 0.000 0.000 0.000 0.000 0.000 0.000 0.000 0.000 0.000 0.000 0.000 0.000 0.000
HIS+1A0184_050 0.000 0.000 0.000 0.000 0.000 0.000 0.000 0.000 0.000 0.000 0.000 0.000 0.000 0.000 0.000
HIS+1A0184_051 0.203 0.201 0.201 0.201 0.201 0.198 0.188 0.123 0.030 0.004 0.000 0.000 0.000 0.000 0.000
HIS+1A0184_052 0.000 0.000 0.000 0.000 0.000 0.000 0.000 0.000 0.000 0.000 0.000 0.000 0.000 0.000 0.000
HIS+1A0184_053 0.001 0.000 0.001 0.001 0.001 0.001 0.001 0.000 0.000 0.000 0.000 0.000 0.000 0.000 0.000
HIS+1A0184_054 0.011 0.011 0.011 0.011 0.011 0.012 0.010 0.007 0.002 0.000 0.000 0.000 0.000 0.000 0.000
HIS+1A0184_055 0.280 0.279 0.277 0.278 0.280 0.276 0.257 0.172 0.040 0.006 0.000 0.000 0.000 0.000 0.000
HIS+1A0184_056 0.000 0.000 0.000 0.000 0.000 0.000 0.000 0.000 0.000 0.000 0.000 0.000 0.000 0.000 0.000
HIS+1A0184_057 0.000 0.000 0.000 0.000 0.000 0.000 0.000 0.000 0.000 0.000 0.000 0.000 0.000 0.000 0.000
