 ph              0.0   1.0   2.0   3.0   4.0   5.0   6.0   7.0   8.0   9.0  10.0  11.0  12.0  13.0  14.0
ASP01A0158_001 0.000 0.000 0.000 0.000 0.000 0.000 0.000 0.000 0.000 0.000 0.000 0.000 0.000 0.000 0.000
ASP01A0158_002 0.109 0.109 0.109 0.095 0.043 0.008 0.000 0.000 0.000 0.000 0.000 0.000 0.000 0.000 0.000
ASP01A0158_003 0.005 0.005 0.005 0.005 0.002 0.000 0.000 0.000 0.000 0.000 0.000 0.000 0.000 0.000 0.000
ASP01A0158_004 0.021 0.021 0.021 0.018 0.009 0.001 0.000 0.000 0.000 0.000 0.000 0.000 0.000 0.000 0.000
ASP01A0158_005 0.046 0.046 0.046 0.040 0.019 0.003 0.000 0.000 0.000 0.000 0.000 0.000 0.000 0.000 0.000
ASP01A0158_006 0.002 0.002 0.002 0.001 0.000 0.000 0.000 0.000 0.000 0.000 0.000 0.000 0.000 0.000 0.000
ASP01A0158_007 0.482 0.482 0.475 0.419 0.192 0.035 0.008 0.000 0.000 0.000 0.000 0.000 0.000 0.000 0.000
ASP01A0158_008 0.023 0.023 0.023 0.020 0.009 0.002 0.000 0.000 0.000 0.000 0.000 0.000 0.000 0.000 0.000
ASP02A0158_009 0.016 0.016 0.016 0.014 0.006 0.000 0.000 0.000 0.000 0.000 0.000 0.000 0.000 0.000 0.000
ASP02A0158_010 0.004 0.004 0.004 0.004 0.002 0.000 0.000 0.000 0.000 0.000 0.000 0.000 0.000 0.000 0.000
ASP02A0158_011 0.202 0.200 0.197 0.174 0.079 0.014 0.003 0.000 0.000 0.000 0.000 0.000 0.000 0.000 0.000
ASP02A0158_012 0.004 0.004 0.004 0.004 0.002 0.000 0.000 0.000 0.000 0.000 0.000 0.000 0.000 0.000 0.000
ASP02A0158_013 0.000 0.000 0.000 0.000 0.000 0.000 0.000 0.000 0.000 0.000 0.000 0.000 0.000 0.000 0.000
ASP02A0158_014 0.019 0.019 0.019 0.017 0.008 0.001 0.000 0.000 0.000 0.000 0.000 0.000 0.000 0.000 0.000
ASP02A0158_015 0.051 0.051 0.049 0.044 0.020 0.004 0.000 0.000 0.000 0.000 0.000 0.000 0.000 0.000 0.000
ASP02A0158_016 0.015 0.015 0.015 0.013 0.006 0.000 0.000 0.000 0.000 0.000 0.000 0.000 0.000 0.000 0.000
ASP-1A0158_017 0.000 0.000 0.007 0.060 0.276 0.426 0.450 0.457 0.457 0.459 0.460 0.458 0.460 0.457 0.460
ASP-1A0158_018 0.000 0.000 0.008 0.069 0.316 0.488 0.520 0.524 0.524 0.521 0.522 0.524 0.521 0.524 0.521
ASP-1A0158_019 0.000 0.000 0.000 0.003 0.011 0.017 0.018 0.018 0.019 0.019 0.018 0.018 0.019 0.019 0.018
