 ph              0.0   1.0   2.0   3.0   4.0   5.0   6.0   7.0   8.0   9.0  10.0  11.0  12.0  13.0  14.0
LEU01A0016_001 0.736 0.741 0.739 0.740 0.737 0.739 0.740 0.738 0.735 0.738 0.736 0.740 0.739 0.737 0.738
LEU01A0016_002 0.021 0.021 0.021 0.021 0.021 0.021 0.021 0.021 0.021 0.021 0.021 0.021 0.021 0.021 0.021
LEU01A0016_003 0.000 0.000 0.000 0.000 0.000 0.000 0.000 0.000 0.000 0.000 0.000 0.000 0.000 0.000 0.000
LEU01A0016_004 0.000 0.000 0.000 0.000 0.000 0.000 0.000 0.000 0.000 0.000 0.000 0.000 0.000 0.000 0.000
LEU01A0016_005 0.124 0.121 0.123 0.123 0.125 0.123 0.123 0.125 0.125 0.124 0.125 0.123 0.123 0.124 0.124
LEU01A0016_006 0.014 0.013 0.013 0.013 0.014 0.013 0.013 0.013 0.014 0.013 0.013 0.014 0.013 0.014 0.013
LEU01A0016_007 0.002 0.002 0.002 0.002 0.002 0.002 0.002 0.002 0.002 0.002 0.002 0.002 0.002 0.002 0.002
LEU01A0016_008 0.000 0.000 0.000 0.000 0.000 0.000 0.000 0.000 0.000 0.000 0.000 0.000 0.000 0.000 0.000
LEU01A0016_009 0.102 0.102 0.102 0.101 0.101 0.101 0.100 0.101 0.103 0.102 0.102 0.100 0.101 0.102 0.101
