 ph              0.0   1.0   2.0   3.0   4.0   5.0   6.0   7.0   8.0   9.0  10.0  11.0  12.0  13.0  14.0
HIS01A0220_001 0.000 0.000 0.000 0.000 0.000 0.000 0.002 0.011 0.023 0.025 0.026 0.026 0.025 0.025 0.025
HIS01A0220_002 0.000 0.000 0.000 0.000 0.000 0.000 0.009 0.048 0.095 0.105 0.107 0.107 0.107 0.105 0.106
HIS01A0220_003 0.000 0.000 0.000 0.000 0.000 0.000 0.000 0.000 0.000 0.000 0.000 0.000 0.000 0.000 0.000
HIS01A0220_004 0.000 0.000 0.000 0.000 0.000 0.000 0.000 0.000 0.000 0.000 0.000 0.000 0.000 0.000 0.000
HIS01A0220_005 0.000 0.000 0.000 0.000 0.000 0.000 0.000 0.001 0.003 0.003 0.003 0.003 0.003 0.003 0.003
HIS01A0220_006 0.000 0.000 0.000 0.000 0.000 0.000 0.000 0.000 0.000 0.000 0.000 0.000 0.000 0.000 0.000
HIS01A0220_007 0.000 0.000 0.000 0.000 0.000 0.000 0.000 0.000 0.000 0.001 0.001 0.001 0.001 0.001 0.001
HIS01A0220_008 0.000 0.000 0.000 0.000 0.000 0.002 0.009 0.050 0.102 0.111 0.112 0.112 0.113 0.115 0.112
HIS01A0220_009 0.000 0.000 0.000 0.000 0.000 0.000 0.000 0.000 0.000 0.000 0.000 0.000 0.000 0.000 0.000
HIS01A0220_010 0.000 0.000 0.000 0.000 0.000 0.000 0.000 0.000 0.000 0.000 0.000 0.000 0.000 0.000 0.000
HIS01A0220_011 0.000 0.000 0.000 0.000 0.000 0.000 0.000 0.000 0.000 0.000 0.000 0.000 0.000 0.000 0.000
HIS01A0220_012 0.000 0.000 0.000 0.000 0.000 0.000 0.000 0.004 0.008 0.009 0.009 0.009 0.009 0.009 0.008
HIS01A0220_013 0.000 0.000 0.000 0.000 0.000 0.000 0.007 0.038 0.075 0.084 0.084 0.084 0.085 0.084 0.085
HIS01A0220_014 0.000 0.000 0.000 0.000 0.000 0.000 0.000 0.000 0.001 0.001 0.001 0.001 0.001 0.001 0.001
HIS01A0220_015 0.000 0.000 0.000 0.000 0.000 0.000 0.000 0.000 0.000 0.000 0.000 0.000 0.000 0.000 0.000
HIS01A0220_016 0.000 0.000 0.000 0.000 0.000 0.000 0.000 0.000 0.000 0.000 0.000 0.000 0.000 0.000 0.000
HIS01A0220_017 0.000 0.000 0.000 0.000 0.000 0.000 0.006 0.032 0.065 0.072 0.073 0.073 0.072 0.072 0.074
HIS01A0220_018 0.000 0.000 0.000 0.000 0.000 0.000 0.000 0.000 0.000 0.000 0.000 0.000 0.000 0.000 0.000
HIS01A0220_019 0.000 0.000 0.000 0.000 0.000 0.000 0.000 0.000 0.000 0.000 0.000 0.000 0.000 0.000 0.000
HIS02A0220_020 0.000 0.000 0.000 0.000 0.000 0.000 0.005 0.030 0.060 0.066 0.067 0.067 0.067 0.067 0.068
HIS02A0220_021 0.000 0.000 0.000 0.000 0.000 0.000 0.000 0.000 0.000 0.000 0.000 0.000 0.000 0.000 0.000
HIS02A0220_022 0.000 0.000 0.000 0.000 0.000 0.000 0.006 0.034 0.065 0.074 0.074 0.074 0.075 0.074 0.075
HIS02A0220_023 0.000 0.000 0.000 0.000 0.000 0.000 0.000 0.002 0.004 0.004 0.004 0.004 0.004 0.004 0.004
HIS02A0220_024 0.000 0.000 0.000 0.000 0.000 0.000 0.000 0.000 0.000 0.000 0.000 0.000 0.000 0.000 0.000
HIS02A0220_025 0.000 0.000 0.000 0.000 0.000 0.003 0.012 0.065 0.128 0.144 0.145 0.145 0.145 0.145 0.145
HIS02A0220_026 0.000 0.000 0.000 0.000 0.000 0.003 0.013 0.072 0.143 0.158 0.163 0.163 0.162 0.162 0.161
HIS02A0220_027 0.000 0.000 0.000 0.000 0.000 0.000 0.000 0.000 0.000 0.000 0.000 0.000 0.000 0.000 0.000
HIS02A0220_028 0.000 0.000 0.000 0.000 0.000 0.000 0.000 0.000 0.000 0.000 0.000 0.000 0.000 0.000 0.000
HIS02A0220_029 0.000 0.000 0.000 0.000 0.000 0.000 0.000 0.000 0.000 0.000 0.000 0.000 0.000 0.000 0.000
HIS02A0220_030 0.000 0.000 0.000 0.000 0.000 0.000 0.000 0.000 0.000 0.000 0.000 0.000 0.000 0.000 0.000
HIS02A0220_031 0.000 0.000 0.000 0.000 0.000 0.000 0.000 0.000 0.000 0.000 0.000 0.000 0.000 0.000 0.000
HIS02A0220_032 0.000 0.000 0.000 0.000 0.000 0.000 0.000 0.000 0.000 0.000 0.000 0.000 0.000 0.000 0.000
HIS02A0220_033 0.000 0.000 0.000 0.000 0.000 0.000 0.000 0.000 0.000 0.000 0.000 0.000 0.000 0.000 0.000
HIS02A0220_034 0.000 0.000 0.000 0.000 0.000 0.000 0.000 0.000 0.001 0.002 0.002 0.002 0.002 0.002 0.001
HIS02A0220_035 0.000 0.000 0.000 0.000 0.000 0.000 0.000 0.000 0.000 0.000 0.000 0.000 0.000 0.000 0.000
HIS02A0220_036 0.000 0.000 0.000 0.000 0.000 0.000 0.000 0.003 0.006 0.006 0.006 0.006 0.007 0.006 0.006
HIS02A0220_037 0.000 0.000 0.000 0.000 0.000 0.002 0.010 0.055 0.107 0.120 0.121 0.121 0.122 0.122 0.123
HIS02A0220_038 0.000 0.000 0.000 0.000 0.000 0.000 0.000 0.000 0.000 0.000 0.000 0.000 0.000 0.000 0.000
HIS+1A0220_039 0.131 0.128 0.130 0.130 0.131 0.130 0.120 0.072 0.015 0.002 0.000 0.000 0.000 0.000 0.000
HIS+1A0220_040 0.000 0.000 0.000 0.000 0.000 0.000 0.000 0.000 0.000 0.000 0.000 0.000 0.000 0.000 0.000
HIS+1A0220_041 0.152 0.150 0.148 0.149 0.148 0.147 0.138 0.082 0.017 0.002 0.000 0.000 0.000 0.000 0.000
HIS+1A0220_042 0.011 0.011 0.011 0.011 0.012 0.011 0.010 0.006 0.001 0.000 0.000 0.000 0.000 0.000 0.000
HIS+1A0220_043 0.003 0.003 0.003 0.003 0.003 0.003 0.003 0.002 0.000 0.000 0.000 0.000 0.000 0.000 0.000
HIS+1A0220_044 0.000 0.000 0.000 0.000 0.000 0.000 0.000 0.000 0.000 0.000 0.000 0.000 0.000 0.000 0.000
HIS+1A0220_045 0.000 0.000 0.000 0.000 0.000 0.000 0.000 0.000 0.000 0.000 0.000 0.000 0.000 0.000 0.000
HIS+1A0220_046 0.000 0.000 0.000 0.000 0.000 0.000 0.000 0.000 0.000 0.000 0.000 0.000 0.000 0.000 0.000
HIS+1A0220_047 0.000 0.000 0.000 0.000 0.000 0.000 0.000 0.000 0.000 0.000 0.000 0.000 0.000 0.000 0.000
HIS+1A0220_048 0.000 0.000 0.000 0.000 0.000 0.000 0.000 0.000 0.000 0.000 0.000 0.000 0.000 0.000 0.000
HIS+1A0220_049 0.000 0.000 0.000 0.000 0.000 0.000 0.000 0.000 0.000 0.000 0.000 0.000 0.000 0.000 0.000
HIS+1A0220_050 0.196 0.197 0.197 0.197 0.196 0.193 0.181 0.110 0.023 0.003 0.000 0.000 0.000 0.000 0.000
HIS+1A0220_051 0.232 0.234 0.234 0.235 0.232 0.232 0.214 0.130 0.026 0.003 0.000 0.000 0.000 0.000 0.000
HIS+1A0220_052 0.000 0.000 0.000 0.000 0.000 0.000 0.000 0.000 0.000 0.000 0.000 0.000 0.000 0.000 0.000
HIS+1A0220_053 0.000 0.000 0.000 0.000 0.000 0.000 0.000 0.000 0.000 0.000 0.000 0.000 0.000 0.000 0.000
HIS+1A0220_054 0.000 0.000 0.001 0.001 0.001 0.000 0.000 0.000 0.000 0.000 0.000 0.000 0.000 0.000 0.000
HIS+1A0220_055 0.014 0.014 0.014 0.013 0.014 0.013 0.013 0.008 0.002 0.000 0.000 0.000 0.000 0.000 0.000
HIS+1A0220_056 0.261 0.262 0.262 0.260 0.262 0.260 0.242 0.146 0.030 0.004 0.000 0.000 0.000 0.000 0.000
HIS+1A0220_057 0.000 0.000 0.000 0.000 0.000 0.000 0.000 0.000 0.000 0.000 0.000 0.000 0.000 0.000 0.000
