 ph              0.0   1.0   2.0   3.0   4.0   5.0   6.0   7.0   8.0   9.0  10.0  11.0  12.0  13.0  14.0
TYR01A0173_001 0.078 0.078 0.077 0.077 0.078 0.076 0.077 0.078 0.075 0.057 0.017 0.003 0.000 0.000 0.000
TYR01A0173_002 0.051 0.052 0.052 0.051 0.051 0.052 0.051 0.051 0.049 0.038 0.011 0.002 0.000 0.000 0.000
TYR01A0173_003 0.035 0.035 0.035 0.035 0.035 0.035 0.035 0.034 0.034 0.026 0.007 0.001 0.000 0.000 0.000
TYR01A0173_004 0.089 0.088 0.088 0.089 0.088 0.088 0.086 0.087 0.085 0.066 0.019 0.003 0.000 0.000 0.000
TYR01A0173_005 0.685 0.686 0.686 0.686 0.687 0.689 0.687 0.682 0.662 0.509 0.148 0.025 0.006 0.000 0.000
TYR01A0173_006 0.000 0.000 0.000 0.000 0.000 0.000 0.000 0.000 0.000 0.000 0.000 0.000 0.000 0.000 0.000
TYR01A0173_007 0.019 0.019 0.019 0.019 0.019 0.019 0.019 0.019 0.019 0.014 0.004 0.000 0.000 0.000 0.000
TYR01A0173_008 0.000 0.000 0.000 0.000 0.000 0.000 0.000 0.000 0.000 0.000 0.000 0.000 0.000 0.000 0.000
TYR01A0173_009 0.011 0.011 0.012 0.011 0.011 0.012 0.012 0.012 0.011 0.009 0.002 0.000 0.000 0.000 0.000
TYR01A0173_010 0.031 0.031 0.031 0.031 0.031 0.030 0.031 0.031 0.030 0.023 0.007 0.000 0.000 0.000 0.000
TYR-1A0173_011 0.000 0.000 0.000 0.000 0.000 0.000 0.000 0.000 0.004 0.029 0.087 0.108 0.112 0.111 0.111
TYR-1A0173_012 0.000 0.000 0.000 0.000 0.000 0.000 0.000 0.000 0.002 0.013 0.039 0.049 0.049 0.051 0.049
TYR-1A0173_013 0.000 0.000 0.000 0.000 0.000 0.000 0.000 0.000 0.000 0.000 0.000 0.000 0.000 0.000 0.000
TYR-1A0173_014 0.000 0.000 0.000 0.000 0.000 0.000 0.000 0.000 0.000 0.000 0.000 0.000 0.000 0.000 0.000
TYR-1A0173_015 0.000 0.000 0.000 0.000 0.000 0.000 0.000 0.000 0.000 0.002 0.007 0.008 0.009 0.009 0.008
TYR-1A0173_016 0.000 0.000 0.000 0.000 0.000 0.000 0.000 0.000 0.001 0.010 0.029 0.037 0.038 0.038 0.038
TYR-1A0173_017 0.000 0.000 0.000 0.000 0.000 0.000 0.000 0.000 0.003 0.023 0.069 0.087 0.090 0.088 0.088
TYR-1A0173_018 0.000 0.000 0.000 0.000 0.000 0.000 0.000 0.000 0.000 0.005 0.015 0.019 0.019 0.019 0.019
TYR-1A0173_019 0.000 0.000 0.000 0.000 0.000 0.000 0.000 0.007 0.026 0.176 0.538 0.659 0.678 0.683 0.686
