 ph              0.0   1.0   2.0   3.0   4.0   5.0   6.0   7.0   8.0   9.0  10.0  11.0  12.0  13.0  14.0
ASN01A0133_001 0.000 0.000 0.000 0.000 0.000 0.000 0.000 0.000 0.000 0.000 0.000 0.000 0.000 0.000 0.000
ASN01A0133_002 0.044 0.044 0.044 0.044 0.045 0.044 0.044 0.045 0.044 0.044 0.044 0.045 0.044 0.044 0.044
ASN01A0133_003 0.072 0.072 0.072 0.072 0.072 0.072 0.071 0.072 0.072 0.071 0.072 0.072 0.072 0.072 0.072
ASN01A0133_004 0.111 0.112 0.111 0.112 0.112 0.111 0.111 0.112 0.112 0.112 0.112 0.112 0.112 0.112 0.111
ASN01A0133_005 0.140 0.138 0.140 0.140 0.139 0.140 0.140 0.139 0.140 0.140 0.139 0.140 0.139 0.139 0.139
ASN01A0133_006 0.039 0.039 0.039 0.039 0.039 0.039 0.039 0.039 0.039 0.039 0.039 0.038 0.038 0.039 0.039
ASN01A0133_007 0.185 0.186 0.185 0.185 0.184 0.185 0.185 0.185 0.184 0.185 0.186 0.184 0.186 0.185 0.184
ASN01A0133_008 0.235 0.234 0.235 0.234 0.234 0.234 0.234 0.236 0.232 0.234 0.234 0.234 0.235 0.235 0.234
ASN01A0133_009 0.049 0.049 0.048 0.049 0.049 0.048 0.048 0.048 0.049 0.049 0.049 0.049 0.048 0.049 0.049
ASN01A0133_010 0.115 0.115 0.115 0.115 0.115 0.115 0.116 0.114 0.116 0.115 0.114 0.114 0.115 0.115 0.116
ASN01A0133_011 0.005 0.005 0.005 0.005 0.005 0.005 0.005 0.005 0.005 0.005 0.005 0.005 0.005 0.005 0.005
ASN01A0133_012 0.000 0.000 0.000 0.000 0.000 0.000 0.000 0.000 0.000 0.000 0.000 0.000 0.000 0.000 0.000
ASN01A0133_013 0.006 0.006 0.006 0.006 0.006 0.006 0.006 0.006 0.006 0.006 0.006 0.006 0.006 0.006 0.006
