 ph              0.0   1.0   2.0   3.0   4.0   5.0   6.0   7.0   8.0   9.0  10.0  11.0  12.0  13.0  14.0
ASP01A0022_001 0.000 0.000 0.000 0.000 0.000 0.000 0.000 0.000 0.000 0.000 0.000 0.000 0.000 0.000 0.000
ASP01A0022_002 0.000 0.000 0.000 0.000 0.000 0.000 0.000 0.000 0.000 0.000 0.000 0.000 0.000 0.000 0.000
ASP01A0022_003 0.000 0.000 0.000 0.000 0.000 0.000 0.000 0.000 0.000 0.000 0.000 0.000 0.000 0.000 0.000
ASP01A0022_004 0.008 0.008 0.008 0.006 0.002 0.000 0.000 0.000 0.000 0.000 0.000 0.000 0.000 0.000 0.000
ASP01A0022_005 0.003 0.003 0.003 0.002 0.000 0.000 0.000 0.000 0.000 0.000 0.000 0.000 0.000 0.000 0.000
ASP01A0022_006 0.005 0.005 0.005 0.004 0.001 0.000 0.000 0.000 0.000 0.000 0.000 0.000 0.000 0.000 0.000
ASP01A0022_007 0.033 0.032 0.032 0.025 0.009 0.001 0.000 0.000 0.000 0.000 0.000 0.000 0.000 0.000 0.000
ASP01A0022_008 0.316 0.315 0.308 0.245 0.084 0.014 0.003 0.000 0.000 0.000 0.000 0.000 0.000 0.000 0.000
ASP01A0022_009 0.343 0.342 0.334 0.266 0.091 0.015 0.003 0.000 0.000 0.000 0.000 0.000 0.000 0.000 0.000
ASP01A0022_010 0.008 0.008 0.008 0.006 0.002 0.000 0.000 0.000 0.000 0.000 0.000 0.000 0.000 0.000 0.000
ASP01A0022_011 0.048 0.048 0.046 0.037 0.013 0.002 0.000 0.000 0.000 0.000 0.000 0.000 0.000 0.000 0.000
ASP02A0022_012 0.000 0.000 0.000 0.000 0.000 0.000 0.000 0.000 0.000 0.000 0.000 0.000 0.000 0.000 0.000
ASP02A0022_013 0.042 0.042 0.040 0.032 0.011 0.002 0.000 0.000 0.000 0.000 0.000 0.000 0.000 0.000 0.000
ASP02A0022_014 0.001 0.001 0.000 0.000 0.000 0.000 0.000 0.000 0.000 0.000 0.000 0.000 0.000 0.000 0.000
ASP02A0022_015 0.002 0.002 0.002 0.001 0.000 0.000 0.000 0.000 0.000 0.000 0.000 0.000 0.000 0.000 0.000
ASP02A0022_016 0.091 0.090 0.087 0.070 0.024 0.004 0.000 0.000 0.000 0.000 0.000 0.000 0.000 0.000 0.000
ASP02A0022_017 0.045 0.045 0.044 0.035 0.012 0.002 0.000 0.000 0.000 0.000 0.000 0.000 0.000 0.000 0.000
ASP02A0022_018 0.004 0.004 0.003 0.003 0.000 0.000 0.000 0.000 0.000 0.000 0.000 0.000 0.000 0.000 0.000
ASP02A0022_019 0.002 0.002 0.002 0.001 0.000 0.000 0.000 0.000 0.000 0.000 0.000 0.000 0.000 0.000 0.000
ASP02A0022_020 0.023 0.023 0.022 0.018 0.006 0.000 0.000 0.000 0.000 0.000 0.000 0.000 0.000 0.000 0.000
ASP02A0022_021 0.026 0.026 0.025 0.020 0.007 0.001 0.000 0.000 0.000 0.000 0.000 0.000 0.000 0.000 0.000
ASP-1A0022_022 0.000 0.000 0.000 0.000 0.002 0.002 0.002 0.003 0.003 0.002 0.002 0.003 0.003 0.002 0.003
ASP-1A0022_023 0.000 0.000 0.008 0.061 0.194 0.251 0.261 0.266 0.261 0.263 0.267 0.265 0.267 0.262 0.266
ASP-1A0022_024 0.000 0.004 0.022 0.164 0.529 0.689 0.714 0.715 0.719 0.718 0.713 0.716 0.714 0.719 0.715
ASP-1A0022_025 0.000 0.000 0.000 0.004 0.012 0.016 0.016 0.017 0.017 0.016 0.017 0.016 0.016 0.017 0.016
