 ph              0.0   1.0   2.0   3.0   4.0   5.0   6.0   7.0   8.0   9.0  10.0  11.0  12.0  13.0  14.0
TYR01A0109_001 0.033 0.033 0.033 0.033 0.033 0.033 0.033 0.032 0.031 0.023 0.006 0.000 0.000 0.000 0.000
TYR01A0109_002 0.104 0.101 0.103 0.102 0.102 0.102 0.101 0.101 0.098 0.073 0.019 0.003 0.000 0.000 0.000
TYR01A0109_003 0.000 0.000 0.000 0.000 0.000 0.000 0.000 0.000 0.000 0.000 0.000 0.000 0.000 0.000 0.000
TYR01A0109_004 0.074 0.072 0.074 0.073 0.074 0.073 0.073 0.072 0.069 0.051 0.014 0.002 0.000 0.000 0.000
TYR01A0109_005 0.000 0.000 0.000 0.000 0.000 0.000 0.000 0.000 0.000 0.000 0.000 0.000 0.000 0.000 0.000
TYR01A0109_006 0.000 0.000 0.000 0.000 0.000 0.000 0.000 0.000 0.000 0.000 0.000 0.000 0.000 0.000 0.000
TYR01A0109_007 0.078 0.079 0.078 0.078 0.079 0.078 0.078 0.079 0.075 0.055 0.015 0.002 0.000 0.000 0.000
TYR01A0109_008 0.000 0.000 0.000 0.000 0.000 0.000 0.000 0.000 0.000 0.000 0.000 0.000 0.000 0.000 0.000
TYR01A0109_009 0.000 0.000 0.000 0.000 0.000 0.000 0.000 0.000 0.000 0.000 0.000 0.000 0.000 0.000 0.000
TYR01A0109_010 0.256 0.255 0.256 0.255 0.254 0.257 0.257 0.255 0.244 0.178 0.048 0.007 0.000 0.000 0.000
TYR01A0109_011 0.000 0.000 0.000 0.000 0.000 0.000 0.000 0.000 0.000 0.000 0.000 0.000 0.000 0.000 0.000
TYR01A0109_012 0.000 0.000 0.000 0.000 0.000 0.000 0.000 0.000 0.000 0.000 0.000 0.000 0.000 0.000 0.000
TYR01A0109_013 0.254 0.255 0.254 0.254 0.255 0.255 0.254 0.252 0.244 0.176 0.048 0.007 0.000 0.000 0.000
TYR01A0109_014 0.158 0.162 0.159 0.160 0.160 0.160 0.161 0.160 0.154 0.114 0.030 0.004 0.000 0.000 0.000
TYR01A0109_015 0.000 0.000 0.000 0.000 0.000 0.000 0.000 0.000 0.000 0.000 0.000 0.000 0.000 0.000 0.000
TYR01A0109_016 0.000 0.000 0.000 0.000 0.000 0.000 0.000 0.000 0.000 0.000 0.000 0.000 0.000 0.000 0.000
TYR01A0109_017 0.000 0.000 0.000 0.000 0.000 0.000 0.000 0.000 0.000 0.000 0.000 0.000 0.000 0.000 0.000
TYR01A0109_018 0.017 0.017 0.017 0.017 0.016 0.017 0.016 0.016 0.016 0.012 0.003 0.000 0.000 0.000 0.000
TYR01A0109_019 0.000 0.000 0.000 0.000 0.000 0.000 0.000 0.000 0.000 0.000 0.000 0.000 0.000 0.000 0.000
TYR01A0109_020 0.026 0.026 0.026 0.027 0.027 0.026 0.026 0.026 0.025 0.018 0.005 0.000 0.000 0.000 0.000
TYR-1A0109_021 0.000 0.000 0.000 0.000 0.000 0.000 0.000 0.000 0.001 0.010 0.026 0.032 0.032 0.033 0.033
TYR-1A0109_022 0.000 0.000 0.000 0.000 0.000 0.000 0.000 0.000 0.000 0.000 0.000 0.000 0.000 0.000 0.000
TYR-1A0109_023 0.000 0.000 0.000 0.000 0.000 0.000 0.000 0.000 0.003 0.018 0.049 0.059 0.060 0.061 0.061
TYR-1A0109_024 0.000 0.000 0.000 0.000 0.000 0.000 0.000 0.000 0.000 0.000 0.000 0.000 0.000 0.000 0.000
TYR-1A0109_025 0.000 0.000 0.000 0.000 0.000 0.000 0.000 0.000 0.007 0.050 0.136 0.163 0.168 0.167 0.169
TYR-1A0109_026 0.000 0.000 0.000 0.000 0.000 0.000 0.000 0.000 0.000 0.000 0.000 0.000 0.000 0.000 0.000
TYR-1A0109_027 0.000 0.000 0.000 0.000 0.000 0.000 0.000 0.000 0.000 0.000 0.000 0.000 0.000 0.000 0.000
TYR-1A0109_028 0.000 0.000 0.000 0.000 0.000 0.000 0.000 0.000 0.005 0.038 0.102 0.123 0.127 0.126 0.126
TYR-1A0109_029 0.000 0.000 0.000 0.000 0.000 0.000 0.000 0.003 0.010 0.069 0.183 0.219 0.226 0.228 0.229
TYR-1A0109_030 0.000 0.000 0.000 0.000 0.000 0.000 0.000 0.000 0.000 0.000 0.000 0.000 0.000 0.000 0.000
TYR-1A0109_031 0.000 0.000 0.000 0.000 0.000 0.000 0.000 0.000 0.000 0.000 0.000 0.000 0.000 0.000 0.000
TYR-1A0109_032 0.000 0.000 0.000 0.000 0.000 0.000 0.000 0.000 0.000 0.000 0.000 0.000 0.000 0.000 0.000
TYR-1A0109_033 0.000 0.000 0.000 0.000 0.000 0.000 0.000 0.000 0.001 0.009 0.024 0.029 0.029 0.029 0.029
TYR-1A0109_034 0.000 0.000 0.000 0.000 0.000 0.000 0.000 0.000 0.000 0.000 0.000 0.000 0.000 0.000 0.000
TYR-1A0109_035 0.000 0.000 0.000 0.000 0.000 0.000 0.000 0.000 0.000 0.000 0.000 0.000 0.000 0.000 0.000
TYR-1A0109_036 0.000 0.000 0.000 0.000 0.000 0.000 0.000 0.000 0.002 0.011 0.029 0.035 0.036 0.036 0.036
TYR-1A0109_037 0.000 0.000 0.000 0.000 0.000 0.000 0.000 0.000 0.001 0.010 0.028 0.034 0.034 0.034 0.034
TYR-1A0109_038 0.000 0.000 0.000 0.000 0.000 0.000 0.000 0.004 0.012 0.086 0.235 0.281 0.287 0.287 0.283
TYR-1A0109_039 0.000 0.000 0.000 0.000 0.000 0.000 0.000 0.000 0.000 0.000 0.000 0.000 0.000 0.000 0.000
TYR-1A0109_040 0.000 0.000 0.000 0.000 0.000 0.000 0.000 0.000 0.000 0.000 0.000 0.000 0.000 0.000 0.000
