 ph              0.0   1.0   2.0   3.0   4.0   5.0   6.0   7.0   8.0   9.0  10.0  11.0  12.0  13.0  14.0
HIS01A0151_001 0.000 0.000 0.000 0.000 0.000 0.000 0.002 0.016 0.039 0.046 0.047 0.047 0.047 0.047 0.047
HIS01A0151_002 0.000 0.000 0.000 0.000 0.000 0.000 0.000 0.000 0.000 0.000 0.000 0.000 0.000 0.000 0.000
HIS01A0151_003 0.000 0.000 0.000 0.000 0.000 0.000 0.000 0.000 0.002 0.002 0.002 0.002 0.002 0.002 0.002
HIS01A0151_004 0.000 0.000 0.000 0.000 0.000 0.000 0.000 0.000 0.000 0.000 0.000 0.000 0.000 0.000 0.000
HIS01A0151_005 0.000 0.000 0.000 0.000 0.000 0.000 0.004 0.030 0.074 0.086 0.087 0.088 0.088 0.088 0.087
HIS01A0151_006 0.000 0.000 0.000 0.000 0.000 0.000 0.003 0.021 0.049 0.059 0.060 0.060 0.060 0.060 0.060
HIS01A0151_007 0.000 0.000 0.000 0.000 0.000 0.000 0.000 0.000 0.000 0.000 0.000 0.000 0.000 0.000 0.000
HIS01A0151_008 0.000 0.000 0.000 0.000 0.000 0.000 0.000 0.000 0.000 0.000 0.000 0.000 0.000 0.000 0.000
HIS01A0151_009 0.000 0.000 0.000 0.000 0.000 0.000 0.002 0.013 0.031 0.035 0.037 0.036 0.037 0.037 0.037
HIS01A0151_010 0.000 0.000 0.000 0.000 0.000 0.000 0.003 0.019 0.046 0.053 0.055 0.056 0.054 0.055 0.055
HIS01A0151_011 0.000 0.000 0.000 0.000 0.000 0.000 0.002 0.015 0.037 0.043 0.044 0.044 0.044 0.044 0.044
HIS01A0151_012 0.000 0.000 0.000 0.000 0.000 0.000 0.000 0.000 0.000 0.001 0.001 0.001 0.001 0.001 0.001
HIS01A0151_013 0.000 0.000 0.000 0.000 0.000 0.000 0.005 0.031 0.075 0.088 0.090 0.090 0.090 0.089 0.091
HIS01A0151_014 0.000 0.000 0.000 0.000 0.000 0.000 0.000 0.000 0.000 0.000 0.000 0.000 0.000 0.000 0.000
HIS01A0151_015 0.000 0.000 0.000 0.000 0.000 0.000 0.000 0.000 0.000 0.000 0.000 0.000 0.000 0.000 0.000
HIS01A0151_016 0.000 0.000 0.000 0.000 0.000 0.000 0.000 0.000 0.000 0.000 0.000 0.000 0.000 0.000 0.000
HIS01A0151_017 0.000 0.000 0.000 0.000 0.000 0.000 0.000 0.000 0.000 0.000 0.000 0.000 0.000 0.000 0.000
HIS01A0151_018 0.000 0.000 0.000 0.000 0.000 0.000 0.000 0.000 0.000 0.000 0.000 0.000 0.000 0.000 0.000
HIS01A0151_019 0.000 0.000 0.000 0.000 0.000 0.000 0.000 0.000 0.000 0.000 0.000 0.000 0.000 0.000 0.000
HIS01A0151_020 0.000 0.000 0.000 0.000 0.000 0.000 0.000 0.000 0.000 0.000 0.000 0.000 0.000 0.000 0.000
HIS02A0151_021 0.000 0.000 0.000 0.000 0.000 0.000 0.004 0.027 0.064 0.074 0.077 0.076 0.077 0.076 0.075
HIS02A0151_022 0.000 0.000 0.000 0.000 0.000 0.000 0.002 0.011 0.026 0.030 0.031 0.031 0.031 0.031 0.031
HIS02A0151_023 0.000 0.000 0.000 0.000 0.000 0.000 0.003 0.023 0.054 0.063 0.065 0.064 0.064 0.063 0.065
HIS02A0151_024 0.000 0.000 0.000 0.000 0.000 0.000 0.000 0.000 0.000 0.000 0.000 0.000 0.000 0.000 0.000
HIS02A0151_025 0.000 0.000 0.000 0.000 0.000 0.000 0.000 0.000 0.000 0.000 0.000 0.000 0.000 0.000 0.000
HIS02A0151_026 0.000 0.000 0.000 0.000 0.000 0.000 0.006 0.044 0.104 0.124 0.126 0.127 0.126 0.127 0.127
HIS02A0151_027 0.000 0.000 0.000 0.000 0.000 0.000 0.000 0.000 0.002 0.002 0.002 0.002 0.003 0.002 0.002
HIS02A0151_028 0.000 0.000 0.000 0.000 0.000 0.000 0.000 0.000 0.000 0.000 0.000 0.000 0.000 0.000 0.000
HIS02A0151_029 0.000 0.000 0.000 0.000 0.000 0.000 0.004 0.031 0.073 0.086 0.089 0.087 0.090 0.088 0.087
HIS02A0151_030 0.000 0.000 0.000 0.000 0.000 0.000 0.000 0.000 0.000 0.000 0.000 0.000 0.000 0.000 0.000
HIS02A0151_031 0.000 0.000 0.000 0.000 0.000 0.000 0.000 0.000 0.000 0.000 0.000 0.000 0.000 0.000 0.000
HIS02A0151_032 0.000 0.000 0.000 0.000 0.000 0.000 0.000 0.000 0.000 0.000 0.000 0.000 0.000 0.000 0.000
HIS02A0151_033 0.000 0.000 0.000 0.000 0.000 0.000 0.000 0.000 0.000 0.000 0.000 0.000 0.000 0.000 0.000
HIS02A0151_034 0.000 0.000 0.000 0.000 0.000 0.000 0.000 0.000 0.000 0.000 0.000 0.000 0.000 0.000 0.000
HIS02A0151_035 0.000 0.000 0.000 0.000 0.000 0.000 0.003 0.020 0.050 0.058 0.059 0.059 0.059 0.059 0.059
HIS02A0151_036 0.000 0.000 0.000 0.000 0.000 0.000 0.000 0.000 0.001 0.002 0.002 0.002 0.002 0.002 0.002
HIS02A0151_037 0.000 0.000 0.000 0.000 0.000 0.000 0.007 0.044 0.108 0.125 0.126 0.127 0.126 0.128 0.127
HIS02A0151_038 0.000 0.000 0.000 0.000 0.000 0.000 0.000 0.000 0.000 0.000 0.000 0.000 0.000 0.000 0.000
HIS02A0151_039 0.000 0.000 0.000 0.000 0.000 0.000 0.000 0.000 0.000 0.000 0.000 0.000 0.000 0.000 0.000
HIS02A0151_040 0.000 0.000 0.000 0.000 0.000 0.000 0.000 0.000 0.000 0.000 0.000 0.000 0.000 0.000 0.000
HIS+1A0151_041 0.147 0.148 0.148 0.149 0.147 0.148 0.140 0.097 0.024 0.003 0.000 0.000 0.000 0.000 0.000
HIS+1A0151_042 0.000 0.000 0.000 0.000 0.000 0.000 0.000 0.000 0.000 0.000 0.000 0.000 0.000 0.000 0.000
HIS+1A0151_043 0.067 0.067 0.067 0.066 0.067 0.067 0.063 0.044 0.011 0.001 0.000 0.000 0.000 0.000 0.000
HIS+1A0151_044 0.000 0.000 0.000 0.000 0.000 0.000 0.000 0.000 0.000 0.000 0.000 0.000 0.000 0.000 0.000
HIS+1A0151_045 0.078 0.079 0.078 0.077 0.078 0.078 0.075 0.051 0.013 0.002 0.000 0.000 0.000 0.000 0.000
HIS+1A0151_046 0.000 0.000 0.000 0.000 0.000 0.000 0.000 0.000 0.000 0.000 0.000 0.000 0.000 0.000 0.000
HIS+1A0151_047 0.000 0.000 0.000 0.000 0.000 0.000 0.000 0.000 0.000 0.000 0.000 0.000 0.000 0.000 0.000
HIS+1A0151_048 0.000 0.000 0.000 0.000 0.000 0.000 0.000 0.000 0.000 0.000 0.000 0.000 0.000 0.000 0.000
HIS+1A0151_049 0.128 0.129 0.128 0.129 0.128 0.129 0.121 0.084 0.022 0.002 0.000 0.000 0.000 0.000 0.000
HIS+1A0151_050 0.000 0.000 0.000 0.000 0.000 0.000 0.000 0.000 0.000 0.000 0.000 0.000 0.000 0.000 0.000
HIS+1A0151_051 0.000 0.000 0.000 0.000 0.000 0.000 0.000 0.000 0.000 0.000 0.000 0.000 0.000 0.000 0.000
HIS+1A0151_052 0.000 0.000 0.000 0.000 0.000 0.000 0.000 0.000 0.000 0.000 0.000 0.000 0.000 0.000 0.000
HIS+1A0151_053 0.081 0.081 0.080 0.079 0.081 0.079 0.077 0.053 0.013 0.002 0.000 0.000 0.000 0.000 0.000
HIS+1A0151_054 0.003 0.002 0.003 0.003 0.003 0.003 0.002 0.002 0.000 0.000 0.000 0.000 0.000 0.000 0.000
HIS+1A0151_055 0.168 0.168 0.171 0.169 0.169 0.169 0.161 0.110 0.028 0.003 0.000 0.000 0.000 0.000 0.000
HIS+1A0151_056 0.323 0.320 0.321 0.322 0.322 0.321 0.305 0.210 0.053 0.007 0.000 0.000 0.000 0.000 0.000
HIS+1A0151_057 0.005 0.005 0.005 0.005 0.005 0.005 0.005 0.003 0.000 0.000 0.000 0.000 0.000 0.000 0.000
HIS+1A0151_058 0.000 0.000 0.000 0.000 0.000 0.000 0.000 0.000 0.000 0.000 0.000 0.000 0.000 0.000 0.000
HIS+1A0151_059 0.000 0.000 0.000 0.000 0.000 0.000 0.000 0.000 0.000 0.000 0.000 0.000 0.000 0.000 0.000
HIS+1A0151_060 0.000 0.000 0.000 0.000 0.000 0.000 0.000 0.000 0.000 0.000 0.000 0.000 0.000 0.000 0.000
