 ph              0.0   1.0   2.0   3.0   4.0   5.0   6.0   7.0   8.0   9.0  10.0  11.0  12.0  13.0  14.0
ASP01A0192_001 0.000 0.000 0.000 0.000 0.000 0.000 0.000 0.000 0.000 0.000 0.000 0.000 0.000 0.000 0.000
ASP01A0192_002 0.000 0.000 0.000 0.000 0.000 0.000 0.000 0.000 0.000 0.000 0.000 0.000 0.000 0.000 0.000
ASP01A0192_003 0.031 0.030 0.031 0.027 0.013 0.002 0.000 0.000 0.000 0.000 0.000 0.000 0.000 0.000 0.000
ASP01A0192_004 0.572 0.567 0.561 0.493 0.223 0.037 0.004 0.001 0.000 0.000 0.000 0.000 0.000 0.000 0.000
ASP02A0192_005 0.000 0.000 0.000 0.000 0.000 0.000 0.000 0.000 0.000 0.000 0.000 0.000 0.000 0.000 0.000
ASP02A0192_006 0.000 0.000 0.000 0.000 0.000 0.000 0.000 0.000 0.000 0.000 0.000 0.000 0.000 0.000 0.000
ASP02A0192_007 0.382 0.387 0.377 0.331 0.148 0.024 0.003 0.000 0.000 0.000 0.000 0.000 0.000 0.000 0.000
ASP02A0192_008 0.014 0.014 0.015 0.013 0.006 0.000 0.000 0.000 0.000 0.000 0.000 0.000 0.000 0.000 0.000
ASP-1A0192_009 0.000 0.000 0.000 0.000 0.000 0.000 0.000 0.000 0.001 0.000 0.000 0.000 0.000 0.000 0.000
ASP-1A0192_010 0.000 0.002 0.016 0.136 0.611 0.937 0.993 0.999 0.999 1.000 1.000 1.000 1.000 1.000 1.000
