 ph              0.0   1.0   2.0   3.0   4.0   5.0   6.0   7.0   8.0   9.0  10.0  11.0  12.0  13.0  14.0
HIS01A0212_001 0.000 0.000 0.000 0.000 0.000 0.000 0.000 0.001 0.003 0.003 0.003 0.003 0.003 0.003 0.003
HIS01A0212_002 0.000 0.000 0.000 0.000 0.000 0.000 0.000 0.005 0.010 0.013 0.013 0.013 0.012 0.013 0.012
HIS01A0212_003 0.000 0.000 0.000 0.000 0.000 0.000 0.000 0.000 0.000 0.000 0.000 0.000 0.000 0.000 0.000
HIS01A0212_004 0.000 0.000 0.000 0.000 0.000 0.000 0.000 0.000 0.000 0.000 0.000 0.000 0.000 0.000 0.000
HIS01A0212_005 0.000 0.000 0.000 0.000 0.000 0.000 0.000 0.000 0.000 0.000 0.000 0.000 0.000 0.000 0.000
HIS01A0212_006 0.000 0.000 0.000 0.000 0.000 0.000 0.000 0.006 0.013 0.015 0.016 0.016 0.016 0.016 0.016
HIS01A0212_007 0.000 0.000 0.000 0.000 0.000 0.002 0.017 0.087 0.188 0.215 0.219 0.219 0.218 0.219 0.222
HIS01A0212_008 0.000 0.000 0.000 0.000 0.000 0.000 0.000 0.000 0.000 0.000 0.000 0.000 0.000 0.000 0.000
HIS01A0212_009 0.000 0.000 0.000 0.000 0.000 0.000 0.000 0.000 0.000 0.000 0.000 0.000 0.000 0.000 0.000
HIS01A0212_010 0.000 0.000 0.000 0.000 0.000 0.000 0.000 0.000 0.000 0.000 0.000 0.000 0.000 0.000 0.000
HIS01A0212_011 0.000 0.000 0.000 0.000 0.000 0.000 0.000 0.000 0.000 0.000 0.000 0.000 0.000 0.000 0.000
HIS01A0212_012 0.000 0.000 0.000 0.000 0.000 0.000 0.000 0.000 0.000 0.000 0.000 0.000 0.000 0.000 0.000
HIS01A0212_013 0.000 0.000 0.000 0.000 0.000 0.000 0.000 0.000 0.000 0.000 0.000 0.000 0.000 0.000 0.000
HIS01A0212_014 0.000 0.000 0.000 0.000 0.000 0.000 0.010 0.056 0.120 0.136 0.139 0.140 0.140 0.141 0.139
HIS01A0212_015 0.000 0.000 0.000 0.000 0.000 0.000 0.000 0.000 0.001 0.001 0.001 0.001 0.001 0.001 0.000
HIS01A0212_016 0.000 0.000 0.000 0.000 0.000 0.000 0.000 0.005 0.010 0.012 0.012 0.012 0.012 0.012 0.012
HIS01A0212_017 0.000 0.000 0.000 0.000 0.000 0.000 0.000 0.000 0.000 0.000 0.000 0.000 0.000 0.000 0.001
HIS01A0212_018 0.000 0.000 0.000 0.000 0.000 0.000 0.000 0.000 0.000 0.000 0.000 0.000 0.000 0.000 0.000
HIS01A0212_019 0.000 0.000 0.000 0.000 0.000 0.000 0.000 0.000 0.000 0.000 0.000 0.001 0.000 0.000 0.000
HIS02A0212_020 0.000 0.000 0.000 0.000 0.000 0.000 0.000 0.002 0.003 0.004 0.004 0.004 0.004 0.004 0.004
HIS02A0212_021 0.000 0.000 0.000 0.000 0.000 0.000 0.000 0.004 0.008 0.010 0.010 0.009 0.009 0.010 0.009
HIS02A0212_022 0.000 0.000 0.000 0.000 0.000 0.000 0.000 0.000 0.000 0.000 0.000 0.000 0.000 0.000 0.000
HIS02A0212_023 0.000 0.000 0.000 0.000 0.000 0.000 0.000 0.000 0.000 0.000 0.000 0.000 0.000 0.000 0.000
HIS02A0212_024 0.000 0.000 0.000 0.000 0.000 0.000 0.002 0.009 0.019 0.022 0.022 0.022 0.022 0.022 0.022
HIS02A0212_025 0.000 0.000 0.000 0.000 0.000 0.000 0.000 0.000 0.001 0.001 0.001 0.001 0.001 0.002 0.002
HIS02A0212_026 0.000 0.000 0.000 0.000 0.000 0.000 0.000 0.002 0.004 0.005 0.005 0.005 0.005 0.005 0.005
HIS02A0212_027 0.000 0.000 0.000 0.000 0.000 0.003 0.022 0.116 0.246 0.285 0.290 0.290 0.290 0.289 0.290
HIS02A0212_028 0.000 0.000 0.000 0.000 0.000 0.000 0.000 0.000 0.000 0.000 0.000 0.000 0.000 0.000 0.000
HIS02A0212_029 0.000 0.000 0.000 0.000 0.000 0.000 0.000 0.000 0.000 0.000 0.000 0.000 0.000 0.000 0.000
HIS02A0212_030 0.000 0.000 0.000 0.000 0.000 0.000 0.000 0.000 0.001 0.001 0.001 0.001 0.001 0.001 0.001
HIS02A0212_031 0.000 0.000 0.000 0.000 0.000 0.000 0.000 0.000 0.000 0.000 0.000 0.000 0.000 0.000 0.000
HIS02A0212_032 0.000 0.000 0.000 0.000 0.000 0.000 0.001 0.007 0.015 0.017 0.017 0.018 0.018 0.018 0.018
HIS02A0212_033 0.000 0.000 0.000 0.000 0.000 0.000 0.000 0.000 0.000 0.000 0.000 0.000 0.000 0.000 0.000
HIS02A0212_034 0.000 0.000 0.000 0.000 0.000 0.000 0.000 0.000 0.000 0.000 0.000 0.000 0.000 0.000 0.000
HIS02A0212_035 0.000 0.000 0.000 0.000 0.000 0.000 0.000 0.000 0.000 0.000 0.000 0.000 0.000 0.000 0.000
HIS02A0212_036 0.000 0.000 0.000 0.000 0.000 0.000 0.000 0.000 0.000 0.000 0.000 0.000 0.000 0.000 0.000
HIS02A0212_037 0.000 0.000 0.000 0.000 0.000 0.003 0.018 0.095 0.208 0.236 0.243 0.241 0.243 0.241 0.242
HIS02A0212_038 0.000 0.000 0.000 0.000 0.000 0.000 0.000 0.000 0.002 0.002 0.002 0.002 0.002 0.002 0.002
HIS02A0212_039 0.000 0.000 0.000 0.000 0.000 0.000 0.000 0.000 0.000 0.001 0.001 0.001 0.001 0.001 0.001
HIS+1A0212_040 0.007 0.008 0.007 0.007 0.007 0.007 0.007 0.004 0.000 0.000 0.000 0.000 0.000 0.000 0.000
HIS+1A0212_041 0.000 0.000 0.000 0.000 0.000 0.000 0.000 0.000 0.000 0.000 0.000 0.000 0.000 0.000 0.000
HIS+1A0212_042 0.000 0.000 0.000 0.000 0.000 0.000 0.000 0.000 0.000 0.000 0.000 0.000 0.000 0.000 0.000
HIS+1A0212_043 0.000 0.000 0.000 0.000 0.000 0.000 0.000 0.000 0.000 0.000 0.000 0.000 0.000 0.000 0.000
HIS+1A0212_044 0.533 0.537 0.537 0.535 0.532 0.532 0.499 0.321 0.080 0.012 0.000 0.000 0.000 0.000 0.000
HIS+1A0212_045 0.000 0.000 0.000 0.000 0.000 0.000 0.000 0.000 0.000 0.000 0.000 0.000 0.000 0.000 0.000
HIS+1A0212_046 0.000 0.000 0.000 0.000 0.000 0.000 0.000 0.000 0.000 0.000 0.000 0.000 0.000 0.000 0.000
HIS+1A0212_047 0.026 0.027 0.026 0.027 0.027 0.026 0.025 0.016 0.004 0.000 0.000 0.000 0.000 0.000 0.000
HIS+1A0212_048 0.000 0.000 0.000 0.000 0.000 0.000 0.000 0.000 0.000 0.000 0.000 0.000 0.000 0.000 0.000
HIS+1A0212_049 0.000 0.000 0.000 0.000 0.000 0.000 0.000 0.000 0.000 0.000 0.000 0.000 0.000 0.000 0.000
HIS+1A0212_050 0.000 0.000 0.000 0.000 0.000 0.000 0.000 0.000 0.000 0.000 0.000 0.000 0.000 0.000 0.000
HIS+1A0212_051 0.036 0.034 0.033 0.035 0.033 0.033 0.032 0.020 0.005 0.000 0.000 0.000 0.000 0.000 0.000
HIS+1A0212_052 0.378 0.375 0.377 0.375 0.380 0.371 0.347 0.231 0.056 0.009 0.000 0.000 0.000 0.000 0.000
HIS+1A0212_053 0.003 0.003 0.003 0.003 0.003 0.003 0.003 0.002 0.000 0.000 0.000 0.000 0.000 0.000 0.000
HIS+1A0212_054 0.007 0.007 0.007 0.007 0.007 0.007 0.007 0.004 0.000 0.000 0.000 0.000 0.000 0.000 0.000
HIS+1A0212_055 0.003 0.002 0.003 0.003 0.003 0.003 0.002 0.002 0.000 0.000 0.000 0.000 0.000 0.000 0.000
HIS+1A0212_056 0.000 0.000 0.000 0.000 0.000 0.000 0.000 0.000 0.000 0.000 0.000 0.000 0.000 0.000 0.000
HIS+1A0212_057 0.004 0.004 0.004 0.004 0.004 0.004 0.004 0.002 0.000 0.000 0.000 0.000 0.000 0.000 0.000
HIS+1A0212_058 0.003 0.003 0.003 0.003 0.003 0.003 0.003 0.002 0.000 0.000 0.000 0.000 0.000 0.000 0.000
