 ph              0.0   1.0   2.0   3.0   4.0   5.0   6.0   7.0   8.0   9.0  10.0  11.0  12.0  13.0  14.0
LYS01A0148_001 0.000 0.000 0.000 0.000 0.000 0.000 0.000 0.000 0.000 0.010 0.065 0.239 0.337 0.359 0.360
LYS01A0148_002 0.000 0.000 0.000 0.000 0.000 0.000 0.000 0.000 0.000 0.000 0.002 0.008 0.011 0.012 0.012
LYS01A0148_003 0.000 0.000 0.000 0.000 0.000 0.000 0.000 0.000 0.000 0.000 0.000 0.000 0.001 0.001 0.001
LYS01A0148_004 0.000 0.000 0.000 0.000 0.000 0.000 0.000 0.000 0.000 0.000 0.001 0.004 0.006 0.006 0.006
LYS01A0148_005 0.000 0.000 0.000 0.000 0.000 0.000 0.000 0.000 0.000 0.000 0.000 0.001 0.002 0.002 0.002
LYS01A0148_006 0.000 0.000 0.000 0.000 0.000 0.000 0.000 0.000 0.000 0.000 0.000 0.000 0.000 0.000 0.000
LYS01A0148_007 0.000 0.000 0.000 0.000 0.000 0.000 0.000 0.000 0.000 0.000 0.000 0.003 0.004 0.005 0.005
LYS01A0148_008 0.000 0.000 0.000 0.000 0.000 0.000 0.000 0.000 0.000 0.000 0.000 0.000 0.000 0.000 0.000
LYS01A0148_009 0.000 0.000 0.000 0.000 0.000 0.000 0.000 0.000 0.000 0.000 0.002 0.006 0.009 0.009 0.009
LYS01A0148_010 0.000 0.000 0.000 0.000 0.000 0.000 0.000 0.000 0.003 0.012 0.078 0.285 0.412 0.428 0.432
LYS01A0148_011 0.000 0.000 0.000 0.000 0.000 0.000 0.000 0.000 0.000 0.003 0.022 0.082 0.115 0.120 0.121
LYS01A0148_012 0.000 0.000 0.000 0.000 0.000 0.000 0.000 0.000 0.000 0.000 0.000 0.002 0.002 0.002 0.003
LYS01A0148_013 0.000 0.000 0.000 0.000 0.000 0.000 0.000 0.000 0.000 0.000 0.000 0.000 0.000 0.000 0.000
LYS01A0148_014 0.000 0.000 0.000 0.000 0.000 0.000 0.000 0.000 0.000 0.000 0.000 0.000 0.000 0.000 0.000
LYS01A0148_015 0.000 0.000 0.000 0.000 0.000 0.000 0.000 0.000 0.000 0.000 0.000 0.000 0.000 0.000 0.000
LYS01A0148_016 0.000 0.000 0.000 0.000 0.000 0.000 0.000 0.000 0.000 0.000 0.002 0.009 0.013 0.013 0.014
LYS01A0148_017 0.000 0.000 0.000 0.000 0.000 0.000 0.000 0.000 0.000 0.000 0.002 0.006 0.008 0.008 0.009
LYS01A0148_018 0.000 0.000 0.000 0.000 0.000 0.000 0.000 0.000 0.000 0.000 0.004 0.013 0.019 0.020 0.020
LYS01A0148_019 0.000 0.000 0.000 0.000 0.000 0.000 0.000 0.000 0.000 0.000 0.000 0.004 0.006 0.006 0.007
LYS+1A0148_020 0.400 0.405 0.402 0.402 0.403 0.401 0.402 0.406 0.397 0.392 0.330 0.136 0.023 0.003 0.000
LYS+1A0148_021 0.435 0.432 0.435 0.436 0.434 0.433 0.431 0.431 0.435 0.425 0.358 0.146 0.024 0.003 0.000
LYS+1A0148_022 0.011 0.010 0.011 0.011 0.011 0.011 0.010 0.010 0.011 0.010 0.008 0.004 0.000 0.000 0.000
LYS+1A0148_023 0.000 0.000 0.000 0.000 0.000 0.000 0.000 0.000 0.000 0.000 0.000 0.000 0.000 0.000 0.000
LYS+1A0148_024 0.002 0.002 0.002 0.002 0.003 0.002 0.003 0.002 0.003 0.002 0.002 0.000 0.000 0.000 0.000
LYS+1A0148_025 0.000 0.000 0.000 0.000 0.000 0.000 0.000 0.000 0.000 0.000 0.000 0.000 0.000 0.000 0.000
LYS+1A0148_026 0.000 0.000 0.000 0.000 0.000 0.000 0.000 0.000 0.000 0.000 0.000 0.000 0.000 0.000 0.000
LYS+1A0148_027 0.004 0.004 0.004 0.004 0.004 0.004 0.004 0.004 0.004 0.004 0.003 0.001 0.000 0.000 0.000
LYS+1A0148_028 0.004 0.004 0.004 0.004 0.004 0.004 0.004 0.004 0.004 0.003 0.003 0.001 0.000 0.000 0.000
LYS+1A0148_029 0.118 0.118 0.118 0.117 0.117 0.121 0.120 0.119 0.117 0.114 0.097 0.040 0.007 0.000 0.000
LYS+1A0148_030 0.002 0.002 0.002 0.002 0.002 0.002 0.002 0.002 0.002 0.002 0.001 0.000 0.000 0.000 0.000
LYS+1A0148_031 0.000 0.000 0.000 0.000 0.000 0.000 0.000 0.000 0.000 0.000 0.000 0.000 0.000 0.000 0.000
LYS+1A0148_032 0.000 0.000 0.000 0.000 0.000 0.000 0.000 0.000 0.000 0.000 0.000 0.000 0.000 0.000 0.000
LYS+1A0148_033 0.000 0.000 0.000 0.000 0.000 0.000 0.000 0.000 0.000 0.000 0.000 0.000 0.000 0.000 0.000
LYS+1A0148_034 0.010 0.010 0.010 0.009 0.010 0.010 0.010 0.009 0.010 0.009 0.008 0.003 0.000 0.000 0.000
LYS+1A0148_035 0.004 0.004 0.004 0.004 0.004 0.004 0.004 0.004 0.004 0.003 0.003 0.001 0.000 0.000 0.000
LYS+1A0148_036 0.000 0.000 0.000 0.000 0.000 0.000 0.000 0.000 0.000 0.000 0.000 0.000 0.000 0.000 0.000
LYS+1A0148_037 0.009 0.009 0.010 0.009 0.009 0.009 0.009 0.009 0.009 0.009 0.008 0.003 0.000 0.000 0.000
LYS+1A0148_038 0.000 0.000 0.000 0.000 0.000 0.000 0.000 0.000 0.000 0.000 0.000 0.000 0.000 0.000 0.000
