 ph              0.0   1.0   2.0   3.0   4.0   5.0   6.0   7.0   8.0   9.0  10.0  11.0  12.0  13.0  14.0
GLN01A0186_001 0.073 0.072 0.073 0.073 0.073 0.073 0.073 0.073 0.073 0.073 0.073 0.073 0.073 0.073 0.073
GLN01A0186_002 0.016 0.016 0.016 0.017 0.016 0.016 0.017 0.016 0.016 0.016 0.017 0.016 0.016 0.016 0.016
GLN01A0186_003 0.030 0.031 0.030 0.031 0.030 0.030 0.030 0.031 0.030 0.030 0.031 0.031 0.031 0.031 0.031
GLN01A0186_004 0.053 0.054 0.054 0.054 0.053 0.054 0.053 0.053 0.054 0.053 0.054 0.054 0.054 0.053 0.053
GLN01A0186_005 0.009 0.009 0.009 0.009 0.009 0.009 0.009 0.009 0.009 0.009 0.009 0.009 0.009 0.009 0.009
GLN01A0186_006 0.015 0.015 0.015 0.015 0.015 0.015 0.015 0.015 0.015 0.015 0.015 0.015 0.015 0.015 0.015
GLN01A0186_007 0.150 0.150 0.151 0.150 0.151 0.149 0.149 0.151 0.149 0.150 0.149 0.150 0.149 0.148 0.149
GLN01A0186_008 0.184 0.184 0.184 0.183 0.183 0.184 0.184 0.183 0.184 0.184 0.183 0.183 0.184 0.184 0.184
GLN01A0186_009 0.000 0.001 0.001 0.000 0.001 0.001 0.001 0.001 0.001 0.001 0.001 0.000 0.000 0.001 0.001
GLN01A0186_010 0.093 0.092 0.093 0.093 0.093 0.093 0.093 0.093 0.093 0.093 0.094 0.093 0.093 0.094 0.094
GLN01A0186_011 0.073 0.072 0.072 0.073 0.072 0.072 0.072 0.072 0.072 0.073 0.072 0.072 0.072 0.073 0.073
GLN01A0186_012 0.054 0.054 0.054 0.054 0.054 0.054 0.053 0.054 0.054 0.054 0.054 0.054 0.054 0.054 0.054
GLN01A0186_013 0.152 0.152 0.152 0.152 0.151 0.152 0.153 0.151 0.152 0.151 0.151 0.152 0.152 0.152 0.151
GLN01A0186_014 0.004 0.004 0.004 0.004 0.004 0.004 0.004 0.004 0.004 0.004 0.004 0.004 0.004 0.004 0.004
GLN01A0186_015 0.094 0.094 0.093 0.093 0.093 0.093 0.093 0.093 0.093 0.093 0.093 0.094 0.093 0.094 0.094
GLN01A0186_016 0.000 0.000 0.000 0.000 0.000 0.000 0.000 0.000 0.000 0.000 0.000 0.000 0.000 0.000 0.000
