 ph              0.0   1.0   2.0   3.0   4.0   5.0   6.0   7.0   8.0   9.0  10.0  11.0  12.0  13.0  14.0
LYS01A0079_001 0.000 0.000 0.000 0.000 0.000 0.000 0.000 0.000 0.000 0.000 0.000 0.000 0.000 0.000 0.000
LYS01A0079_002 0.000 0.000 0.000 0.000 0.000 0.000 0.000 0.000 0.000 0.000 0.000 0.004 0.006 0.006 0.006
LYS01A0079_003 0.000 0.000 0.000 0.000 0.000 0.000 0.000 0.000 0.000 0.015 0.088 0.333 0.466 0.494 0.495
LYS01A0079_004 0.000 0.000 0.000 0.000 0.000 0.000 0.000 0.000 0.000 0.000 0.004 0.016 0.022 0.023 0.024
LYS01A0079_005 0.000 0.000 0.000 0.000 0.000 0.000 0.000 0.000 0.000 0.000 0.006 0.024 0.034 0.035 0.036
LYS01A0079_006 0.000 0.000 0.000 0.000 0.000 0.000 0.000 0.000 0.000 0.000 0.000 0.000 0.000 0.000 0.000
LYS01A0079_007 0.000 0.000 0.000 0.000 0.000 0.000 0.000 0.000 0.000 0.000 0.000 0.000 0.000 0.000 0.000
LYS01A0079_008 0.000 0.000 0.000 0.000 0.000 0.000 0.000 0.000 0.000 0.000 0.002 0.007 0.010 0.011 0.011
LYS01A0079_009 0.000 0.000 0.000 0.000 0.000 0.000 0.000 0.000 0.000 0.000 0.006 0.022 0.032 0.033 0.033
LYS01A0079_010 0.000 0.000 0.000 0.000 0.000 0.000 0.000 0.000 0.000 0.000 0.000 0.000 0.000 0.000 0.000
LYS01A0079_011 0.000 0.000 0.000 0.000 0.000 0.000 0.000 0.000 0.000 0.002 0.012 0.045 0.064 0.066 0.067
LYS01A0079_012 0.000 0.000 0.000 0.000 0.000 0.000 0.000 0.000 0.000 0.002 0.014 0.053 0.076 0.077 0.080
LYS01A0079_013 0.000 0.000 0.000 0.000 0.000 0.000 0.000 0.000 0.000 0.005 0.028 0.105 0.151 0.156 0.158
LYS01A0079_014 0.000 0.000 0.000 0.000 0.000 0.000 0.000 0.000 0.000 0.000 0.000 0.000 0.000 0.001 0.001
LYS01A0079_015 0.000 0.000 0.000 0.000 0.000 0.000 0.000 0.000 0.000 0.000 0.000 0.000 0.000 0.000 0.000
LYS01A0079_016 0.000 0.000 0.000 0.000 0.000 0.000 0.000 0.000 0.000 0.000 0.000 0.002 0.003 0.004 0.003
LYS01A0079_017 0.000 0.000 0.000 0.000 0.000 0.000 0.000 0.000 0.000 0.002 0.014 0.052 0.073 0.075 0.077
LYS01A0079_018 0.000 0.000 0.000 0.000 0.000 0.000 0.000 0.000 0.000 0.000 0.001 0.005 0.007 0.008 0.008
LYS01A0079_019 0.000 0.000 0.000 0.000 0.000 0.000 0.000 0.000 0.000 0.000 0.000 0.000 0.000 0.000 0.000
LYS+1A0079_020 0.000 0.000 0.000 0.000 0.000 0.000 0.000 0.000 0.000 0.000 0.000 0.000 0.000 0.000 0.000
LYS+1A0079_021 0.000 0.000 0.000 0.000 0.000 0.000 0.000 0.000 0.000 0.000 0.000 0.000 0.000 0.000 0.000
LYS+1A0079_022 0.005 0.005 0.005 0.005 0.005 0.005 0.005 0.005 0.005 0.005 0.004 0.002 0.000 0.000 0.000
LYS+1A0079_023 0.645 0.643 0.642 0.646 0.642 0.647 0.644 0.644 0.643 0.623 0.530 0.213 0.036 0.011 0.000
LYS+1A0079_024 0.000 0.000 0.000 0.000 0.000 0.000 0.000 0.000 0.000 0.000 0.000 0.000 0.000 0.000 0.000
LYS+1A0079_025 0.012 0.012 0.012 0.012 0.012 0.012 0.012 0.012 0.012 0.012 0.010 0.004 0.000 0.000 0.000
LYS+1A0079_026 0.035 0.035 0.035 0.035 0.036 0.036 0.035 0.035 0.035 0.035 0.029 0.012 0.002 0.000 0.000
LYS+1A0079_027 0.000 0.000 0.000 0.000 0.000 0.000 0.000 0.000 0.000 0.000 0.000 0.000 0.000 0.000 0.000
LYS+1A0079_028 0.010 0.010 0.010 0.010 0.010 0.010 0.010 0.010 0.010 0.009 0.008 0.003 0.000 0.000 0.000
LYS+1A0079_029 0.051 0.051 0.051 0.050 0.051 0.050 0.051 0.051 0.051 0.049 0.042 0.017 0.003 0.000 0.000
LYS+1A0079_030 0.000 0.000 0.000 0.000 0.000 0.000 0.000 0.000 0.000 0.000 0.000 0.000 0.000 0.000 0.000
LYS+1A0079_031 0.114 0.115 0.117 0.115 0.115 0.114 0.115 0.115 0.114 0.113 0.096 0.038 0.007 0.000 0.000
LYS+1A0079_032 0.000 0.000 0.000 0.000 0.000 0.000 0.000 0.000 0.000 0.000 0.000 0.000 0.000 0.000 0.000
LYS+1A0079_033 0.003 0.003 0.002 0.003 0.003 0.003 0.002 0.003 0.002 0.002 0.002 0.000 0.000 0.000 0.000
LYS+1A0079_034 0.067 0.068 0.067 0.066 0.067 0.066 0.067 0.067 0.067 0.067 0.055 0.022 0.004 0.000 0.000
LYS+1A0079_035 0.017 0.017 0.017 0.017 0.017 0.017 0.017 0.017 0.017 0.017 0.014 0.006 0.000 0.000 0.000
LYS+1A0079_036 0.000 0.000 0.000 0.000 0.000 0.000 0.000 0.000 0.000 0.000 0.000 0.000 0.000 0.000 0.000
LYS+1A0079_037 0.036 0.035 0.035 0.035 0.035 0.036 0.035 0.035 0.035 0.035 0.030 0.012 0.002 0.000 0.000
LYS+1A0079_038 0.006 0.007 0.007 0.006 0.007 0.006 0.006 0.006 0.007 0.006 0.005 0.002 0.000 0.000 0.000
