 ph              0.0   1.0   2.0   3.0   4.0   5.0   6.0   7.0   8.0   9.0  10.0  11.0  12.0  13.0  14.0
GLN01A0184_001 0.000 0.000 0.000 0.000 0.000 0.000 0.000 0.000 0.000 0.000 0.000 0.000 0.000 0.000 0.000
GLN01A0184_002 0.030 0.029 0.030 0.030 0.030 0.029 0.029 0.029 0.029 0.029 0.029 0.029 0.029 0.029 0.029
GLN01A0184_003 0.006 0.006 0.006 0.006 0.006 0.006 0.006 0.006 0.006 0.006 0.006 0.006 0.006 0.006 0.006
GLN01A0184_004 0.013 0.013 0.013 0.013 0.013 0.013 0.013 0.013 0.013 0.013 0.013 0.013 0.013 0.013 0.013
GLN01A0184_005 0.003 0.003 0.003 0.003 0.003 0.003 0.003 0.003 0.003 0.003 0.003 0.003 0.003 0.003 0.003
GLN01A0184_006 0.007 0.008 0.008 0.008 0.007 0.008 0.007 0.008 0.007 0.007 0.008 0.008 0.007 0.007 0.008
GLN01A0184_007 0.010 0.010 0.010 0.010 0.010 0.010 0.010 0.010 0.010 0.010 0.010 0.010 0.010 0.010 0.010
GLN01A0184_008 0.065 0.065 0.065 0.065 0.065 0.065 0.065 0.065 0.065 0.066 0.065 0.065 0.065 0.065 0.065
GLN01A0184_009 0.017 0.017 0.017 0.017 0.017 0.017 0.017 0.017 0.017 0.017 0.017 0.017 0.017 0.017 0.017
GLN01A0184_010 0.016 0.017 0.017 0.016 0.017 0.017 0.017 0.016 0.017 0.016 0.017 0.017 0.016 0.016 0.017
GLN01A0184_011 0.147 0.148 0.148 0.148 0.148 0.148 0.148 0.149 0.147 0.148 0.148 0.149 0.148 0.148 0.147
GLN01A0184_012 0.013 0.012 0.013 0.013 0.013 0.013 0.013 0.013 0.013 0.013 0.013 0.013 0.013 0.013 0.013
GLN01A0184_013 0.262 0.263 0.263 0.263 0.262 0.262 0.263 0.263 0.264 0.262 0.262 0.261 0.262 0.261 0.262
GLN01A0184_014 0.010 0.010 0.010 0.010 0.010 0.010 0.010 0.010 0.010 0.010 0.010 0.010 0.011 0.010 0.010
GLN01A0184_015 0.007 0.007 0.008 0.007 0.007 0.008 0.007 0.007 0.007 0.007 0.007 0.008 0.007 0.007 0.008
GLN01A0184_016 0.006 0.006 0.006 0.006 0.006 0.006 0.006 0.006 0.006 0.006 0.006 0.006 0.006 0.006 0.006
GLN01A0184_017 0.193 0.190 0.189 0.189 0.190 0.190 0.190 0.188 0.190 0.191 0.190 0.191 0.191 0.193 0.192
GLN01A0184_018 0.037 0.038 0.038 0.037 0.038 0.037 0.038 0.037 0.038 0.037 0.038 0.037 0.037 0.037 0.038
GLN01A0184_019 0.112 0.113 0.112 0.111 0.112 0.111 0.111 0.112 0.111 0.112 0.112 0.113 0.112 0.112 0.111
GLN01A0184_020 0.047 0.047 0.047 0.047 0.046 0.047 0.046 0.047 0.047 0.046 0.046 0.046 0.046 0.047 0.047
GLN01A0184_021 0.000 0.000 0.000 0.000 0.000 0.000 0.000 0.000 0.000 0.000 0.000 0.000 0.000 0.000 0.000
