 ph              0.0   1.0   2.0   3.0   4.0   5.0   6.0   7.0   8.0   9.0  10.0  11.0  12.0  13.0  14.0
GLU01A0216_001 0.007 0.007 0.007 0.006 0.003 0.000 0.000 0.000 0.000 0.000 0.000 0.000 0.000 0.000 0.000
GLU01A0216_002 0.007 0.007 0.006 0.006 0.003 0.000 0.000 0.000 0.000 0.000 0.000 0.000 0.000 0.000 0.000
GLU01A0216_003 0.000 0.000 0.000 0.000 0.000 0.000 0.000 0.000 0.000 0.000 0.000 0.000 0.000 0.000 0.000
GLU01A0216_004 0.004 0.004 0.004 0.003 0.002 0.000 0.000 0.000 0.000 0.000 0.000 0.000 0.000 0.000 0.000
GLU01A0216_005 0.009 0.009 0.009 0.008 0.004 0.000 0.000 0.000 0.000 0.000 0.000 0.000 0.000 0.000 0.000
GLU01A0216_006 0.124 0.126 0.125 0.111 0.055 0.011 0.002 0.000 0.000 0.000 0.000 0.000 0.000 0.000 0.000
GLU01A0216_007 0.034 0.035 0.034 0.031 0.015 0.003 0.000 0.000 0.000 0.000 0.000 0.000 0.000 0.000 0.000
GLU01A0216_008 0.000 0.000 0.000 0.000 0.000 0.000 0.000 0.000 0.000 0.000 0.000 0.000 0.000 0.000 0.000
GLU01A0216_009 0.000 0.000 0.000 0.000 0.000 0.000 0.000 0.000 0.000 0.000 0.000 0.000 0.000 0.000 0.000
GLU01A0216_010 0.003 0.003 0.003 0.002 0.000 0.000 0.000 0.000 0.000 0.000 0.000 0.000 0.000 0.000 0.000
GLU01A0216_011 0.000 0.000 0.000 0.000 0.000 0.000 0.000 0.000 0.000 0.000 0.000 0.000 0.000 0.000 0.000
GLU01A0216_012 0.007 0.007 0.007 0.006 0.003 0.000 0.000 0.000 0.000 0.000 0.000 0.000 0.000 0.000 0.000
GLU01A0216_013 0.009 0.009 0.009 0.008 0.004 0.000 0.000 0.000 0.000 0.000 0.000 0.000 0.000 0.000 0.000
GLU01A0216_014 0.179 0.178 0.175 0.158 0.078 0.016 0.003 0.000 0.000 0.000 0.000 0.000 0.000 0.000 0.000
GLU01A0216_015 0.113 0.114 0.112 0.100 0.050 0.010 0.002 0.000 0.000 0.000 0.000 0.000 0.000 0.000 0.000
GLU02A0216_016 0.004 0.004 0.004 0.004 0.002 0.000 0.000 0.000 0.000 0.000 0.000 0.000 0.000 0.000 0.000
GLU02A0216_017 0.016 0.016 0.015 0.014 0.007 0.001 0.000 0.000 0.000 0.000 0.000 0.000 0.000 0.000 0.000
GLU02A0216_018 0.000 0.000 0.000 0.000 0.000 0.000 0.000 0.000 0.000 0.000 0.000 0.000 0.000 0.000 0.000
GLU02A0216_019 0.127 0.125 0.124 0.112 0.055 0.011 0.002 0.000 0.000 0.000 0.000 0.000 0.000 0.000 0.000
GLU02A0216_020 0.000 0.000 0.000 0.000 0.000 0.000 0.000 0.000 0.000 0.000 0.000 0.000 0.000 0.000 0.000
GLU02A0216_021 0.000 0.000 0.000 0.000 0.000 0.000 0.000 0.000 0.000 0.000 0.000 0.000 0.000 0.000 0.000
GLU02A0216_022 0.000 0.000 0.000 0.000 0.000 0.000 0.000 0.000 0.000 0.000 0.000 0.000 0.000 0.000 0.000
GLU02A0216_023 0.000 0.000 0.000 0.000 0.000 0.000 0.000 0.000 0.000 0.000 0.000 0.000 0.000 0.000 0.000
GLU02A0216_024 0.003 0.003 0.003 0.003 0.001 0.000 0.000 0.000 0.000 0.000 0.000 0.000 0.000 0.000 0.000
GLU02A0216_025 0.007 0.008 0.007 0.007 0.003 0.000 0.000 0.000 0.000 0.000 0.000 0.000 0.000 0.000 0.000
GLU02A0216_026 0.001 0.001 0.001 0.001 0.000 0.000 0.000 0.000 0.000 0.000 0.000 0.000 0.000 0.000 0.000
GLU02A0216_027 0.090 0.089 0.088 0.080 0.039 0.008 0.000 0.000 0.000 0.000 0.000 0.000 0.000 0.000 0.000
GLU02A0216_028 0.009 0.009 0.008 0.008 0.004 0.000 0.000 0.000 0.000 0.000 0.000 0.000 0.000 0.000 0.000
GLU02A0216_029 0.181 0.182 0.177 0.158 0.079 0.016 0.003 0.000 0.000 0.000 0.000 0.000 0.000 0.000 0.000
GLU02A0216_030 0.066 0.065 0.065 0.059 0.029 0.006 0.000 0.000 0.000 0.000 0.000 0.000 0.000 0.000 0.000
GLU-1A0216_031 0.000 0.000 0.008 0.052 0.252 0.407 0.441 0.449 0.446 0.449 0.450 0.450 0.446 0.449 0.446
GLU-1A0216_032 0.000 0.000 0.000 0.004 0.021 0.034 0.037 0.037 0.038 0.037 0.037 0.037 0.037 0.037 0.038
GLU-1A0216_033 0.000 0.000 0.000 0.002 0.008 0.013 0.015 0.014 0.014 0.015 0.014 0.014 0.014 0.015 0.014
GLU-1A0216_034 0.000 0.000 0.000 0.007 0.036 0.059 0.065 0.066 0.065 0.066 0.066 0.064 0.065 0.065 0.065
GLU-1A0216_035 0.000 0.000 0.002 0.010 0.048 0.079 0.085 0.085 0.086 0.085 0.085 0.085 0.085 0.085 0.086
GLU-1A0216_036 0.000 0.000 0.006 0.041 0.198 0.323 0.347 0.349 0.351 0.348 0.348 0.351 0.352 0.349 0.350
