 ph              0.0   1.0   2.0   3.0   4.0   5.0   6.0   7.0   8.0   9.0  10.0  11.0  12.0  13.0  14.0
ASP01A0332_001 0.002 0.002 0.001 0.001 0.000 0.000 0.000 0.000 0.000 0.000 0.000 0.000 0.000 0.000 0.000
ASP01A0332_002 0.006 0.006 0.006 0.005 0.002 0.000 0.000 0.000 0.000 0.000 0.000 0.000 0.000 0.000 0.000
ASP01A0332_003 0.000 0.001 0.000 0.000 0.000 0.000 0.000 0.000 0.000 0.000 0.000 0.000 0.000 0.000 0.000
ASP01A0332_004 0.041 0.041 0.040 0.035 0.015 0.003 0.000 0.000 0.000 0.000 0.000 0.000 0.000 0.000 0.000
ASP01A0332_005 0.000 0.001 0.000 0.000 0.000 0.000 0.000 0.000 0.000 0.000 0.000 0.000 0.000 0.000 0.000
ASP01A0332_006 0.030 0.030 0.029 0.025 0.011 0.002 0.000 0.000 0.000 0.000 0.000 0.000 0.000 0.000 0.000
ASP01A0332_007 0.091 0.088 0.086 0.076 0.033 0.006 0.000 0.000 0.000 0.000 0.000 0.000 0.000 0.000 0.000
ASP01A0332_008 0.018 0.018 0.017 0.015 0.007 0.000 0.000 0.000 0.000 0.000 0.000 0.000 0.000 0.000 0.000
ASP01A0332_009 0.409 0.405 0.402 0.344 0.150 0.027 0.008 0.000 0.000 0.000 0.000 0.000 0.000 0.000 0.000
ASP01A0332_010 0.030 0.030 0.029 0.025 0.011 0.002 0.000 0.000 0.000 0.000 0.000 0.000 0.000 0.000 0.000
ASP02A0332_011 0.005 0.005 0.005 0.004 0.002 0.000 0.000 0.000 0.000 0.000 0.000 0.000 0.000 0.000 0.000
ASP02A0332_012 0.014 0.014 0.014 0.012 0.005 0.000 0.000 0.000 0.000 0.000 0.000 0.000 0.000 0.000 0.000
ASP02A0332_013 0.065 0.064 0.062 0.055 0.024 0.004 0.000 0.000 0.000 0.000 0.000 0.000 0.000 0.000 0.000
ASP02A0332_014 0.039 0.040 0.039 0.034 0.015 0.003 0.000 0.000 0.000 0.000 0.000 0.000 0.000 0.000 0.000
ASP02A0332_015 0.037 0.036 0.036 0.031 0.014 0.002 0.000 0.000 0.000 0.000 0.000 0.000 0.000 0.000 0.000
ASP02A0332_016 0.002 0.002 0.002 0.002 0.000 0.000 0.000 0.000 0.000 0.000 0.000 0.000 0.000 0.000 0.000
ASP02A0332_017 0.003 0.003 0.003 0.003 0.000 0.000 0.000 0.000 0.000 0.000 0.000 0.000 0.000 0.000 0.000
ASP02A0332_018 0.000 0.000 0.000 0.000 0.000 0.000 0.000 0.000 0.000 0.000 0.000 0.000 0.000 0.000 0.000
ASP02A0332_019 0.195 0.195 0.193 0.166 0.071 0.013 0.004 0.000 0.000 0.000 0.000 0.000 0.000 0.000 0.000
ASP02A0332_020 0.014 0.014 0.014 0.012 0.005 0.000 0.000 0.000 0.000 0.000 0.000 0.000 0.000 0.000 0.000
ASP-1A0332_021 0.000 0.000 0.002 0.015 0.062 0.091 0.093 0.097 0.096 0.095 0.094 0.095 0.095 0.094 0.097
ASP-1A0332_022 0.000 0.003 0.017 0.117 0.480 0.708 0.749 0.755 0.757 0.758 0.760 0.757 0.758 0.759 0.756
ASP-1A0332_023 0.000 0.000 0.002 0.015 0.060 0.090 0.095 0.096 0.095 0.095 0.094 0.096 0.095 0.095 0.096
ASP-1A0332_024 0.000 0.000 0.000 0.006 0.024 0.036 0.037 0.038 0.038 0.038 0.037 0.038 0.038 0.037 0.038
ASP-1A0332_025 0.000 0.000 0.000 0.002 0.009 0.013 0.013 0.014 0.014 0.014 0.013 0.014 0.014 0.014 0.014
