 ph              0.0   1.0   2.0   3.0   4.0   5.0   6.0   7.0   8.0   9.0  10.0  11.0  12.0  13.0  14.0
ASP01A0197_001 0.000 0.000 0.000 0.000 0.000 0.000 0.000 0.000 0.000 0.000 0.000 0.000 0.000 0.000 0.000
ASP01A0197_002 0.001 0.001 0.000 0.001 0.000 0.000 0.000 0.000 0.000 0.000 0.000 0.000 0.000 0.000 0.000
ASP01A0197_003 0.007 0.008 0.008 0.007 0.004 0.000 0.000 0.000 0.000 0.000 0.000 0.000 0.000 0.000 0.000
ASP01A0197_004 0.063 0.061 0.062 0.057 0.033 0.007 0.000 0.000 0.000 0.000 0.000 0.000 0.000 0.000 0.000
ASP01A0197_005 0.021 0.021 0.021 0.020 0.012 0.002 0.000 0.000 0.000 0.000 0.000 0.000 0.000 0.000 0.000
ASP01A0197_006 0.453 0.453 0.446 0.413 0.243 0.049 0.007 0.000 0.000 0.000 0.000 0.000 0.000 0.000 0.000
ASP02A0197_007 0.000 0.000 0.000 0.000 0.000 0.000 0.000 0.000 0.000 0.000 0.000 0.000 0.000 0.000 0.000
ASP02A0197_008 0.005 0.005 0.005 0.004 0.003 0.000 0.000 0.000 0.000 0.000 0.000 0.000 0.000 0.000 0.000
ASP02A0197_009 0.016 0.016 0.016 0.015 0.008 0.002 0.000 0.000 0.000 0.000 0.000 0.000 0.000 0.000 0.000
ASP02A0197_010 0.011 0.011 0.011 0.011 0.006 0.001 0.000 0.000 0.000 0.000 0.000 0.000 0.000 0.000 0.000
ASP02A0197_011 0.314 0.316 0.313 0.292 0.169 0.035 0.006 0.000 0.000 0.000 0.000 0.000 0.000 0.000 0.000
ASP02A0197_012 0.108 0.107 0.107 0.099 0.058 0.012 0.002 0.000 0.000 0.000 0.000 0.000 0.000 0.000 0.000
ASP-1A0197_013 0.000 0.000 0.000 0.005 0.029 0.056 0.059 0.062 0.067 0.060 0.064 0.064 0.063 0.066 0.066
ASP-1A0197_014 0.000 0.000 0.010 0.075 0.435 0.837 0.925 0.937 0.933 0.940 0.936 0.936 0.937 0.934 0.934
