 ph              0.0   1.0   2.0   3.0   4.0   5.0   6.0   7.0   8.0   9.0  10.0  11.0  12.0  13.0  14.0
HIS01A0184_001 0.000 0.000 0.000 0.000 0.000 0.000 0.001 0.008 0.017 0.019 0.020 0.020 0.019 0.020 0.020
HIS01A0184_002 0.000 0.000 0.000 0.000 0.000 0.000 0.000 0.000 0.000 0.000 0.000 0.000 0.000 0.000 0.000
HIS01A0184_003 0.000 0.000 0.000 0.000 0.000 0.000 0.007 0.042 0.086 0.098 0.099 0.099 0.099 0.099 0.099
HIS01A0184_004 0.000 0.000 0.000 0.000 0.000 0.000 0.006 0.035 0.076 0.086 0.087 0.088 0.089 0.087 0.087
HIS01A0184_005 0.000 0.000 0.000 0.000 0.000 0.000 0.004 0.026 0.054 0.061 0.063 0.062 0.063 0.063 0.062
HIS01A0184_006 0.000 0.000 0.000 0.000 0.000 0.000 0.000 0.005 0.010 0.011 0.011 0.011 0.011 0.011 0.011
HIS01A0184_007 0.000 0.000 0.000 0.000 0.000 0.000 0.000 0.000 0.000 0.000 0.000 0.000 0.000 0.000 0.000
HIS01A0184_008 0.000 0.000 0.000 0.000 0.000 0.000 0.000 0.000 0.000 0.000 0.000 0.000 0.000 0.000 0.000
HIS01A0184_009 0.000 0.000 0.000 0.000 0.000 0.000 0.000 0.000 0.000 0.000 0.000 0.000 0.000 0.000 0.000
HIS01A0184_010 0.000 0.000 0.000 0.000 0.000 0.000 0.003 0.017 0.036 0.041 0.042 0.042 0.042 0.042 0.042
HIS01A0184_011 0.000 0.000 0.000 0.000 0.000 0.000 0.000 0.000 0.000 0.000 0.000 0.000 0.000 0.000 0.000
HIS01A0184_012 0.000 0.000 0.000 0.000 0.000 0.000 0.000 0.000 0.000 0.000 0.000 0.000 0.000 0.000 0.000
HIS01A0184_013 0.000 0.000 0.000 0.000 0.000 0.000 0.000 0.000 0.000 0.000 0.000 0.000 0.000 0.000 0.000
HIS01A0184_014 0.000 0.000 0.000 0.000 0.000 0.000 0.000 0.000 0.002 0.002 0.002 0.002 0.002 0.002 0.002
HIS01A0184_015 0.000 0.000 0.000 0.000 0.000 0.000 0.006 0.036 0.075 0.085 0.087 0.087 0.086 0.087 0.087
HIS01A0184_016 0.000 0.000 0.000 0.000 0.000 0.000 0.000 0.000 0.002 0.002 0.002 0.002 0.002 0.002 0.002
HIS01A0184_017 0.000 0.000 0.000 0.000 0.000 0.000 0.000 0.000 0.000 0.000 0.000 0.000 0.000 0.000 0.000
HIS01A0184_018 0.000 0.000 0.000 0.000 0.000 0.000 0.000 0.000 0.000 0.000 0.000 0.000 0.000 0.000 0.000
HIS02A0184_019 0.000 0.000 0.000 0.000 0.000 0.000 0.001 0.008 0.018 0.020 0.020 0.020 0.020 0.020 0.020
HIS02A0184_020 0.000 0.000 0.000 0.000 0.000 0.000 0.000 0.000 0.000 0.000 0.000 0.000 0.000 0.000 0.000
HIS02A0184_021 0.000 0.000 0.000 0.000 0.000 0.000 0.010 0.058 0.120 0.137 0.140 0.140 0.138 0.140 0.140
HIS02A0184_022 0.000 0.000 0.000 0.000 0.000 0.000 0.007 0.043 0.091 0.103 0.105 0.104 0.104 0.104 0.105
HIS02A0184_023 0.000 0.000 0.000 0.000 0.000 0.000 0.005 0.028 0.060 0.067 0.068 0.068 0.068 0.068 0.067
HIS02A0184_024 0.000 0.000 0.000 0.000 0.000 0.000 0.000 0.005 0.010 0.011 0.012 0.011 0.012 0.011 0.012
HIS02A0184_025 0.000 0.000 0.000 0.000 0.000 0.000 0.002 0.011 0.022 0.025 0.026 0.026 0.026 0.025 0.026
HIS02A0184_026 0.000 0.000 0.000 0.000 0.000 0.000 0.000 0.000 0.000 0.000 0.000 0.000 0.000 0.000 0.000
HIS02A0184_027 0.000 0.000 0.000 0.000 0.000 0.000 0.000 0.000 0.000 0.000 0.000 0.000 0.000 0.000 0.000
HIS02A0184_028 0.000 0.000 0.000 0.000 0.000 0.000 0.000 0.000 0.002 0.002 0.002 0.003 0.003 0.003 0.003
HIS02A0184_029 0.000 0.000 0.000 0.000 0.000 0.000 0.000 0.000 0.000 0.000 0.000 0.000 0.000 0.000 0.000
HIS02A0184_030 0.000 0.000 0.000 0.000 0.000 0.000 0.000 0.000 0.000 0.000 0.000 0.000 0.000 0.000 0.000
HIS02A0184_031 0.000 0.000 0.000 0.000 0.000 0.000 0.003 0.018 0.039 0.044 0.045 0.046 0.045 0.045 0.046
HIS02A0184_032 0.000 0.000 0.000 0.000 0.000 0.000 0.000 0.000 0.000 0.000 0.000 0.000 0.000 0.000 0.000
HIS02A0184_033 0.000 0.000 0.000 0.000 0.000 0.000 0.000 0.000 0.000 0.000 0.000 0.000 0.000 0.000 0.000
HIS02A0184_034 0.000 0.000 0.000 0.000 0.000 0.000 0.012 0.070 0.147 0.167 0.168 0.170 0.170 0.170 0.169
HIS02A0184_035 0.000 0.000 0.000 0.000 0.000 0.000 0.000 0.000 0.001 0.001 0.001 0.001 0.001 0.001 0.001
HIS02A0184_036 0.000 0.000 0.000 0.000 0.000 0.000 0.000 0.000 0.000 0.000 0.000 0.000 0.000 0.000 0.000
HIS02A0184_037 0.000 0.000 0.000 0.000 0.000 0.000 0.000 0.000 0.000 0.000 0.000 0.000 0.000 0.000 0.000
HIS+1A0184_038 0.050 0.049 0.049 0.049 0.049 0.049 0.045 0.029 0.007 0.000 0.000 0.000 0.000 0.000 0.000
HIS+1A0184_039 0.174 0.174 0.176 0.173 0.175 0.177 0.164 0.103 0.023 0.003 0.000 0.000 0.000 0.000 0.000
HIS+1A0184_040 0.202 0.202 0.202 0.202 0.201 0.200 0.188 0.119 0.027 0.004 0.000 0.000 0.000 0.000 0.000
HIS+1A0184_041 0.003 0.003 0.003 0.003 0.003 0.003 0.003 0.002 0.000 0.000 0.000 0.000 0.000 0.000 0.000
HIS+1A0184_042 0.005 0.005 0.005 0.005 0.004 0.005 0.004 0.003 0.000 0.000 0.000 0.000 0.000 0.000 0.000
HIS+1A0184_043 0.000 0.000 0.000 0.000 0.000 0.000 0.000 0.000 0.000 0.000 0.000 0.000 0.000 0.000 0.000
HIS+1A0184_044 0.000 0.000 0.000 0.000 0.000 0.000 0.000 0.000 0.000 0.000 0.000 0.000 0.000 0.000 0.000
HIS+1A0184_045 0.000 0.000 0.000 0.000 0.000 0.000 0.000 0.000 0.000 0.000 0.000 0.000 0.000 0.000 0.000
HIS+1A0184_046 0.092 0.093 0.092 0.092 0.092 0.092 0.086 0.054 0.012 0.002 0.000 0.000 0.000 0.000 0.000
HIS+1A0184_047 0.166 0.166 0.164 0.166 0.166 0.166 0.153 0.098 0.022 0.003 0.000 0.000 0.000 0.000 0.000
HIS+1A0184_048 0.015 0.016 0.016 0.016 0.016 0.016 0.015 0.009 0.002 0.000 0.000 0.000 0.000 0.000 0.000
HIS+1A0184_049 0.000 0.000 0.000 0.000 0.000 0.000 0.000 0.000 0.000 0.000 0.000 0.000 0.000 0.000 0.000
HIS+1A0184_050 0.000 0.000 0.000 0.000 0.000 0.000 0.000 0.000 0.000 0.000 0.000 0.000 0.000 0.000 0.000
HIS+1A0184_051 0.070 0.070 0.069 0.069 0.070 0.069 0.065 0.041 0.009 0.001 0.000 0.000 0.000 0.000 0.000
HIS+1A0184_052 0.000 0.000 0.000 0.000 0.000 0.000 0.000 0.000 0.000 0.000 0.000 0.000 0.000 0.000 0.000
HIS+1A0184_053 0.223 0.222 0.224 0.224 0.223 0.222 0.209 0.131 0.029 0.004 0.000 0.000 0.000 0.000 0.000
HIS+1A0184_054 0.000 0.001 0.000 0.001 0.001 0.000 0.000 0.000 0.000 0.000 0.000 0.000 0.000 0.000 0.000
HIS+1A0184_055 0.000 0.000 0.000 0.000 0.000 0.000 0.000 0.000 0.000 0.000 0.000 0.000 0.000 0.000 0.000
HIS+1A0184_056 0.000 0.000 0.000 0.000 0.000 0.000 0.000 0.000 0.000 0.000 0.000 0.000 0.000 0.000 0.000
