 ph              0.0   1.0   2.0   3.0   4.0   5.0   6.0   7.0   8.0   9.0  10.0  11.0  12.0  13.0  14.0
ASP01A0133_001 0.000 0.000 0.000 0.000 0.000 0.000 0.000 0.000 0.000 0.000 0.000 0.000 0.000 0.000 0.000
ASP01A0133_002 0.000 0.000 0.000 0.000 0.000 0.000 0.000 0.000 0.000 0.000 0.000 0.000 0.000 0.000 0.000
ASP01A0133_003 0.015 0.015 0.014 0.014 0.010 0.003 0.000 0.000 0.000 0.000 0.000 0.000 0.000 0.000 0.000
ASP01A0133_004 0.022 0.022 0.022 0.021 0.015 0.004 0.000 0.000 0.000 0.000 0.000 0.000 0.000 0.000 0.000
ASP01A0133_005 0.177 0.176 0.176 0.168 0.119 0.032 0.005 0.000 0.000 0.000 0.000 0.000 0.000 0.000 0.000
ASP01A0133_006 0.454 0.452 0.453 0.432 0.302 0.081 0.013 0.003 0.000 0.000 0.000 0.000 0.000 0.000 0.000
ASP02A0133_007 0.000 0.000 0.000 0.000 0.000 0.000 0.000 0.000 0.000 0.000 0.000 0.000 0.000 0.000 0.000
ASP02A0133_008 0.002 0.002 0.002 0.002 0.002 0.000 0.000 0.000 0.000 0.000 0.000 0.000 0.000 0.000 0.000
ASP02A0133_009 0.132 0.133 0.131 0.125 0.088 0.023 0.004 0.000 0.000 0.000 0.000 0.000 0.000 0.000 0.000
ASP02A0133_010 0.031 0.032 0.032 0.030 0.021 0.006 0.000 0.000 0.000 0.000 0.000 0.000 0.000 0.000 0.000
ASP02A0133_011 0.006 0.007 0.007 0.006 0.005 0.000 0.000 0.000 0.000 0.000 0.000 0.000 0.000 0.000 0.000
ASP02A0133_012 0.004 0.004 0.004 0.004 0.003 0.000 0.000 0.000 0.000 0.000 0.000 0.000 0.000 0.000 0.000
ASP02A0133_013 0.157 0.157 0.154 0.150 0.105 0.028 0.004 0.000 0.000 0.000 0.000 0.000 0.000 0.000 0.000
ASP-1A0133_014 0.000 0.000 0.000 0.000 0.001 0.003 0.004 0.004 0.004 0.004 0.004 0.003 0.000 0.004 0.004
ASP-1A0133_015 0.000 0.000 0.001 0.011 0.075 0.190 0.228 0.235 0.229 0.233 0.228 0.230 0.234 0.231 0.228
ASP-1A0133_016 0.000 0.000 0.004 0.036 0.254 0.630 0.742 0.757 0.767 0.762 0.769 0.767 0.766 0.765 0.768
