 ph              0.0   1.0   2.0   3.0   4.0   5.0   6.0   7.0   8.0   9.0  10.0  11.0  12.0  13.0  14.0
PHE01A0103_001 0.459 0.462 0.460 0.458 0.459 0.461 0.462 0.461 0.461 0.460 0.458 0.463 0.460 0.458 0.461
PHE01A0103_002 0.058 0.059 0.059 0.058 0.058 0.058 0.057 0.056 0.059 0.057 0.057 0.058 0.058 0.058 0.058
PHE01A0103_003 0.000 0.000 0.000 0.000 0.000 0.000 0.000 0.000 0.000 0.000 0.000 0.000 0.000 0.000 0.000
PHE01A0103_004 0.455 0.451 0.453 0.455 0.454 0.453 0.454 0.455 0.452 0.455 0.456 0.452 0.455 0.456 0.454
PHE01A0103_005 0.000 0.000 0.000 0.000 0.000 0.000 0.000 0.000 0.000 0.000 0.000 0.000 0.000 0.000 0.000
PHE01A0103_006 0.000 0.000 0.000 0.000 0.000 0.000 0.000 0.000 0.000 0.000 0.000 0.000 0.000 0.000 0.000
PHE01A0103_007 0.000 0.000 0.000 0.000 0.000 0.000 0.000 0.000 0.000 0.000 0.000 0.000 0.000 0.000 0.000
PHE01A0103_008 0.000 0.000 0.000 0.000 0.000 0.000 0.000 0.000 0.000 0.000 0.000 0.000 0.000 0.000 0.000
PHE01A0103_009 0.006 0.006 0.006 0.006 0.006 0.006 0.006 0.005 0.005 0.006 0.006 0.006 0.006 0.006 0.006
PHE01A0103_010 0.022 0.023 0.022 0.023 0.022 0.022 0.022 0.022 0.022 0.022 0.022 0.022 0.021 0.022 0.022
