 ph              0.0   1.0   2.0   3.0   4.0   5.0   6.0   7.0   8.0   9.0  10.0  11.0  12.0  13.0  14.0
GLN01A0183_001 0.045 0.045 0.044 0.045 0.045 0.044 0.045 0.045 0.045 0.045 0.045 0.045 0.044 0.045 0.045
GLN01A0183_002 0.015 0.015 0.014 0.015 0.015 0.015 0.015 0.015 0.015 0.015 0.015 0.015 0.015 0.015 0.015
GLN01A0183_003 0.069 0.070 0.069 0.069 0.070 0.070 0.070 0.070 0.069 0.070 0.069 0.070 0.070 0.070 0.069
GLN01A0183_004 0.027 0.027 0.027 0.026 0.027 0.027 0.027 0.027 0.027 0.026 0.027 0.027 0.027 0.026 0.027
GLN01A0183_005 0.010 0.010 0.010 0.010 0.010 0.010 0.010 0.010 0.010 0.010 0.010 0.010 0.010 0.010 0.010
GLN01A0183_006 0.070 0.071 0.071 0.070 0.070 0.070 0.070 0.070 0.070 0.070 0.070 0.070 0.071 0.070 0.071
GLN01A0183_007 0.038 0.038 0.038 0.038 0.037 0.037 0.038 0.037 0.038 0.037 0.038 0.038 0.037 0.037 0.038
GLN01A0183_008 0.136 0.134 0.136 0.134 0.134 0.135 0.135 0.135 0.135 0.135 0.135 0.135 0.135 0.136 0.135
GLN01A0183_009 0.191 0.190 0.191 0.193 0.191 0.192 0.191 0.190 0.192 0.191 0.192 0.190 0.190 0.191 0.192
GLN01A0183_010 0.101 0.100 0.100 0.100 0.101 0.100 0.100 0.101 0.101 0.101 0.101 0.101 0.102 0.101 0.100
GLN01A0183_011 0.073 0.074 0.073 0.073 0.073 0.073 0.074 0.074 0.074 0.073 0.073 0.073 0.073 0.073 0.073
GLN01A0183_012 0.025 0.026 0.025 0.025 0.026 0.025 0.025 0.026 0.025 0.026 0.025 0.025 0.026 0.025 0.026
GLN01A0183_013 0.201 0.201 0.202 0.202 0.202 0.202 0.202 0.200 0.201 0.201 0.201 0.202 0.202 0.201 0.201
