 ph              0.0   1.0   2.0   3.0   4.0   5.0   6.0   7.0   8.0   9.0  10.0  11.0  12.0  13.0  14.0
PHE01A0168_001 0.253 0.252 0.253 0.252 0.250 0.252 0.254 0.254 0.249 0.254 0.251 0.252 0.252 0.251 0.253
PHE01A0168_002 0.000 0.000 0.000 0.000 0.000 0.000 0.000 0.000 0.000 0.000 0.000 0.000 0.000 0.000 0.000
PHE01A0168_003 0.071 0.071 0.071 0.071 0.072 0.070 0.072 0.071 0.071 0.072 0.072 0.072 0.072 0.072 0.071
PHE01A0168_004 0.000 0.000 0.000 0.000 0.000 0.000 0.000 0.000 0.000 0.000 0.000 0.000 0.000 0.000 0.000
PHE01A0168_005 0.533 0.534 0.533 0.534 0.535 0.536 0.533 0.531 0.536 0.530 0.535 0.535 0.533 0.534 0.530
PHE01A0168_006 0.000 0.000 0.000 0.000 0.000 0.000 0.000 0.000 0.000 0.000 0.000 0.000 0.000 0.000 0.000
PHE01A0168_007 0.134 0.134 0.134 0.133 0.133 0.132 0.133 0.135 0.134 0.134 0.134 0.133 0.134 0.135 0.136
PHE01A0168_008 0.000 0.000 0.000 0.000 0.000 0.000 0.000 0.000 0.000 0.000 0.000 0.000 0.000 0.000 0.000
PHE01A0168_009 0.000 0.000 0.000 0.000 0.000 0.000 0.000 0.000 0.000 0.000 0.000 0.000 0.000 0.000 0.000
PHE01A0168_010 0.009 0.009 0.009 0.009 0.009 0.009 0.009 0.009 0.009 0.009 0.009 0.009 0.009 0.009 0.009
