 ph              0.0   1.0   2.0   3.0   4.0   5.0   6.0   7.0   8.0   9.0  10.0  11.0  12.0  13.0  14.0
LEU01A0181_001 0.331 0.331 0.333 0.334 0.334 0.332 0.334 0.334 0.331 0.332 0.331 0.332 0.333 0.333 0.332
LEU01A0181_002 0.005 0.005 0.005 0.005 0.005 0.005 0.005 0.005 0.005 0.005 0.005 0.005 0.005 0.005 0.005
LEU01A0181_003 0.017 0.017 0.017 0.017 0.017 0.017 0.017 0.017 0.017 0.017 0.017 0.017 0.017 0.017 0.016
LEU01A0181_004 0.000 0.000 0.000 0.000 0.000 0.000 0.000 0.000 0.000 0.000 0.000 0.000 0.000 0.000 0.000
LEU01A0181_005 0.353 0.353 0.351 0.351 0.352 0.352 0.351 0.352 0.354 0.353 0.352 0.352 0.352 0.353 0.353
LEU01A0181_006 0.249 0.247 0.249 0.247 0.247 0.247 0.247 0.246 0.248 0.247 0.248 0.248 0.246 0.246 0.248
LEU01A0181_007 0.042 0.043 0.042 0.042 0.041 0.043 0.042 0.042 0.042 0.042 0.042 0.043 0.043 0.042 0.042
LEU01A0181_008 0.004 0.004 0.004 0.004 0.004 0.004 0.004 0.004 0.004 0.004 0.004 0.004 0.004 0.004 0.004
LEU01A0181_009 0.000 0.000 0.000 0.000 0.000 0.000 0.000 0.000 0.000 0.000 0.000 0.000 0.000 0.000 0.000
LEU01A0181_010 0.000 0.000 0.000 0.000 0.000 0.000 0.000 0.000 0.000 0.000 0.000 0.000 0.000 0.000 0.000
LEU01A0181_011 0.000 0.000 0.000 0.001 0.000 0.000 0.000 0.000 0.000 0.000 0.000 0.000 0.000 0.000 0.000
