 ph              0.0   1.0   2.0   3.0   4.0   5.0   6.0   7.0   8.0   9.0  10.0  11.0  12.0  13.0  14.0
LEU01A0144_001 0.477 0.478 0.479 0.482 0.480 0.480 0.481 0.480 0.477 0.479 0.481 0.485 0.478 0.479 0.478
LEU01A0144_002 0.057 0.057 0.056 0.056 0.055 0.056 0.056 0.056 0.056 0.056 0.056 0.056 0.056 0.056 0.056
LEU01A0144_003 0.224 0.223 0.224 0.222 0.224 0.223 0.222 0.222 0.223 0.224 0.222 0.220 0.223 0.223 0.224
LEU01A0144_004 0.152 0.151 0.150 0.151 0.151 0.151 0.151 0.152 0.152 0.151 0.150 0.150 0.153 0.151 0.152
LEU01A0144_005 0.004 0.004 0.004 0.004 0.004 0.004 0.004 0.004 0.004 0.004 0.004 0.004 0.004 0.004 0.004
LEU01A0144_006 0.018 0.017 0.017 0.017 0.017 0.018 0.018 0.018 0.018 0.017 0.017 0.018 0.018 0.018 0.018
LEU01A0144_007 0.027 0.027 0.027 0.027 0.027 0.027 0.027 0.027 0.027 0.027 0.027 0.027 0.027 0.027 0.027
LEU01A0144_008 0.011 0.010 0.011 0.010 0.010 0.010 0.011 0.010 0.011 0.010 0.011 0.010 0.010 0.010 0.011
LEU01A0144_009 0.003 0.003 0.003 0.003 0.003 0.003 0.003 0.003 0.003 0.003 0.003 0.003 0.003 0.003 0.003
LEU01A0144_010 0.000 0.000 0.000 0.000 0.000 0.000 0.000 0.000 0.000 0.000 0.000 0.000 0.000 0.000 0.000
LEU01A0144_011 0.001 0.001 0.001 0.000 0.001 0.001 0.001 0.001 0.001 0.001 0.001 0.001 0.001 0.001 0.001
LEU01A0144_012 0.027 0.027 0.027 0.026 0.026 0.026 0.027 0.026 0.027 0.027 0.027 0.027 0.027 0.027 0.027
