 ph              0.0   1.0   2.0   3.0   4.0   5.0   6.0   7.0   8.0   9.0  10.0  11.0  12.0  13.0  14.0
LEU01A0224_001 0.697 0.694 0.695 0.696 0.696 0.696 0.695 0.697 0.697 0.696 0.697 0.696 0.696 0.694 0.696
LEU01A0224_002 0.000 0.000 0.000 0.000 0.000 0.000 0.000 0.000 0.000 0.000 0.001 0.000 0.000 0.000 0.000
LEU01A0224_003 0.053 0.054 0.054 0.053 0.053 0.054 0.053 0.053 0.053 0.053 0.053 0.054 0.054 0.054 0.054
LEU01A0224_004 0.000 0.000 0.000 0.000 0.000 0.000 0.000 0.000 0.000 0.000 0.000 0.000 0.000 0.000 0.000
LEU01A0224_005 0.000 0.000 0.000 0.000 0.000 0.000 0.000 0.000 0.000 0.000 0.000 0.000 0.000 0.000 0.000
LEU01A0224_006 0.181 0.183 0.183 0.183 0.183 0.182 0.183 0.182 0.181 0.183 0.180 0.181 0.183 0.183 0.181
LEU01A0224_007 0.001 0.000 0.000 0.000 0.000 0.001 0.000 0.000 0.000 0.000 0.000 0.000 0.000 0.000 0.000
LEU01A0224_008 0.000 0.000 0.000 0.000 0.000 0.000 0.000 0.000 0.000 0.000 0.000 0.000 0.000 0.000 0.000
LEU01A0224_009 0.067 0.068 0.067 0.068 0.068 0.068 0.068 0.067 0.068 0.067 0.068 0.069 0.067 0.068 0.068
