 ph              0.0   1.0   2.0   3.0   4.0   5.0   6.0   7.0   8.0   9.0  10.0  11.0  12.0  13.0  14.0
GLN01A0180_001 0.135 0.136 0.136 0.135 0.137 0.136 0.136 0.136 0.136 0.137 0.136 0.135 0.135 0.136 0.137
GLN01A0180_002 0.024 0.024 0.024 0.024 0.024 0.024 0.024 0.024 0.023 0.024 0.024 0.024 0.024 0.024 0.024
GLN01A0180_003 0.000 0.000 0.000 0.000 0.000 0.000 0.000 0.000 0.000 0.000 0.000 0.000 0.000 0.000 0.000
GLN01A0180_004 0.000 0.000 0.000 0.000 0.000 0.000 0.000 0.000 0.000 0.000 0.000 0.000 0.000 0.000 0.000
GLN01A0180_005 0.041 0.040 0.041 0.041 0.041 0.041 0.041 0.041 0.041 0.041 0.041 0.041 0.041 0.041 0.041
GLN01A0180_006 0.013 0.014 0.013 0.013 0.013 0.013 0.014 0.013 0.013 0.013 0.013 0.013 0.013 0.013 0.013
GLN01A0180_007 0.000 0.000 0.000 0.000 0.000 0.000 0.000 0.000 0.000 0.000 0.000 0.000 0.000 0.000 0.000
GLN01A0180_008 0.002 0.002 0.002 0.002 0.002 0.002 0.002 0.002 0.002 0.002 0.002 0.002 0.002 0.002 0.002
GLN01A0180_009 0.086 0.086 0.086 0.085 0.085 0.086 0.086 0.087 0.085 0.086 0.086 0.084 0.085 0.086 0.086
GLN01A0180_010 0.000 0.000 0.000 0.000 0.000 0.000 0.000 0.000 0.000 0.000 0.000 0.000 0.000 0.000 0.000
GLN01A0180_011 0.159 0.160 0.158 0.159 0.158 0.159 0.159 0.158 0.159 0.159 0.160 0.160 0.158 0.159 0.159
GLN01A0180_012 0.290 0.290 0.289 0.292 0.290 0.291 0.289 0.289 0.291 0.290 0.289 0.292 0.291 0.289 0.290
GLN01A0180_013 0.000 0.000 0.000 0.000 0.000 0.000 0.000 0.000 0.000 0.000 0.000 0.000 0.000 0.000 0.000
GLN01A0180_014 0.103 0.102 0.103 0.102 0.103 0.103 0.102 0.102 0.103 0.102 0.102 0.102 0.103 0.103 0.102
GLN01A0180_015 0.030 0.029 0.029 0.030 0.029 0.029 0.029 0.029 0.029 0.029 0.030 0.029 0.030 0.029 0.029
GLN01A0180_016 0.117 0.117 0.118 0.117 0.117 0.116 0.118 0.117 0.117 0.117 0.116 0.117 0.117 0.117 0.116
GLN01A0180_017 0.000 0.000 0.000 0.000 0.000 0.000 0.000 0.000 0.000 0.000 0.000 0.000 0.000 0.000 0.000
GLN01A0180_018 0.000 0.000 0.000 0.000 0.000 0.000 0.000 0.000 0.000 0.000 0.000 0.000 0.000 0.000 0.000
GLN01A0180_019 0.000 0.000 0.000 0.000 0.000 0.000 0.000 0.000 0.000 0.000 0.000 0.000 0.000 0.000 0.000
