 ph              0.0   1.0   2.0   3.0   4.0   5.0   6.0   7.0   8.0   9.0  10.0  11.0  12.0  13.0  14.0
LYS01A0116_001 0.000 0.000 0.000 0.000 0.000 0.000 0.000 0.000 0.003 0.010 0.069 0.271 0.392 0.409 0.409
LYS01A0116_002 0.000 0.000 0.000 0.000 0.000 0.000 0.000 0.000 0.000 0.000 0.000 0.003 0.004 0.005 0.005
LYS01A0116_003 0.000 0.000 0.000 0.000 0.000 0.000 0.000 0.000 0.000 0.000 0.000 0.001 0.001 0.002 0.002
LYS01A0116_004 0.000 0.000 0.000 0.000 0.000 0.000 0.000 0.000 0.000 0.000 0.000 0.000 0.000 0.000 0.000
LYS01A0116_005 0.000 0.000 0.000 0.000 0.000 0.000 0.000 0.000 0.000 0.000 0.000 0.000 0.000 0.000 0.000
LYS01A0116_006 0.000 0.000 0.000 0.000 0.000 0.000 0.000 0.000 0.000 0.000 0.000 0.000 0.000 0.000 0.000
LYS01A0116_007 0.000 0.000 0.000 0.000 0.000 0.000 0.000 0.000 0.000 0.000 0.000 0.000 0.000 0.000 0.000
LYS01A0116_008 0.000 0.000 0.000 0.000 0.000 0.000 0.000 0.000 0.000 0.000 0.000 0.000 0.000 0.000 0.000
LYS01A0116_009 0.000 0.000 0.000 0.000 0.000 0.000 0.000 0.000 0.000 0.000 0.000 0.000 0.000 0.000 0.000
LYS01A0116_010 0.000 0.000 0.000 0.000 0.000 0.000 0.000 0.000 0.000 0.000 0.000 0.000 0.000 0.000 0.000
LYS01A0116_011 0.000 0.000 0.000 0.000 0.000 0.000 0.000 0.000 0.000 0.002 0.016 0.063 0.089 0.095 0.095
LYS01A0116_012 0.000 0.000 0.000 0.000 0.000 0.000 0.000 0.000 0.000 0.000 0.000 0.000 0.000 0.000 0.000
LYS01A0116_013 0.000 0.000 0.000 0.000 0.000 0.000 0.000 0.000 0.000 0.004 0.032 0.122 0.177 0.186 0.188
LYS01A0116_014 0.000 0.000 0.000 0.000 0.000 0.000 0.000 0.000 0.000 0.005 0.038 0.148 0.214 0.222 0.227
LYS01A0116_015 0.000 0.000 0.000 0.000 0.000 0.000 0.000 0.000 0.000 0.000 0.008 0.032 0.046 0.048 0.048
LYS01A0116_016 0.000 0.000 0.000 0.000 0.000 0.000 0.000 0.000 0.000 0.000 0.000 0.000 0.000 0.000 0.000
LYS01A0116_017 0.000 0.000 0.000 0.000 0.000 0.000 0.000 0.000 0.000 0.000 0.004 0.018 0.025 0.027 0.026
LYS01A0116_018 0.000 0.000 0.000 0.000 0.000 0.000 0.000 0.000 0.000 0.000 0.000 0.000 0.000 0.000 0.000
LYS01A0116_019 0.000 0.000 0.000 0.000 0.000 0.000 0.000 0.000 0.000 0.000 0.000 0.000 0.000 0.000 0.000
LYS+1A0116_020 0.504 0.501 0.502 0.504 0.503 0.505 0.503 0.505 0.503 0.489 0.416 0.172 0.026 0.005 0.000
LYS+1A0116_021 0.073 0.075 0.075 0.074 0.076 0.075 0.075 0.074 0.074 0.073 0.062 0.025 0.004 0.000 0.000
LYS+1A0116_022 0.163 0.160 0.160 0.161 0.160 0.159 0.161 0.160 0.159 0.158 0.135 0.055 0.008 0.000 0.000
LYS+1A0116_023 0.211 0.215 0.214 0.212 0.212 0.212 0.213 0.212 0.212 0.210 0.178 0.072 0.011 0.002 0.000
LYS+1A0116_024 0.000 0.000 0.000 0.000 0.000 0.000 0.000 0.000 0.000 0.000 0.000 0.000 0.000 0.000 0.000
LYS+1A0116_025 0.000 0.000 0.000 0.000 0.000 0.000 0.000 0.000 0.000 0.000 0.000 0.000 0.000 0.000 0.000
LYS+1A0116_026 0.000 0.000 0.000 0.000 0.000 0.000 0.000 0.000 0.000 0.000 0.000 0.000 0.000 0.000 0.000
LYS+1A0116_027 0.000 0.000 0.000 0.000 0.000 0.000 0.000 0.000 0.000 0.000 0.000 0.000 0.000 0.000 0.000
LYS+1A0116_028 0.000 0.000 0.000 0.000 0.000 0.000 0.000 0.000 0.000 0.000 0.000 0.000 0.000 0.000 0.000
LYS+1A0116_029 0.000 0.000 0.000 0.000 0.000 0.000 0.000 0.000 0.000 0.000 0.000 0.000 0.000 0.000 0.000
LYS+1A0116_030 0.004 0.004 0.004 0.005 0.005 0.004 0.004 0.004 0.004 0.004 0.004 0.002 0.000 0.000 0.000
LYS+1A0116_031 0.000 0.000 0.000 0.000 0.000 0.000 0.000 0.000 0.000 0.000 0.000 0.000 0.000 0.000 0.000
LYS+1A0116_032 0.000 0.000 0.000 0.000 0.000 0.000 0.000 0.000 0.000 0.000 0.000 0.000 0.000 0.000 0.000
LYS+1A0116_033 0.034 0.035 0.034 0.034 0.034 0.034 0.034 0.034 0.034 0.033 0.029 0.012 0.002 0.000 0.000
LYS+1A0116_034 0.000 0.000 0.000 0.000 0.000 0.000 0.000 0.000 0.000 0.000 0.000 0.000 0.000 0.000 0.000
LYS+1A0116_035 0.000 0.000 0.000 0.000 0.000 0.000 0.000 0.000 0.000 0.000 0.000 0.000 0.000 0.000 0.000
LYS+1A0116_036 0.010 0.010 0.011 0.010 0.011 0.010 0.010 0.010 0.010 0.010 0.009 0.004 0.000 0.000 0.000
LYS+1A0116_037 0.000 0.000 0.000 0.000 0.000 0.000 0.000 0.000 0.000 0.000 0.000 0.000 0.000 0.000 0.000
LYS+1A0116_038 0.000 0.000 0.000 0.000 0.000 0.000 0.000 0.000 0.000 0.000 0.000 0.000 0.000 0.000 0.000
