 ph              0.0   1.0   2.0   3.0   4.0   5.0   6.0   7.0   8.0   9.0  10.0  11.0  12.0  13.0  14.0
TYR01A0145_001 0.212 0.213 0.213 0.209 0.213 0.210 0.212 0.211 0.205 0.154 0.045 0.006 0.000 0.000 0.000
TYR01A0145_002 0.164 0.165 0.162 0.164 0.165 0.164 0.164 0.162 0.156 0.118 0.035 0.005 0.000 0.000 0.000
TYR01A0145_003 0.000 0.000 0.000 0.000 0.000 0.000 0.000 0.000 0.000 0.000 0.000 0.000 0.000 0.000 0.000
TYR01A0145_004 0.008 0.008 0.008 0.008 0.007 0.008 0.008 0.008 0.007 0.006 0.002 0.000 0.000 0.000 0.000
TYR01A0145_005 0.001 0.002 0.001 0.001 0.001 0.001 0.001 0.002 0.001 0.001 0.000 0.000 0.000 0.000 0.000
TYR01A0145_006 0.000 0.000 0.000 0.000 0.000 0.000 0.000 0.000 0.000 0.000 0.000 0.000 0.000 0.000 0.000
TYR01A0145_007 0.000 0.000 0.000 0.000 0.000 0.000 0.000 0.000 0.000 0.000 0.000 0.000 0.000 0.000 0.000
TYR01A0145_008 0.000 0.000 0.000 0.000 0.000 0.000 0.000 0.000 0.000 0.000 0.000 0.000 0.000 0.000 0.000
TYR01A0145_009 0.098 0.097 0.098 0.098 0.097 0.097 0.097 0.096 0.094 0.071 0.020 0.003 0.000 0.000 0.000
TYR01A0145_010 0.000 0.000 0.000 0.000 0.000 0.000 0.000 0.000 0.000 0.000 0.000 0.000 0.000 0.000 0.000
TYR01A0145_011 0.261 0.261 0.261 0.262 0.260 0.261 0.262 0.260 0.249 0.189 0.054 0.008 0.000 0.000 0.000
TYR01A0145_012 0.000 0.000 0.000 0.000 0.000 0.000 0.000 0.000 0.000 0.000 0.000 0.000 0.000 0.000 0.000
TYR01A0145_013 0.000 0.000 0.000 0.000 0.000 0.000 0.000 0.000 0.000 0.000 0.000 0.000 0.000 0.000 0.000
TYR01A0145_014 0.000 0.000 0.000 0.000 0.000 0.000 0.000 0.000 0.000 0.000 0.000 0.000 0.000 0.000 0.000
TYR01A0145_015 0.236 0.233 0.235 0.237 0.235 0.237 0.235 0.234 0.227 0.172 0.050 0.007 0.000 0.000 0.000
TYR01A0145_016 0.000 0.000 0.000 0.000 0.000 0.000 0.000 0.000 0.000 0.000 0.000 0.000 0.000 0.000 0.000
TYR01A0145_017 0.000 0.000 0.000 0.000 0.000 0.000 0.000 0.000 0.000 0.000 0.000 0.000 0.000 0.000 0.000
TYR01A0145_018 0.020 0.021 0.021 0.021 0.020 0.021 0.021 0.021 0.020 0.015 0.004 0.000 0.000 0.000 0.000
TYR-1A0145_019 0.000 0.000 0.000 0.000 0.000 0.000 0.000 0.003 0.011 0.072 0.208 0.256 0.261 0.259 0.259
TYR-1A0145_020 0.000 0.000 0.000 0.000 0.000 0.000 0.000 0.000 0.005 0.034 0.098 0.120 0.123 0.123 0.124
TYR-1A0145_021 0.000 0.000 0.000 0.000 0.000 0.000 0.000 0.000 0.002 0.016 0.048 0.058 0.060 0.061 0.060
TYR-1A0145_022 0.000 0.000 0.000 0.000 0.000 0.000 0.000 0.000 0.000 0.002 0.006 0.008 0.008 0.008 0.009
TYR-1A0145_023 0.000 0.000 0.000 0.000 0.000 0.000 0.000 0.000 0.000 0.000 0.000 0.000 0.000 0.000 0.000
TYR-1A0145_024 0.000 0.000 0.000 0.000 0.000 0.000 0.000 0.003 0.011 0.076 0.214 0.265 0.272 0.275 0.273
TYR-1A0145_025 0.000 0.000 0.000 0.000 0.000 0.000 0.000 0.000 0.000 0.000 0.000 0.000 0.000 0.000 0.000
TYR-1A0145_026 0.000 0.000 0.000 0.000 0.000 0.000 0.000 0.000 0.000 0.000 0.000 0.000 0.000 0.000 0.000
TYR-1A0145_027 0.000 0.000 0.000 0.000 0.000 0.000 0.000 0.000 0.000 0.007 0.021 0.026 0.026 0.026 0.027
TYR-1A0145_028 0.000 0.000 0.000 0.000 0.000 0.000 0.000 0.000 0.000 0.000 0.000 0.000 0.000 0.000 0.000
TYR-1A0145_029 0.000 0.000 0.000 0.000 0.000 0.000 0.000 0.000 0.000 0.000 0.000 0.000 0.000 0.000 0.000
TYR-1A0145_030 0.000 0.000 0.000 0.000 0.000 0.000 0.000 0.000 0.000 0.000 0.000 0.000 0.000 0.000 0.000
TYR-1A0145_031 0.000 0.000 0.000 0.000 0.000 0.000 0.000 0.000 0.000 0.000 0.000 0.001 0.001 0.001 0.001
TYR-1A0145_032 0.000 0.000 0.000 0.000 0.000 0.000 0.000 0.000 0.010 0.067 0.192 0.236 0.245 0.244 0.244
TYR-1A0145_033 0.000 0.000 0.000 0.000 0.000 0.000 0.000 0.000 0.000 0.000 0.000 0.000 0.000 0.000 0.000
TYR-1A0145_034 0.000 0.000 0.000 0.000 0.000 0.000 0.000 0.000 0.000 0.000 0.001 0.002 0.002 0.002 0.002
TYR-1A0145_035 0.000 0.000 0.000 0.000 0.000 0.000 0.000 0.000 0.000 0.000 0.000 0.000 0.000 0.000 0.000
TYR-1A0145_036 0.000 0.000 0.000 0.000 0.000 0.000 0.000 0.000 0.000 0.000 0.000 0.000 0.000 0.000 0.000
