 ph              0.0   1.0   2.0   3.0   4.0   5.0   6.0   7.0   8.0   9.0  10.0  11.0  12.0  13.0  14.0
LEU01A0178_001 0.602 0.604 0.601 0.599 0.602 0.603 0.602 0.604 0.600 0.603 0.602 0.603 0.603 0.602 0.604
LEU01A0178_002 0.011 0.011 0.011 0.011 0.011 0.011 0.012 0.011 0.011 0.011 0.012 0.011 0.011 0.011 0.011
LEU01A0178_003 0.008 0.008 0.008 0.008 0.008 0.008 0.008 0.008 0.008 0.008 0.008 0.008 0.008 0.008 0.008
LEU01A0178_004 0.057 0.057 0.058 0.058 0.058 0.058 0.058 0.057 0.058 0.058 0.057 0.058 0.057 0.057 0.057
LEU01A0178_005 0.000 0.000 0.000 0.000 0.000 0.000 0.000 0.000 0.000 0.000 0.000 0.000 0.000 0.000 0.000
LEU01A0178_006 0.210 0.210 0.212 0.214 0.212 0.211 0.212 0.212 0.211 0.211 0.213 0.209 0.211 0.211 0.211
LEU01A0178_007 0.108 0.107 0.107 0.108 0.106 0.107 0.106 0.106 0.109 0.107 0.107 0.108 0.107 0.108 0.107
LEU01A0178_008 0.000 0.000 0.000 0.000 0.000 0.000 0.000 0.000 0.000 0.000 0.000 0.000 0.000 0.000 0.000
LEU01A0178_009 0.000 0.000 0.000 0.000 0.000 0.000 0.000 0.000 0.000 0.000 0.000 0.000 0.000 0.000 0.000
LEU01A0178_010 0.000 0.000 0.000 0.000 0.000 0.000 0.000 0.000 0.000 0.000 0.000 0.000 0.000 0.000 0.000
LEU01A0178_011 0.002 0.002 0.002 0.002 0.002 0.002 0.002 0.002 0.002 0.002 0.002 0.002 0.002 0.002 0.002
