 ph              0.0   1.0   2.0   3.0   4.0   5.0   6.0   7.0   8.0   9.0  10.0  11.0  12.0  13.0  14.0
LEU01A0197_001 0.783 0.786 0.783 0.787 0.785 0.785 0.782 0.785 0.784 0.783 0.785 0.783 0.784 0.785 0.785
LEU01A0197_002 0.000 0.001 0.000 0.000 0.000 0.001 0.000 0.000 0.000 0.001 0.001 0.000 0.001 0.001 0.000
LEU01A0197_003 0.051 0.051 0.051 0.050 0.050 0.050 0.051 0.050 0.051 0.051 0.050 0.051 0.051 0.050 0.050
LEU01A0197_004 0.004 0.004 0.004 0.004 0.004 0.004 0.004 0.004 0.004 0.004 0.004 0.004 0.004 0.004 0.003
LEU01A0197_005 0.136 0.133 0.135 0.134 0.135 0.135 0.136 0.133 0.135 0.135 0.134 0.136 0.135 0.134 0.135
LEU01A0197_006 0.027 0.026 0.026 0.026 0.026 0.026 0.026 0.026 0.026 0.026 0.026 0.027 0.026 0.027 0.026
LEU01A0197_007 0.000 0.000 0.000 0.000 0.000 0.000 0.000 0.000 0.000 0.000 0.000 0.000 0.000 0.000 0.000
LEU01A0197_008 0.000 0.000 0.000 0.000 0.000 0.000 0.000 0.000 0.000 0.000 0.000 0.000 0.000 0.000 0.000
LEU01A0197_009 0.000 0.000 0.000 0.000 0.000 0.000 0.000 0.000 0.000 0.000 0.000 0.000 0.000 0.000 0.000
