 ph              0.0   1.0   2.0   3.0   4.0   5.0   6.0   7.0   8.0   9.0  10.0  11.0  12.0  13.0  14.0
TYR01A0271_001 0.328 0.326 0.328 0.327 0.324 0.326 0.327 0.326 0.318 0.257 0.090 0.012 0.000 0.000 0.000
TYR01A0271_002 0.000 0.000 0.000 0.000 0.000 0.000 0.000 0.000 0.000 0.000 0.000 0.000 0.000 0.000 0.000
TYR01A0271_003 0.000 0.000 0.000 0.000 0.000 0.000 0.000 0.000 0.000 0.000 0.000 0.000 0.000 0.000 0.000
TYR01A0271_004 0.003 0.003 0.004 0.003 0.003 0.003 0.003 0.003 0.003 0.003 0.000 0.000 0.000 0.000 0.000
TYR01A0271_005 0.000 0.000 0.000 0.000 0.000 0.000 0.000 0.000 0.000 0.000 0.000 0.000 0.000 0.000 0.000
TYR01A0271_006 0.007 0.007 0.008 0.008 0.008 0.008 0.007 0.008 0.007 0.006 0.002 0.000 0.000 0.000 0.000
TYR01A0271_007 0.054 0.055 0.056 0.055 0.055 0.056 0.055 0.054 0.053 0.043 0.015 0.002 0.000 0.000 0.000
TYR01A0271_008 0.030 0.030 0.031 0.030 0.031 0.031 0.031 0.031 0.030 0.024 0.008 0.001 0.000 0.000 0.000
TYR01A0271_009 0.002 0.002 0.002 0.002 0.002 0.002 0.002 0.002 0.002 0.002 0.000 0.000 0.000 0.000 0.000
TYR01A0271_010 0.062 0.062 0.062 0.062 0.062 0.063 0.062 0.062 0.060 0.049 0.017 0.002 0.000 0.000 0.000
TYR01A0271_011 0.003 0.003 0.003 0.003 0.003 0.003 0.003 0.003 0.003 0.002 0.000 0.000 0.000 0.000 0.000
TYR01A0271_012 0.064 0.065 0.065 0.064 0.067 0.065 0.067 0.065 0.063 0.051 0.018 0.003 0.000 0.000 0.000
TYR01A0271_013 0.000 0.000 0.000 0.000 0.000 0.000 0.000 0.000 0.000 0.000 0.000 0.000 0.000 0.000 0.000
TYR01A0271_014 0.445 0.445 0.442 0.446 0.444 0.442 0.442 0.441 0.431 0.345 0.123 0.016 0.006 0.000 0.000
TYR01A0271_015 0.000 0.000 0.000 0.000 0.000 0.000 0.000 0.000 0.000 0.000 0.000 0.000 0.000 0.000 0.000
TYR01A0271_016 0.000 0.000 0.000 0.000 0.000 0.000 0.000 0.000 0.000 0.000 0.000 0.000 0.000 0.000 0.000
TYR-1A0271_017 0.000 0.000 0.000 0.000 0.000 0.000 0.000 0.002 0.008 0.059 0.193 0.254 0.265 0.266 0.266
TYR-1A0271_018 0.000 0.000 0.000 0.000 0.000 0.000 0.000 0.000 0.000 0.000 0.002 0.003 0.003 0.003 0.003
TYR-1A0271_019 0.000 0.000 0.000 0.000 0.000 0.000 0.000 0.000 0.002 0.014 0.046 0.062 0.063 0.063 0.064
TYR-1A0271_020 0.000 0.000 0.000 0.000 0.000 0.000 0.000 0.000 0.002 0.013 0.042 0.056 0.058 0.058 0.058
TYR-1A0271_021 0.000 0.000 0.000 0.000 0.000 0.000 0.000 0.000 0.000 0.000 0.002 0.003 0.003 0.003 0.003
TYR-1A0271_022 0.000 0.000 0.000 0.000 0.000 0.000 0.000 0.000 0.000 0.002 0.006 0.009 0.009 0.009 0.009
TYR-1A0271_023 0.000 0.000 0.000 0.000 0.000 0.000 0.000 0.000 0.000 0.000 0.002 0.003 0.003 0.003 0.003
TYR-1A0271_024 0.000 0.000 0.000 0.000 0.000 0.000 0.000 0.000 0.000 0.000 0.000 0.000 0.000 0.000 0.000
TYR-1A0271_025 0.000 0.000 0.000 0.000 0.000 0.000 0.000 0.000 0.002 0.018 0.059 0.078 0.080 0.080 0.081
TYR-1A0271_026 0.000 0.000 0.000 0.000 0.000 0.000 0.000 0.000 0.000 0.000 0.000 0.000 0.000 0.000 0.000
TYR-1A0271_027 0.000 0.000 0.000 0.000 0.000 0.000 0.000 0.000 0.000 0.000 0.000 0.000 0.000 0.000 0.000
TYR-1A0271_028 0.000 0.000 0.000 0.000 0.000 0.000 0.000 0.003 0.013 0.095 0.311 0.415 0.426 0.430 0.428
TYR-1A0271_029 0.000 0.000 0.000 0.000 0.000 0.000 0.000 0.000 0.000 0.000 0.000 0.000 0.000 0.000 0.000
TYR-1A0271_030 0.000 0.000 0.000 0.000 0.000 0.000 0.000 0.000 0.000 0.000 0.000 0.000 0.000 0.000 0.000
TYR-1A0271_031 0.000 0.000 0.000 0.000 0.000 0.000 0.000 0.000 0.002 0.018 0.061 0.081 0.083 0.083 0.083
TYR-1A0271_032 0.000 0.000 0.000 0.000 0.000 0.000 0.000 0.000 0.000 0.000 0.000 0.000 0.000 0.000 0.000
