 ph              0.0   1.0   2.0   3.0   4.0   5.0   6.0   7.0   8.0   9.0  10.0  11.0  12.0  13.0  14.0
CYS01A0070_001 0.094 0.095 0.094 0.094 0.093 0.093 0.093 0.090 0.066 0.019 0.003 0.000 0.000 0.000 0.000
CYS01A0070_002 0.238 0.238 0.238 0.239 0.238 0.238 0.236 0.229 0.167 0.047 0.007 0.000 0.000 0.000 0.000
CYS01A0070_003 0.087 0.086 0.088 0.087 0.087 0.086 0.086 0.084 0.061 0.017 0.002 0.000 0.000 0.000 0.000
CYS01A0070_004 0.092 0.094 0.092 0.092 0.092 0.093 0.092 0.089 0.065 0.019 0.003 0.000 0.000 0.000 0.000
CYS01A0070_005 0.005 0.005 0.005 0.005 0.005 0.005 0.005 0.005 0.004 0.000 0.000 0.000 0.000 0.000 0.000
CYS01A0070_006 0.005 0.005 0.005 0.005 0.005 0.005 0.005 0.005 0.004 0.001 0.000 0.000 0.000 0.000 0.000
CYS01A0070_007 0.221 0.220 0.222 0.222 0.223 0.221 0.222 0.212 0.156 0.045 0.006 0.000 0.000 0.000 0.000
CYS01A0070_008 0.243 0.242 0.242 0.241 0.243 0.243 0.241 0.230 0.169 0.049 0.007 0.000 0.000 0.000 0.000
CYS01A0070_009 0.000 0.000 0.000 0.000 0.000 0.000 0.000 0.000 0.000 0.000 0.000 0.000 0.000 0.000 0.000
CYS01A0070_010 0.000 0.000 0.000 0.000 0.000 0.000 0.000 0.000 0.000 0.000 0.000 0.000 0.000 0.000 0.000
CYS01A0070_011 0.000 0.000 0.000 0.000 0.000 0.000 0.000 0.000 0.000 0.000 0.000 0.000 0.000 0.000 0.000
CYS01A0070_012 0.015 0.014 0.014 0.014 0.014 0.015 0.014 0.014 0.010 0.003 0.000 0.000 0.000 0.000 0.000
CYS01A0070_013 0.000 0.000 0.000 0.000 0.000 0.000 0.000 0.000 0.000 0.000 0.000 0.000 0.000 0.000 0.000
CYS01A0070_014 0.000 0.000 0.000 0.000 0.000 0.000 0.000 0.000 0.000 0.000 0.000 0.000 0.000 0.000 0.000
CYS01A0070_015 0.000 0.000 0.000 0.000 0.000 0.000 0.000 0.000 0.000 0.000 0.000 0.000 0.000 0.000 0.000
CYS-1A0070_016 0.000 0.000 0.000 0.000 0.000 0.000 0.000 0.011 0.076 0.204 0.249 0.258 0.258 0.253 0.253
CYS-1A0070_017 0.000 0.000 0.000 0.000 0.000 0.000 0.000 0.000 0.000 0.002 0.003 0.003 0.003 0.003 0.003
CYS-1A0070_018 0.000 0.000 0.000 0.000 0.000 0.000 0.000 0.000 0.004 0.012 0.015 0.014 0.014 0.015 0.015
CYS-1A0070_019 0.000 0.000 0.000 0.000 0.000 0.000 0.006 0.032 0.219 0.581 0.704 0.722 0.722 0.727 0.727
CYS-1A0070_020 0.000 0.000 0.000 0.000 0.000 0.000 0.000 0.000 0.000 0.002 0.002 0.002 0.002 0.002 0.002
