 ph              0.0   1.0   2.0   3.0   4.0   5.0   6.0   7.0   8.0   9.0  10.0  11.0  12.0  13.0  14.0
GLN01A0136_001 0.018 0.019 0.019 0.019 0.018 0.019 0.019 0.019 0.018 0.019 0.019 0.019 0.019 0.019 0.019
GLN01A0136_002 0.115 0.114 0.115 0.116 0.115 0.115 0.114 0.115 0.115 0.114 0.115 0.114 0.114 0.114 0.114
GLN01A0136_003 0.023 0.023 0.023 0.023 0.023 0.023 0.023 0.023 0.022 0.023 0.023 0.023 0.023 0.023 0.023
GLN01A0136_004 0.049 0.049 0.049 0.050 0.050 0.050 0.049 0.049 0.050 0.049 0.049 0.050 0.049 0.049 0.050
GLN01A0136_005 0.125 0.125 0.124 0.125 0.126 0.125 0.125 0.124 0.126 0.125 0.125 0.125 0.125 0.126 0.126
GLN01A0136_006 0.009 0.009 0.009 0.009 0.009 0.009 0.009 0.009 0.009 0.009 0.008 0.008 0.009 0.009 0.008
GLN01A0136_007 0.044 0.045 0.044 0.044 0.044 0.044 0.044 0.045 0.044 0.044 0.044 0.044 0.045 0.044 0.044
GLN01A0136_008 0.226 0.227 0.226 0.227 0.226 0.227 0.227 0.229 0.226 0.226 0.227 0.227 0.227 0.227 0.227
GLN01A0136_009 0.306 0.306 0.308 0.305 0.305 0.306 0.306 0.305 0.306 0.307 0.306 0.305 0.305 0.306 0.305
GLN01A0136_010 0.018 0.018 0.018 0.018 0.018 0.018 0.018 0.018 0.018 0.018 0.018 0.018 0.018 0.018 0.018
GLN01A0136_011 0.000 0.000 0.000 0.000 0.000 0.000 0.000 0.000 0.000 0.000 0.000 0.000 0.000 0.000 0.000
GLN01A0136_012 0.061 0.060 0.062 0.061 0.060 0.061 0.061 0.061 0.061 0.061 0.061 0.062 0.062 0.061 0.061
GLN01A0136_013 0.002 0.002 0.002 0.002 0.002 0.002 0.002 0.002 0.002 0.002 0.002 0.002 0.002 0.002 0.002
GLN01A0136_014 0.002 0.003 0.003 0.003 0.003 0.002 0.003 0.003 0.003 0.003 0.002 0.002 0.002 0.003 0.003
