 ph              0.0   1.0   2.0   3.0   4.0   5.0   6.0   7.0   8.0   9.0  10.0  11.0  12.0  13.0  14.0
LEU01A0140_001 0.407 0.406 0.408 0.409 0.408 0.406 0.409 0.408 0.406 0.405 0.409 0.407 0.408 0.406 0.408
LEU01A0140_002 0.516 0.517 0.517 0.516 0.515 0.517 0.515 0.516 0.518 0.518 0.514 0.517 0.519 0.519 0.518
LEU01A0140_003 0.001 0.001 0.001 0.000 0.001 0.000 0.001 0.001 0.000 0.001 0.001 0.001 0.000 0.000 0.001
LEU01A0140_004 0.068 0.067 0.067 0.067 0.068 0.068 0.066 0.066 0.067 0.067 0.068 0.067 0.065 0.067 0.066
LEU01A0140_005 0.000 0.000 0.000 0.000 0.000 0.000 0.000 0.000 0.000 0.000 0.000 0.000 0.000 0.000 0.000
LEU01A0140_006 0.000 0.000 0.000 0.000 0.000 0.000 0.000 0.000 0.000 0.000 0.000 0.000 0.000 0.000 0.000
LEU01A0140_007 0.002 0.002 0.002 0.002 0.002 0.002 0.002 0.002 0.002 0.002 0.002 0.002 0.002 0.002 0.002
LEU01A0140_008 0.000 0.000 0.000 0.000 0.000 0.000 0.000 0.000 0.000 0.000 0.000 0.000 0.000 0.000 0.000
LEU01A0140_009 0.006 0.006 0.006 0.007 0.007 0.006 0.006 0.007 0.006 0.006 0.006 0.006 0.006 0.007 0.006
LEU01A0140_010 0.000 0.000 0.000 0.000 0.000 0.000 0.000 0.000 0.000 0.000 0.000 0.000 0.000 0.000 0.000
LEU01A0140_011 0.000 0.000 0.000 0.000 0.000 0.000 0.000 0.000 0.000 0.000 0.000 0.000 0.000 0.000 0.000
