 ph              0.0   1.0   2.0   3.0   4.0   5.0   6.0   7.0   8.0   9.0  10.0  11.0  12.0  13.0  14.0
LEU01A0054_001 0.733 0.733 0.728 0.732 0.734 0.732 0.729 0.729 0.732 0.733 0.731 0.733 0.732 0.732 0.731
LEU01A0054_002 0.003 0.003 0.003 0.003 0.003 0.003 0.003 0.003 0.003 0.003 0.003 0.003 0.003 0.003 0.003
LEU01A0054_003 0.035 0.034 0.033 0.035 0.034 0.034 0.036 0.034 0.035 0.034 0.034 0.034 0.034 0.035 0.035
LEU01A0054_004 0.000 0.000 0.000 0.000 0.000 0.000 0.000 0.000 0.000 0.000 0.000 0.000 0.000 0.000 0.000
LEU01A0054_005 0.000 0.000 0.000 0.000 0.000 0.000 0.000 0.000 0.000 0.000 0.000 0.000 0.000 0.000 0.000
LEU01A0054_006 0.000 0.000 0.000 0.000 0.000 0.000 0.000 0.000 0.000 0.000 0.000 0.000 0.000 0.000 0.000
LEU01A0054_007 0.007 0.007 0.007 0.007 0.007 0.006 0.007 0.007 0.007 0.006 0.007 0.006 0.007 0.007 0.006
LEU01A0054_008 0.221 0.223 0.229 0.223 0.223 0.224 0.223 0.226 0.223 0.223 0.225 0.223 0.224 0.223 0.224
LEU01A0054_009 0.000 0.000 0.000 0.000 0.000 0.000 0.000 0.000 0.000 0.000 0.000 0.000 0.000 0.000 0.000
LEU01A0054_010 0.000 0.000 0.000 0.000 0.000 0.000 0.000 0.000 0.000 0.000 0.000 0.000 0.000 0.000 0.000
LEU01A0054_011 0.000 0.000 0.000 0.000 0.000 0.000 0.000 0.000 0.000 0.000 0.000 0.000 0.000 0.000 0.000
