 ph              0.0   1.0   2.0   3.0   4.0   5.0   6.0   7.0   8.0   9.0  10.0  11.0  12.0  13.0  14.0
GLN01A0070_001 0.208 0.207 0.206 0.208 0.207 0.208 0.209 0.210 0.209 0.209 0.208 0.209 0.209 0.207 0.208
GLN01A0070_002 0.179 0.181 0.182 0.182 0.182 0.180 0.179 0.181 0.179 0.181 0.179 0.180 0.181 0.180 0.181
GLN01A0070_003 0.027 0.027 0.027 0.026 0.027 0.028 0.027 0.026 0.027 0.026 0.027 0.027 0.027 0.027 0.027
GLN01A0070_004 0.014 0.014 0.014 0.014 0.014 0.013 0.014 0.014 0.014 0.013 0.014 0.014 0.014 0.014 0.014
GLN01A0070_005 0.011 0.011 0.011 0.011 0.011 0.011 0.011 0.011 0.011 0.011 0.011 0.011 0.011 0.011 0.011
GLN01A0070_006 0.294 0.295 0.294 0.294 0.292 0.293 0.294 0.295 0.292 0.295 0.295 0.295 0.292 0.295 0.294
GLN01A0070_007 0.004 0.004 0.004 0.004 0.004 0.004 0.004 0.004 0.004 0.004 0.004 0.004 0.004 0.004 0.004
GLN01A0070_008 0.016 0.016 0.017 0.016 0.016 0.017 0.016 0.016 0.016 0.016 0.016 0.016 0.016 0.016 0.016
GLN01A0070_009 0.075 0.074 0.075 0.074 0.074 0.074 0.074 0.073 0.074 0.074 0.074 0.073 0.074 0.074 0.074
GLN01A0070_010 0.078 0.078 0.078 0.078 0.078 0.077 0.077 0.077 0.078 0.077 0.078 0.077 0.078 0.078 0.078
GLN01A0070_011 0.007 0.007 0.007 0.007 0.007 0.007 0.007 0.007 0.007 0.007 0.007 0.007 0.007 0.007 0.007
GLN01A0070_012 0.000 0.000 0.000 0.000 0.000 0.000 0.000 0.000 0.001 0.001 0.000 0.000 0.000 0.000 0.000
GLN01A0070_013 0.003 0.003 0.003 0.003 0.003 0.003 0.003 0.003 0.003 0.003 0.003 0.003 0.003 0.003 0.003
GLN01A0070_014 0.002 0.002 0.002 0.002 0.002 0.002 0.002 0.002 0.002 0.002 0.002 0.002 0.002 0.002 0.002
GLN01A0070_015 0.058 0.059 0.058 0.058 0.058 0.058 0.059 0.058 0.058 0.058 0.058 0.058 0.058 0.058 0.058
GLN01A0070_016 0.002 0.002 0.002 0.002 0.002 0.002 0.002 0.002 0.002 0.002 0.002 0.002 0.002 0.002 0.002
GLN01A0070_017 0.022 0.022 0.022 0.022 0.022 0.022 0.022 0.022 0.023 0.022 0.022 0.022 0.022 0.022 0.022
