 ph              0.0   1.0   2.0   3.0   4.0   5.0   6.0   7.0   8.0   9.0  10.0  11.0  12.0  13.0  14.0
LEU01A0204_001 0.406 0.405 0.407 0.405 0.406 0.407 0.406 0.409 0.406 0.407 0.406 0.404 0.406 0.406 0.407
LEU01A0204_002 0.000 0.000 0.000 0.000 0.000 0.000 0.000 0.000 0.000 0.000 0.000 0.000 0.000 0.000 0.000
LEU01A0204_003 0.039 0.039 0.039 0.039 0.039 0.039 0.039 0.039 0.039 0.039 0.039 0.039 0.038 0.038 0.039
LEU01A0204_004 0.490 0.491 0.490 0.492 0.490 0.491 0.491 0.487 0.491 0.489 0.489 0.492 0.492 0.492 0.489
LEU01A0204_005 0.065 0.065 0.064 0.064 0.065 0.064 0.065 0.065 0.064 0.065 0.066 0.064 0.065 0.064 0.065
LEU01A0204_006 0.000 0.000 0.000 0.000 0.000 0.000 0.000 0.000 0.000 0.000 0.000 0.000 0.000 0.000 0.000
LEU01A0204_007 0.000 0.000 0.000 0.000 0.000 0.000 0.000 0.000 0.000 0.000 0.000 0.000 0.000 0.000 0.000
LEU01A0204_008 0.000 0.000 0.000 0.000 0.000 0.000 0.000 0.000 0.000 0.000 0.000 0.000 0.000 0.000 0.000
LEU01A0204_009 0.000 0.000 0.000 0.000 0.000 0.000 0.000 0.000 0.000 0.000 0.000 0.000 0.000 0.000 0.000
