 ph              0.0   1.0   2.0   3.0   4.0   5.0   6.0   7.0   8.0   9.0  10.0  11.0  12.0  13.0  14.0
TRP01A0325_001 0.000 0.000 0.000 0.000 0.000 0.000 0.000 0.000 0.000 0.000 0.000 0.000 0.000 0.000 0.000
TRP01A0325_002 0.038 0.037 0.038 0.037 0.037 0.037 0.037 0.037 0.037 0.036 0.037 0.037 0.037 0.037 0.037
TRP01A0325_003 0.000 0.000 0.000 0.000 0.000 0.000 0.000 0.000 0.000 0.000 0.000 0.000 0.000 0.000 0.000
TRP01A0325_004 0.000 0.000 0.000 0.000 0.000 0.000 0.000 0.000 0.000 0.000 0.000 0.000 0.000 0.000 0.000
TRP01A0325_005 0.000 0.000 0.000 0.000 0.000 0.000 0.000 0.000 0.000 0.000 0.000 0.000 0.000 0.000 0.000
TRP01A0325_006 0.083 0.082 0.083 0.082 0.082 0.082 0.082 0.082 0.081 0.081 0.083 0.083 0.082 0.082 0.081
TRP01A0325_007 0.306 0.305 0.304 0.305 0.305 0.306 0.308 0.302 0.306 0.307 0.307 0.308 0.306 0.304 0.306
TRP01A0325_008 0.000 0.000 0.000 0.000 0.000 0.000 0.000 0.000 0.000 0.000 0.000 0.000 0.000 0.000 0.000
TRP01A0325_009 0.000 0.000 0.000 0.000 0.000 0.000 0.000 0.000 0.000 0.000 0.000 0.000 0.000 0.000 0.000
TRP01A0325_010 0.000 0.000 0.000 0.000 0.000 0.000 0.000 0.000 0.000 0.000 0.000 0.000 0.000 0.000 0.000
TRP01A0325_011 0.000 0.000 0.000 0.000 0.000 0.000 0.000 0.000 0.000 0.000 0.000 0.000 0.000 0.000 0.000
TRP01A0325_012 0.000 0.000 0.000 0.000 0.000 0.000 0.000 0.000 0.000 0.000 0.000 0.000 0.000 0.000 0.000
TRP01A0325_013 0.529 0.532 0.532 0.534 0.534 0.531 0.530 0.534 0.533 0.534 0.530 0.530 0.532 0.534 0.532
TRP01A0325_014 0.008 0.007 0.007 0.007 0.007 0.007 0.007 0.007 0.007 0.007 0.007 0.007 0.007 0.007 0.008
TRP01A0325_015 0.005 0.005 0.005 0.005 0.005 0.005 0.005 0.005 0.005 0.005 0.005 0.005 0.005 0.005 0.005
TRP01A0325_016 0.000 0.000 0.000 0.000 0.000 0.000 0.000 0.000 0.000 0.000 0.000 0.000 0.000 0.000 0.000
TRP01A0325_017 0.009 0.009 0.008 0.008 0.008 0.009 0.008 0.009 0.009 0.008 0.008 0.009 0.009 0.009 0.009
TRP01A0325_018 0.022 0.022 0.022 0.022 0.022 0.022 0.022 0.022 0.023 0.022 0.022 0.022 0.022 0.021 0.022
TRP01A0325_019 0.000 0.000 0.000 0.000 0.000 0.000 0.000 0.000 0.000 0.000 0.000 0.000 0.000 0.000 0.000
TRP01A0325_020 0.000 0.000 0.000 0.000 0.000 0.000 0.000 0.000 0.000 0.000 0.000 0.000 0.000 0.000 0.000
