 ph              0.0   1.0   2.0   3.0   4.0   5.0   6.0   7.0   8.0   9.0  10.0  11.0  12.0  13.0  14.0
HIS01A0082_001 0.000 0.000 0.000 0.000 0.000 0.000 0.005 0.030 0.068 0.080 0.081 0.082 0.081 0.081 0.080
HIS01A0082_002 0.000 0.000 0.000 0.000 0.000 0.003 0.013 0.076 0.175 0.205 0.206 0.209 0.208 0.210 0.211
HIS01A0082_003 0.000 0.000 0.000 0.000 0.000 0.000 0.000 0.000 0.000 0.000 0.000 0.000 0.000 0.000 0.000
HIS01A0082_004 0.000 0.000 0.000 0.000 0.000 0.000 0.000 0.001 0.003 0.004 0.004 0.004 0.004 0.004 0.004
HIS01A0082_005 0.000 0.000 0.000 0.000 0.000 0.000 0.000 0.000 0.000 0.000 0.000 0.000 0.000 0.000 0.000
HIS01A0082_006 0.000 0.000 0.000 0.000 0.000 0.000 0.001 0.008 0.018 0.021 0.021 0.021 0.022 0.022 0.022
HIS01A0082_007 0.000 0.000 0.000 0.000 0.000 0.000 0.000 0.000 0.000 0.000 0.000 0.000 0.000 0.000 0.000
HIS01A0082_008 0.000 0.000 0.000 0.000 0.000 0.000 0.000 0.000 0.002 0.002 0.002 0.002 0.002 0.002 0.002
HIS01A0082_009 0.000 0.000 0.000 0.000 0.000 0.000 0.000 0.000 0.000 0.000 0.000 0.000 0.000 0.000 0.000
HIS01A0082_010 0.000 0.000 0.000 0.000 0.000 0.000 0.000 0.005 0.011 0.013 0.013 0.013 0.013 0.013 0.013
HIS01A0082_011 0.000 0.000 0.000 0.000 0.000 0.000 0.000 0.000 0.000 0.000 0.000 0.000 0.000 0.000 0.000
HIS01A0082_012 0.000 0.000 0.000 0.000 0.000 0.000 0.001 0.007 0.016 0.019 0.018 0.019 0.019 0.019 0.019
HIS01A0082_013 0.000 0.000 0.000 0.000 0.000 0.000 0.000 0.000 0.000 0.000 0.000 0.000 0.000 0.000 0.000
HIS01A0082_014 0.000 0.000 0.000 0.000 0.000 0.000 0.000 0.000 0.000 0.000 0.000 0.000 0.000 0.000 0.000
HIS01A0082_015 0.000 0.000 0.000 0.000 0.000 0.000 0.000 0.000 0.000 0.000 0.000 0.000 0.000 0.000 0.000
HIS01A0082_016 0.000 0.000 0.000 0.000 0.000 0.000 0.000 0.000 0.000 0.000 0.000 0.000 0.000 0.000 0.000
HIS01A0082_017 0.000 0.000 0.000 0.000 0.000 0.000 0.004 0.025 0.058 0.067 0.069 0.069 0.068 0.068 0.068
HIS01A0082_018 0.000 0.000 0.000 0.000 0.000 0.000 0.000 0.000 0.000 0.000 0.000 0.000 0.000 0.000 0.000
HIS01A0082_019 0.000 0.000 0.000 0.000 0.000 0.000 0.000 0.000 0.000 0.000 0.000 0.000 0.000 0.000 0.000
HIS01A0082_020 0.000 0.000 0.000 0.000 0.000 0.000 0.000 0.000 0.000 0.000 0.000 0.000 0.000 0.000 0.000
HIS02A0082_021 0.000 0.000 0.000 0.000 0.000 0.002 0.010 0.057 0.131 0.153 0.158 0.158 0.158 0.157 0.158
HIS02A0082_022 0.000 0.000 0.000 0.000 0.000 0.004 0.016 0.098 0.228 0.260 0.270 0.268 0.269 0.267 0.266
HIS02A0082_023 0.000 0.000 0.000 0.000 0.000 0.000 0.000 0.000 0.000 0.000 0.000 0.000 0.000 0.000 0.000
HIS02A0082_024 0.000 0.000 0.000 0.000 0.000 0.000 0.000 0.001 0.003 0.004 0.004 0.004 0.004 0.004 0.004
HIS02A0082_025 0.000 0.000 0.000 0.000 0.000 0.000 0.002 0.010 0.023 0.027 0.028 0.026 0.027 0.027 0.027
HIS02A0082_026 0.000 0.000 0.000 0.000 0.000 0.000 0.000 0.000 0.000 0.000 0.000 0.000 0.000 0.000 0.000
HIS02A0082_027 0.000 0.000 0.000 0.000 0.000 0.000 0.000 0.000 0.000 0.000 0.000 0.000 0.000 0.000 0.000
HIS02A0082_028 0.000 0.000 0.000 0.000 0.000 0.000 0.000 0.000 0.002 0.002 0.002 0.002 0.002 0.002 0.002
HIS02A0082_029 0.000 0.000 0.000 0.000 0.000 0.000 0.000 0.004 0.008 0.010 0.010 0.010 0.010 0.010 0.010
HIS02A0082_030 0.000 0.000 0.000 0.000 0.000 0.000 0.000 0.000 0.000 0.000 0.000 0.000 0.000 0.000 0.000
HIS02A0082_031 0.000 0.000 0.000 0.000 0.000 0.000 0.000 0.000 0.000 0.000 0.000 0.000 0.000 0.000 0.000
HIS02A0082_032 0.000 0.000 0.000 0.000 0.000 0.000 0.000 0.000 0.000 0.000 0.000 0.000 0.000 0.000 0.000
HIS02A0082_033 0.000 0.000 0.000 0.000 0.000 0.000 0.000 0.000 0.000 0.000 0.000 0.000 0.000 0.000 0.000
HIS02A0082_034 0.000 0.000 0.000 0.000 0.000 0.000 0.000 0.000 0.000 0.000 0.000 0.000 0.000 0.000 0.000
HIS02A0082_035 0.000 0.000 0.000 0.000 0.000 0.000 0.000 0.000 0.000 0.000 0.000 0.000 0.000 0.000 0.000
HIS02A0082_036 0.000 0.000 0.000 0.000 0.000 0.000 0.005 0.031 0.073 0.084 0.084 0.084 0.084 0.084 0.084
HIS02A0082_037 0.000 0.000 0.000 0.000 0.000 0.000 0.000 0.000 0.000 0.000 0.000 0.000 0.000 0.000 0.000
HIS02A0082_038 0.000 0.000 0.000 0.000 0.000 0.000 0.000 0.000 0.000 0.000 0.000 0.000 0.000 0.000 0.000
HIS02A0082_039 0.000 0.000 0.000 0.000 0.000 0.000 0.002 0.011 0.025 0.028 0.030 0.030 0.029 0.030 0.030
HIS02A0082_040 0.000 0.000 0.000 0.000 0.000 0.000 0.000 0.000 0.000 0.000 0.000 0.000 0.000 0.000 0.000
HIS+1A0082_041 0.208 0.208 0.208 0.208 0.208 0.205 0.194 0.132 0.032 0.005 0.000 0.000 0.000 0.000 0.000
HIS+1A0082_042 0.465 0.466 0.464 0.464 0.465 0.459 0.439 0.296 0.073 0.011 0.000 0.000 0.000 0.000 0.000
HIS+1A0082_043 0.000 0.000 0.000 0.000 0.000 0.000 0.000 0.000 0.000 0.000 0.000 0.000 0.000 0.000 0.000
HIS+1A0082_044 0.000 0.000 0.000 0.000 0.000 0.000 0.000 0.000 0.000 0.000 0.000 0.000 0.000 0.000 0.000
HIS+1A0082_045 0.153 0.152 0.153 0.153 0.153 0.151 0.144 0.097 0.024 0.003 0.000 0.000 0.000 0.000 0.000
HIS+1A0082_046 0.000 0.000 0.000 0.000 0.000 0.000 0.000 0.000 0.000 0.000 0.000 0.000 0.000 0.000 0.000
HIS+1A0082_047 0.004 0.004 0.004 0.004 0.004 0.004 0.004 0.003 0.000 0.000 0.000 0.000 0.000 0.000 0.000
HIS+1A0082_048 0.000 0.000 0.000 0.000 0.000 0.000 0.000 0.000 0.000 0.000 0.000 0.000 0.000 0.000 0.000
HIS+1A0082_049 0.000 0.000 0.000 0.000 0.000 0.000 0.000 0.000 0.000 0.000 0.000 0.000 0.000 0.000 0.000
HIS+1A0082_050 0.000 0.000 0.000 0.000 0.000 0.000 0.000 0.000 0.000 0.000 0.000 0.000 0.000 0.000 0.000
HIS+1A0082_051 0.000 0.000 0.000 0.000 0.000 0.000 0.000 0.000 0.000 0.000 0.000 0.000 0.000 0.000 0.000
HIS+1A0082_052 0.004 0.004 0.004 0.004 0.004 0.004 0.004 0.003 0.000 0.000 0.000 0.000 0.000 0.000 0.000
HIS+1A0082_053 0.049 0.048 0.048 0.049 0.049 0.049 0.047 0.031 0.008 0.000 0.000 0.000 0.000 0.000 0.000
HIS+1A0082_054 0.000 0.000 0.000 0.000 0.000 0.000 0.000 0.000 0.000 0.000 0.000 0.000 0.000 0.000 0.000
HIS+1A0082_055 0.000 0.000 0.000 0.000 0.000 0.000 0.000 0.000 0.000 0.000 0.000 0.000 0.000 0.000 0.000
HIS+1A0082_056 0.037 0.037 0.037 0.037 0.037 0.038 0.034 0.024 0.006 0.000 0.000 0.000 0.000 0.000 0.000
HIS+1A0082_057 0.000 0.000 0.000 0.000 0.000 0.000 0.000 0.000 0.000 0.000 0.000 0.000 0.000 0.000 0.000
HIS+1A0082_058 0.079 0.080 0.080 0.079 0.080 0.080 0.075 0.051 0.012 0.002 0.000 0.000 0.000 0.000 0.000
HIS+1A0082_059 0.000 0.000 0.000 0.000 0.000 0.000 0.000 0.000 0.000 0.000 0.000 0.000 0.000 0.000 0.000
HIS+1A0082_060 0.000 0.000 0.000 0.000 0.000 0.000 0.000 0.000 0.000 0.000 0.000 0.000 0.000 0.000 0.000
