 ph              0.0   1.0   2.0   3.0   4.0   5.0   6.0   7.0   8.0   9.0  10.0  11.0  12.0  13.0  14.0
PHE01A0085_001 0.858 0.856 0.858 0.856 0.861 0.855 0.857 0.855 0.858 0.860 0.861 0.858 0.860 0.859 0.858
PHE01A0085_002 0.003 0.003 0.003 0.003 0.003 0.003 0.003 0.003 0.003 0.003 0.003 0.003 0.003 0.003 0.003
PHE01A0085_003 0.000 0.001 0.000 0.000 0.000 0.000 0.000 0.000 0.000 0.000 0.000 0.000 0.000 0.000 0.000
PHE01A0085_004 0.002 0.002 0.002 0.002 0.002 0.002 0.002 0.002 0.003 0.002 0.002 0.002 0.003 0.003 0.002
PHE01A0085_005 0.004 0.004 0.004 0.004 0.004 0.005 0.005 0.005 0.005 0.004 0.004 0.005 0.004 0.004 0.005
PHE01A0085_006 0.130 0.132 0.130 0.132 0.127 0.132 0.132 0.133 0.129 0.130 0.127 0.131 0.129 0.130 0.130
PHE01A0085_007 0.000 0.000 0.000 0.000 0.000 0.000 0.000 0.000 0.000 0.000 0.000 0.000 0.000 0.000 0.000
PHE01A0085_008 0.000 0.000 0.000 0.000 0.000 0.000 0.000 0.000 0.000 0.000 0.000 0.000 0.000 0.000 0.000
PHE01A0085_009 0.000 0.000 0.000 0.000 0.000 0.000 0.000 0.000 0.000 0.000 0.000 0.000 0.000 0.000 0.000
PHE01A0085_010 0.002 0.002 0.001 0.001 0.001 0.001 0.001 0.002 0.002 0.001 0.001 0.002 0.001 0.001 0.001
PHE01A0085_011 0.000 0.000 0.000 0.000 0.000 0.000 0.000 0.000 0.000 0.000 0.000 0.000 0.000 0.000 0.000
