 ph              0.0   1.0   2.0   3.0   4.0   5.0   6.0   7.0   8.0   9.0  10.0  11.0  12.0  13.0  14.0
GLN01A0094_001 0.041 0.041 0.041 0.041 0.041 0.041 0.041 0.042 0.041 0.041 0.041 0.041 0.041 0.041 0.040
GLN01A0094_002 0.017 0.016 0.017 0.017 0.016 0.017 0.017 0.017 0.017 0.017 0.016 0.017 0.016 0.017 0.017
GLN01A0094_003 0.004 0.004 0.004 0.004 0.004 0.004 0.004 0.004 0.004 0.004 0.004 0.004 0.004 0.004 0.004
GLN01A0094_004 0.008 0.008 0.008 0.008 0.008 0.008 0.008 0.008 0.008 0.008 0.008 0.008 0.008 0.008 0.008
GLN01A0094_005 0.234 0.234 0.235 0.236 0.235 0.231 0.232 0.232 0.234 0.233 0.232 0.232 0.234 0.233 0.236
GLN01A0094_006 0.019 0.019 0.020 0.019 0.019 0.019 0.020 0.019 0.019 0.020 0.019 0.019 0.019 0.019 0.019
GLN01A0094_007 0.044 0.044 0.044 0.043 0.044 0.044 0.044 0.044 0.044 0.044 0.044 0.044 0.044 0.044 0.044
GLN01A0094_008 0.066 0.066 0.066 0.066 0.066 0.067 0.067 0.067 0.066 0.066 0.067 0.067 0.066 0.066 0.067
GLN01A0094_009 0.047 0.047 0.048 0.048 0.047 0.047 0.048 0.047 0.048 0.047 0.047 0.047 0.047 0.048 0.047
GLN01A0094_010 0.259 0.260 0.257 0.258 0.261 0.261 0.259 0.257 0.258 0.259 0.259 0.259 0.259 0.258 0.256
GLN01A0094_011 0.050 0.050 0.049 0.050 0.049 0.050 0.049 0.050 0.050 0.050 0.050 0.049 0.049 0.050 0.050
GLN01A0094_012 0.005 0.005 0.005 0.005 0.005 0.005 0.005 0.005 0.005 0.005 0.005 0.005 0.005 0.005 0.005
GLN01A0094_013 0.037 0.037 0.037 0.037 0.037 0.037 0.037 0.037 0.037 0.037 0.037 0.037 0.037 0.038 0.037
GLN01A0094_014 0.024 0.024 0.024 0.024 0.024 0.024 0.024 0.025 0.024 0.024 0.024 0.024 0.024 0.024 0.024
GLN01A0094_015 0.046 0.046 0.045 0.046 0.046 0.045 0.046 0.046 0.046 0.046 0.046 0.046 0.046 0.046 0.046
GLN01A0094_016 0.022 0.022 0.022 0.022 0.022 0.023 0.023 0.023 0.022 0.022 0.022 0.022 0.022 0.022 0.022
GLN01A0094_017 0.031 0.031 0.032 0.031 0.031 0.031 0.032 0.031 0.031 0.032 0.031 0.031 0.031 0.031 0.031
GLN01A0094_018 0.047 0.046 0.046 0.046 0.046 0.047 0.046 0.047 0.047 0.047 0.047 0.047 0.047 0.047 0.046
