 ph              0.0   1.0   2.0   3.0   4.0   5.0   6.0   7.0   8.0   9.0  10.0  11.0  12.0  13.0  14.0
HIS01A0220_001 0.000 0.000 0.000 0.000 0.000 0.000 0.002 0.009 0.018 0.020 0.020 0.020 0.020 0.020 0.020
HIS01A0220_002 0.000 0.000 0.000 0.000 0.000 0.000 0.007 0.040 0.076 0.084 0.085 0.086 0.086 0.086 0.084
HIS01A0220_003 0.000 0.000 0.000 0.000 0.000 0.000 0.000 0.000 0.000 0.000 0.000 0.000 0.000 0.000 0.000
HIS01A0220_004 0.000 0.000 0.000 0.000 0.000 0.000 0.000 0.000 0.000 0.000 0.000 0.000 0.000 0.000 0.000
HIS01A0220_005 0.000 0.000 0.000 0.000 0.000 0.000 0.000 0.000 0.000 0.000 0.000 0.000 0.000 0.000 0.000
HIS01A0220_006 0.000 0.000 0.000 0.000 0.000 0.000 0.000 0.000 0.002 0.002 0.002 0.003 0.002 0.002 0.002
HIS01A0220_007 0.000 0.000 0.000 0.000 0.000 0.000 0.008 0.043 0.081 0.088 0.089 0.089 0.090 0.089 0.090
HIS01A0220_008 0.000 0.000 0.000 0.000 0.000 0.000 0.006 0.031 0.060 0.065 0.067 0.067 0.066 0.067 0.066
HIS01A0220_009 0.000 0.000 0.000 0.000 0.000 0.000 0.000 0.000 0.000 0.000 0.000 0.000 0.000 0.000 0.000
HIS01A0220_010 0.000 0.000 0.000 0.000 0.000 0.000 0.000 0.000 0.000 0.000 0.000 0.000 0.000 0.000 0.000
HIS01A0220_011 0.000 0.000 0.000 0.000 0.000 0.000 0.000 0.000 0.000 0.000 0.000 0.000 0.000 0.000 0.000
HIS01A0220_012 0.000 0.000 0.000 0.000 0.000 0.000 0.000 0.000 0.000 0.000 0.000 0.000 0.000 0.000 0.000
HIS01A0220_013 0.000 0.000 0.000 0.000 0.000 0.000 0.000 0.000 0.000 0.000 0.000 0.000 0.000 0.000 0.000
HIS01A0220_014 0.000 0.000 0.000 0.000 0.000 0.000 0.000 0.000 0.000 0.000 0.000 0.000 0.000 0.000 0.000
HIS01A0220_015 0.000 0.000 0.000 0.000 0.000 0.000 0.000 0.000 0.001 0.001 0.001 0.001 0.000 0.001 0.001
HIS01A0220_016 0.000 0.000 0.000 0.000 0.000 0.000 0.000 0.000 0.000 0.000 0.000 0.000 0.000 0.000 0.001
HIS01A0220_017 0.000 0.000 0.000 0.000 0.000 0.000 0.009 0.053 0.099 0.108 0.111 0.111 0.110 0.110 0.110
HIS01A0220_018 0.000 0.000 0.000 0.000 0.000 0.000 0.001 0.006 0.012 0.014 0.014 0.014 0.014 0.014 0.014
HIS01A0220_019 0.000 0.000 0.000 0.000 0.000 0.000 0.000 0.000 0.000 0.000 0.000 0.000 0.000 0.000 0.000
HIS02A0220_020 0.000 0.000 0.000 0.000 0.000 0.000 0.005 0.026 0.047 0.053 0.054 0.053 0.053 0.054 0.053
HIS02A0220_021 0.000 0.000 0.000 0.000 0.000 0.000 0.009 0.049 0.092 0.101 0.103 0.103 0.103 0.103 0.104
HIS02A0220_022 0.000 0.000 0.000 0.000 0.000 0.000 0.000 0.000 0.001 0.001 0.001 0.000 0.001 0.001 0.001
HIS02A0220_023 0.000 0.000 0.000 0.000 0.000 0.000 0.000 0.000 0.000 0.000 0.000 0.000 0.000 0.000 0.000
HIS02A0220_024 0.000 0.000 0.000 0.000 0.000 0.000 0.010 0.055 0.103 0.113 0.115 0.116 0.115 0.115 0.116
HIS02A0220_025 0.000 0.000 0.000 0.000 0.000 0.005 0.011 0.061 0.114 0.125 0.127 0.127 0.127 0.127 0.128
HIS02A0220_026 0.000 0.000 0.000 0.000 0.000 0.008 0.016 0.090 0.169 0.190 0.190 0.190 0.191 0.189 0.190
HIS02A0220_027 0.000 0.000 0.000 0.000 0.000 0.000 0.000 0.000 0.000 0.000 0.000 0.000 0.000 0.000 0.000
HIS02A0220_028 0.000 0.000 0.000 0.000 0.000 0.000 0.000 0.000 0.000 0.000 0.000 0.000 0.000 0.000 0.000
HIS02A0220_029 0.000 0.000 0.000 0.000 0.000 0.000 0.000 0.000 0.000 0.000 0.000 0.000 0.000 0.000 0.000
HIS02A0220_030 0.000 0.000 0.000 0.000 0.000 0.000 0.001 0.008 0.016 0.017 0.017 0.017 0.017 0.017 0.018
HIS02A0220_031 0.000 0.000 0.000 0.000 0.000 0.000 0.000 0.000 0.000 0.000 0.000 0.000 0.000 0.000 0.000
HIS02A0220_032 0.000 0.000 0.000 0.000 0.000 0.000 0.000 0.000 0.000 0.000 0.000 0.000 0.000 0.000 0.000
HIS02A0220_033 0.000 0.000 0.000 0.000 0.000 0.000 0.000 0.000 0.000 0.000 0.000 0.000 0.000 0.000 0.000
HIS02A0220_034 0.000 0.000 0.000 0.000 0.000 0.000 0.000 0.000 0.000 0.000 0.000 0.000 0.000 0.000 0.000
HIS02A0220_035 0.000 0.000 0.000 0.000 0.000 0.000 0.000 0.001 0.003 0.003 0.003 0.003 0.003 0.003 0.003
HIS02A0220_036 0.000 0.000 0.000 0.000 0.000 0.000 0.000 0.000 0.000 0.000 0.000 0.000 0.000 0.000 0.000
HIS02A0220_037 0.000 0.000 0.000 0.000 0.000 0.000 0.000 0.000 0.000 0.001 0.001 0.001 0.001 0.001 0.000
HIS02A0220_038 0.000 0.000 0.000 0.000 0.000 0.000 0.000 0.000 0.000 0.000 0.000 0.000 0.000 0.000 0.000
HIS+1A0220_039 0.114 0.113 0.113 0.111 0.114 0.110 0.105 0.060 0.012 0.001 0.000 0.000 0.000 0.000 0.000
HIS+1A0220_040 0.000 0.000 0.000 0.000 0.000 0.000 0.000 0.000 0.000 0.000 0.000 0.000 0.000 0.000 0.000
HIS+1A0220_041 0.000 0.000 0.000 0.000 0.000 0.000 0.000 0.000 0.000 0.000 0.000 0.000 0.000 0.000 0.000
HIS+1A0220_042 0.000 0.000 0.000 0.000 0.000 0.000 0.000 0.000 0.000 0.000 0.000 0.000 0.000 0.000 0.000
HIS+1A0220_043 0.170 0.172 0.170 0.172 0.172 0.170 0.157 0.090 0.018 0.002 0.000 0.000 0.000 0.000 0.000
HIS+1A0220_044 0.179 0.180 0.180 0.179 0.179 0.176 0.165 0.094 0.019 0.002 0.000 0.000 0.000 0.000 0.000
HIS+1A0220_045 0.309 0.307 0.309 0.309 0.307 0.305 0.281 0.162 0.033 0.004 0.000 0.000 0.000 0.000 0.000
HIS+1A0220_046 0.000 0.000 0.000 0.000 0.000 0.000 0.000 0.000 0.000 0.000 0.000 0.000 0.000 0.000 0.000
HIS+1A0220_047 0.000 0.000 0.000 0.000 0.000 0.000 0.000 0.000 0.000 0.000 0.000 0.000 0.000 0.000 0.000
HIS+1A0220_048 0.000 0.000 0.000 0.000 0.000 0.000 0.000 0.000 0.000 0.000 0.000 0.000 0.000 0.000 0.000
HIS+1A0220_049 0.044 0.044 0.044 0.044 0.044 0.044 0.041 0.024 0.005 0.000 0.000 0.000 0.000 0.000 0.000
HIS+1A0220_050 0.000 0.000 0.000 0.000 0.000 0.000 0.000 0.000 0.000 0.000 0.000 0.000 0.000 0.000 0.000
HIS+1A0220_051 0.002 0.002 0.002 0.002 0.002 0.002 0.002 0.000 0.000 0.000 0.000 0.000 0.000 0.000 0.000
HIS+1A0220_052 0.000 0.000 0.000 0.000 0.000 0.000 0.000 0.000 0.000 0.000 0.000 0.000 0.000 0.000 0.000
HIS+1A0220_053 0.171 0.172 0.171 0.172 0.172 0.169 0.156 0.091 0.018 0.002 0.000 0.000 0.000 0.000 0.000
HIS+1A0220_054 0.009 0.009 0.009 0.008 0.008 0.008 0.008 0.005 0.000 0.000 0.000 0.000 0.000 0.000 0.000
HIS+1A0220_055 0.002 0.002 0.002 0.002 0.002 0.002 0.002 0.000 0.000 0.000 0.000 0.000 0.000 0.000 0.000
HIS+1A0220_056 0.000 0.000 0.000 0.000 0.000 0.000 0.000 0.000 0.000 0.000 0.000 0.000 0.000 0.000 0.000
HIS+1A0220_057 0.000 0.000 0.000 0.000 0.000 0.000 0.000 0.000 0.000 0.000 0.000 0.000 0.000 0.000 0.000
