 ph              0.0   1.0   2.0   3.0   4.0   5.0   6.0   7.0   8.0   9.0  10.0  11.0  12.0  13.0  14.0
ASP01A0276_001 0.000 0.000 0.000 0.000 0.000 0.000 0.000 0.000 0.000 0.000 0.000 0.000 0.000 0.000 0.000
ASP01A0276_002 0.003 0.003 0.003 0.003 0.000 0.000 0.000 0.000 0.000 0.000 0.000 0.000 0.000 0.000 0.000
ASP01A0276_003 0.002 0.002 0.002 0.002 0.000 0.000 0.000 0.000 0.000 0.000 0.000 0.000 0.000 0.000 0.000
ASP01A0276_004 0.105 0.104 0.102 0.085 0.033 0.006 0.000 0.000 0.000 0.000 0.000 0.000 0.000 0.000 0.000
ASP01A0276_005 0.123 0.122 0.119 0.100 0.039 0.007 0.000 0.000 0.000 0.000 0.000 0.000 0.000 0.000 0.000
ASP01A0276_006 0.005 0.005 0.005 0.004 0.002 0.000 0.000 0.000 0.000 0.000 0.000 0.000 0.000 0.000 0.000
ASP01A0276_007 0.004 0.005 0.004 0.004 0.001 0.000 0.000 0.000 0.000 0.000 0.000 0.000 0.000 0.000 0.000
ASP01A0276_008 0.005 0.005 0.005 0.004 0.002 0.000 0.000 0.000 0.000 0.000 0.000 0.000 0.000 0.000 0.000
ASP01A0276_009 0.104 0.103 0.101 0.084 0.033 0.006 0.000 0.000 0.000 0.000 0.000 0.000 0.000 0.000 0.000
ASP01A0276_010 0.118 0.118 0.116 0.097 0.038 0.007 0.000 0.000 0.000 0.000 0.000 0.000 0.000 0.000 0.000
ASP02A0276_011 0.000 0.000 0.000 0.000 0.000 0.000 0.000 0.000 0.000 0.000 0.000 0.000 0.000 0.000 0.000
ASP02A0276_012 0.009 0.009 0.009 0.007 0.003 0.000 0.000 0.000 0.000 0.000 0.000 0.000 0.000 0.000 0.000
ASP02A0276_013 0.003 0.003 0.002 0.002 0.000 0.000 0.000 0.000 0.000 0.000 0.000 0.000 0.000 0.000 0.000
ASP02A0276_014 0.127 0.127 0.124 0.103 0.041 0.007 0.000 0.000 0.000 0.000 0.000 0.000 0.000 0.000 0.000
ASP02A0276_015 0.196 0.197 0.196 0.163 0.063 0.011 0.000 0.000 0.000 0.000 0.000 0.000 0.000 0.000 0.000
ASP02A0276_016 0.020 0.020 0.020 0.016 0.006 0.000 0.000 0.000 0.000 0.000 0.000 0.000 0.000 0.000 0.000
ASP02A0276_017 0.010 0.010 0.009 0.008 0.003 0.000 0.000 0.000 0.000 0.000 0.000 0.000 0.000 0.000 0.000
ASP02A0276_018 0.000 0.000 0.000 0.000 0.000 0.000 0.000 0.000 0.000 0.000 0.000 0.000 0.000 0.000 0.000
ASP02A0276_019 0.138 0.136 0.134 0.112 0.044 0.008 0.000 0.000 0.000 0.000 0.000 0.000 0.000 0.000 0.000
ASP02A0276_020 0.028 0.028 0.027 0.023 0.009 0.000 0.000 0.000 0.000 0.000 0.000 0.000 0.000 0.000 0.000
ASP-1A0276_021 0.000 0.000 0.000 0.000 0.002 0.003 0.003 0.003 0.003 0.003 0.003 0.003 0.003 0.003 0.003
ASP-1A0276_022 0.000 0.000 0.006 0.050 0.184 0.256 0.267 0.269 0.270 0.266 0.271 0.271 0.269 0.267 0.269
ASP-1A0276_023 0.000 0.000 0.004 0.033 0.123 0.171 0.179 0.180 0.179 0.179 0.179 0.180 0.178 0.181 0.181
ASP-1A0276_024 0.000 0.000 0.000 0.002 0.008 0.010 0.011 0.011 0.011 0.012 0.012 0.011 0.012 0.011 0.011
ASP-1A0276_025 0.000 0.003 0.012 0.098 0.366 0.507 0.539 0.536 0.537 0.540 0.535 0.535 0.539 0.539 0.536
