 ph              0.0   1.0   2.0   3.0   4.0   5.0   6.0   7.0   8.0   9.0  10.0  11.0  12.0  13.0  14.0
ASN01A0097_001 0.082 0.082 0.082 0.082 0.083 0.082 0.083 0.082 0.082 0.082 0.082 0.082 0.082 0.082 0.082
ASN01A0097_002 0.423 0.422 0.422 0.423 0.420 0.427 0.423 0.423 0.421 0.424 0.421 0.421 0.423 0.424 0.422
ASN01A0097_003 0.005 0.005 0.005 0.005 0.005 0.005 0.005 0.005 0.005 0.005 0.005 0.005 0.005 0.005 0.005
ASN01A0097_004 0.108 0.110 0.109 0.110 0.109 0.109 0.109 0.109 0.110 0.109 0.110 0.109 0.110 0.110 0.109
ASN01A0097_005 0.114 0.113 0.114 0.113 0.114 0.112 0.113 0.114 0.113 0.113 0.113 0.113 0.113 0.112 0.113
ASN01A0097_006 0.135 0.135 0.135 0.135 0.135 0.135 0.134 0.135 0.135 0.134 0.135 0.135 0.135 0.135 0.135
ASN01A0097_007 0.060 0.060 0.059 0.059 0.059 0.059 0.059 0.059 0.059 0.059 0.059 0.059 0.059 0.059 0.059
ASN01A0097_008 0.070 0.070 0.070 0.070 0.070 0.069 0.070 0.070 0.070 0.070 0.070 0.070 0.069 0.069 0.070
ASN01A0097_009 0.004 0.004 0.004 0.004 0.004 0.004 0.004 0.004 0.004 0.004 0.004 0.004 0.004 0.004 0.004
