 ph              0.0   1.0   2.0   3.0   4.0   5.0   6.0   7.0   8.0   9.0  10.0  11.0  12.0  13.0  14.0
ASN01A0164_001 0.031 0.031 0.031 0.031 0.031 0.030 0.031 0.031 0.031 0.031 0.031 0.031 0.031 0.031 0.031
ASN01A0164_002 0.247 0.248 0.247 0.247 0.248 0.247 0.248 0.248 0.246 0.249 0.247 0.249 0.246 0.249 0.248
ASN01A0164_003 0.026 0.025 0.026 0.025 0.026 0.026 0.026 0.026 0.025 0.026 0.025 0.026 0.026 0.026 0.026
ASN01A0164_004 0.026 0.027 0.026 0.026 0.027 0.027 0.027 0.027 0.026 0.026 0.026 0.027 0.027 0.027 0.026
ASN01A0164_005 0.013 0.013 0.013 0.013 0.012 0.013 0.013 0.013 0.013 0.013 0.012 0.013 0.013 0.013 0.013
ASN01A0164_006 0.019 0.019 0.019 0.018 0.019 0.018 0.019 0.019 0.019 0.018 0.018 0.019 0.018 0.019 0.019
ASN01A0164_007 0.117 0.117 0.118 0.118 0.117 0.117 0.118 0.117 0.117 0.117 0.117 0.116 0.117 0.116 0.117
ASN01A0164_008 0.006 0.006 0.006 0.006 0.006 0.006 0.006 0.006 0.006 0.006 0.006 0.006 0.006 0.006 0.006
ASN01A0164_009 0.012 0.011 0.011 0.011 0.011 0.011 0.012 0.012 0.011 0.011 0.011 0.012 0.011 0.012 0.011
ASN01A0164_010 0.355 0.353 0.355 0.355 0.354 0.357 0.354 0.353 0.356 0.355 0.357 0.354 0.357 0.353 0.353
ASN01A0164_011 0.149 0.150 0.148 0.149 0.149 0.148 0.148 0.149 0.149 0.148 0.149 0.148 0.149 0.149 0.150
