 ph              0.0   1.0   2.0   3.0   4.0   5.0   6.0   7.0   8.0   9.0  10.0  11.0  12.0  13.0  14.0
ASP01A0102_001 0.029 0.029 0.028 0.023 0.009 0.001 0.000 0.000 0.000 0.000 0.000 0.000 0.000 0.000 0.000
ASP01A0102_002 0.004 0.004 0.004 0.003 0.000 0.000 0.000 0.000 0.000 0.000 0.000 0.000 0.000 0.000 0.000
ASP01A0102_003 0.000 0.000 0.000 0.000 0.000 0.000 0.000 0.000 0.000 0.000 0.000 0.000 0.000 0.000 0.000
ASP01A0102_004 0.449 0.449 0.439 0.360 0.136 0.024 0.004 0.000 0.000 0.000 0.000 0.000 0.000 0.000 0.000
ASP01A0102_005 0.002 0.002 0.002 0.002 0.000 0.000 0.000 0.000 0.000 0.000 0.000 0.000 0.000 0.000 0.000
ASP01A0102_006 0.033 0.033 0.032 0.026 0.010 0.002 0.000 0.000 0.000 0.000 0.000 0.000 0.000 0.000 0.000
ASP01A0102_007 0.018 0.018 0.018 0.014 0.005 0.000 0.000 0.000 0.000 0.000 0.000 0.000 0.000 0.000 0.000
ASP02A0102_008 0.042 0.043 0.041 0.034 0.013 0.002 0.000 0.000 0.000 0.000 0.000 0.000 0.000 0.000 0.000
ASP02A0102_009 0.008 0.008 0.008 0.006 0.002 0.000 0.000 0.000 0.000 0.000 0.000 0.000 0.000 0.000 0.000
ASP02A0102_010 0.016 0.016 0.016 0.013 0.005 0.000 0.000 0.000 0.000 0.000 0.000 0.000 0.000 0.000 0.000
ASP02A0102_011 0.001 0.002 0.001 0.000 0.000 0.000 0.000 0.000 0.000 0.000 0.000 0.000 0.000 0.000 0.000
ASP02A0102_012 0.345 0.342 0.336 0.279 0.103 0.018 0.003 0.000 0.000 0.000 0.000 0.000 0.000 0.000 0.000
ASP02A0102_013 0.003 0.003 0.003 0.002 0.000 0.000 0.000 0.000 0.000 0.000 0.000 0.000 0.000 0.000 0.000
ASP02A0102_014 0.032 0.031 0.030 0.025 0.009 0.002 0.000 0.000 0.000 0.000 0.000 0.000 0.000 0.000 0.000
ASP02A0102_015 0.016 0.016 0.016 0.013 0.005 0.000 0.000 0.000 0.000 0.000 0.000 0.000 0.000 0.000 0.000
ASP-1A0102_016 0.000 0.003 0.024 0.183 0.647 0.876 0.915 0.921 0.925 0.925 0.923 0.923 0.922 0.926 0.921
ASP-1A0102_017 0.000 0.000 0.002 0.012 0.042 0.057 0.059 0.060 0.058 0.056 0.058 0.058 0.059 0.057 0.060
ASP-1A0102_018 0.000 0.000 0.000 0.004 0.013 0.018 0.019 0.019 0.017 0.020 0.019 0.019 0.019 0.018 0.018
