 ph              0.0   1.0   2.0   3.0   4.0   5.0   6.0   7.0   8.0   9.0  10.0  11.0  12.0  13.0  14.0
HIS01A0134_001 0.000 0.000 0.000 0.000 0.000 0.000 0.002 0.013 0.036 0.044 0.044 0.045 0.045 0.045 0.044
HIS01A0134_002 0.000 0.000 0.000 0.000 0.000 0.000 0.000 0.007 0.020 0.024 0.025 0.026 0.025 0.025 0.025
HIS01A0134_003 0.000 0.000 0.000 0.000 0.000 0.000 0.002 0.011 0.030 0.037 0.037 0.037 0.038 0.038 0.038
HIS01A0134_004 0.000 0.000 0.000 0.000 0.000 0.000 0.000 0.000 0.000 0.000 0.000 0.000 0.000 0.000 0.000
HIS01A0134_005 0.000 0.000 0.000 0.000 0.000 0.000 0.004 0.025 0.069 0.083 0.084 0.085 0.086 0.086 0.085
HIS01A0134_006 0.000 0.000 0.000 0.000 0.000 0.000 0.000 0.000 0.000 0.000 0.000 0.000 0.000 0.000 0.000
HIS01A0134_007 0.000 0.000 0.000 0.000 0.000 0.000 0.000 0.000 0.000 0.000 0.000 0.000 0.000 0.000 0.000
HIS01A0134_008 0.000 0.000 0.000 0.000 0.000 0.000 0.000 0.000 0.000 0.000 0.000 0.000 0.000 0.000 0.000
HIS01A0134_009 0.000 0.000 0.000 0.000 0.000 0.000 0.000 0.000 0.000 0.000 0.000 0.000 0.000 0.000 0.000
HIS01A0134_010 0.000 0.000 0.000 0.000 0.000 0.000 0.000 0.000 0.000 0.000 0.000 0.000 0.000 0.000 0.000
HIS01A0134_011 0.000 0.000 0.000 0.000 0.000 0.000 0.002 0.012 0.033 0.040 0.041 0.042 0.041 0.041 0.042
HIS01A0134_012 0.000 0.000 0.000 0.000 0.000 0.000 0.000 0.000 0.000 0.000 0.000 0.000 0.000 0.000 0.000
HIS01A0134_013 0.000 0.000 0.000 0.000 0.000 0.000 0.000 0.000 0.000 0.000 0.000 0.000 0.000 0.000 0.000
HIS01A0134_014 0.000 0.000 0.000 0.000 0.000 0.000 0.000 0.000 0.000 0.000 0.000 0.000 0.000 0.000 0.000
HIS01A0134_015 0.000 0.000 0.000 0.000 0.000 0.000 0.000 0.000 0.000 0.000 0.000 0.000 0.000 0.000 0.000
HIS01A0134_016 0.000 0.000 0.000 0.000 0.000 0.000 0.000 0.000 0.000 0.000 0.000 0.000 0.000 0.000 0.000
HIS01A0134_017 0.000 0.000 0.000 0.000 0.000 0.000 0.005 0.033 0.089 0.109 0.111 0.111 0.111 0.111 0.112
HIS01A0134_018 0.000 0.000 0.000 0.000 0.000 0.000 0.000 0.000 0.000 0.000 0.000 0.000 0.000 0.000 0.000
HIS01A0134_019 0.000 0.000 0.000 0.000 0.000 0.000 0.002 0.013 0.036 0.044 0.046 0.045 0.045 0.045 0.046
HIS02A0134_020 0.000 0.000 0.000 0.000 0.000 0.000 0.003 0.021 0.057 0.069 0.070 0.070 0.071 0.071 0.071
HIS02A0134_021 0.000 0.000 0.000 0.000 0.000 0.000 0.008 0.052 0.143 0.170 0.180 0.177 0.177 0.178 0.176
HIS02A0134_022 0.000 0.000 0.000 0.000 0.000 0.000 0.000 0.000 0.000 0.000 0.000 0.000 0.000 0.000 0.000
HIS02A0134_023 0.000 0.000 0.000 0.000 0.000 0.000 0.000 0.000 0.000 0.000 0.000 0.000 0.000 0.000 0.000
HIS02A0134_024 0.000 0.000 0.000 0.000 0.000 0.000 0.000 0.000 0.000 0.000 0.000 0.000 0.000 0.000 0.000
HIS02A0134_025 0.000 0.000 0.000 0.000 0.000 0.000 0.000 0.000 0.000 0.000 0.000 0.000 0.000 0.000 0.000
HIS02A0134_026 0.000 0.000 0.000 0.000 0.000 0.000 0.000 0.000 0.000 0.000 0.000 0.000 0.000 0.000 0.000
HIS02A0134_027 0.000 0.000 0.000 0.000 0.000 0.000 0.006 0.042 0.117 0.141 0.146 0.145 0.145 0.145 0.143
HIS02A0134_028 0.000 0.000 0.000 0.000 0.000 0.000 0.004 0.024 0.064 0.079 0.079 0.081 0.079 0.080 0.081
HIS02A0134_029 0.000 0.000 0.000 0.000 0.000 0.000 0.000 0.000 0.000 0.000 0.000 0.000 0.000 0.000 0.000
HIS02A0134_030 0.000 0.000 0.000 0.000 0.000 0.000 0.000 0.000 0.001 0.001 0.001 0.002 0.001 0.001 0.001
HIS02A0134_031 0.000 0.000 0.000 0.000 0.000 0.000 0.001 0.009 0.023 0.028 0.029 0.029 0.029 0.029 0.030
HIS02A0134_032 0.000 0.000 0.000 0.000 0.000 0.000 0.001 0.008 0.021 0.026 0.026 0.026 0.026 0.026 0.026
HIS02A0134_033 0.000 0.000 0.000 0.000 0.000 0.000 0.000 0.000 0.000 0.000 0.000 0.000 0.000 0.000 0.000
HIS02A0134_034 0.000 0.000 0.000 0.000 0.000 0.000 0.000 0.000 0.000 0.000 0.000 0.000 0.000 0.000 0.000
HIS02A0134_035 0.000 0.000 0.000 0.000 0.000 0.000 0.000 0.000 0.000 0.000 0.000 0.000 0.000 0.000 0.000
HIS02A0134_036 0.000 0.000 0.000 0.000 0.000 0.000 0.000 0.000 0.000 0.000 0.000 0.000 0.000 0.000 0.000
HIS02A0134_037 0.000 0.000 0.000 0.000 0.000 0.000 0.004 0.024 0.065 0.079 0.079 0.080 0.080 0.079 0.079
HIS02A0134_038 0.000 0.000 0.000 0.000 0.000 0.000 0.000 0.000 0.000 0.000 0.000 0.000 0.000 0.000 0.000
HIS+1A0134_039 0.102 0.102 0.103 0.102 0.101 0.103 0.098 0.072 0.020 0.003 0.000 0.000 0.000 0.000 0.000
HIS+1A0134_040 0.397 0.401 0.403 0.400 0.400 0.399 0.381 0.282 0.079 0.010 0.000 0.000 0.000 0.000 0.000
HIS+1A0134_041 0.000 0.000 0.000 0.000 0.000 0.000 0.000 0.000 0.000 0.000 0.000 0.000 0.000 0.000 0.000
HIS+1A0134_042 0.043 0.043 0.043 0.044 0.043 0.044 0.042 0.031 0.008 0.001 0.000 0.000 0.000 0.000 0.000
HIS+1A0134_043 0.026 0.025 0.026 0.026 0.025 0.026 0.024 0.018 0.005 0.000 0.000 0.000 0.000 0.000 0.000
HIS+1A0134_044 0.000 0.000 0.000 0.000 0.000 0.000 0.000 0.000 0.000 0.000 0.000 0.000 0.000 0.000 0.000
HIS+1A0134_045 0.235 0.233 0.229 0.234 0.234 0.231 0.226 0.165 0.045 0.006 0.000 0.000 0.000 0.000 0.000
HIS+1A0134_046 0.000 0.000 0.000 0.000 0.000 0.000 0.000 0.000 0.000 0.000 0.000 0.000 0.000 0.000 0.000
HIS+1A0134_047 0.130 0.129 0.129 0.130 0.129 0.129 0.124 0.092 0.025 0.003 0.000 0.000 0.000 0.000 0.000
HIS+1A0134_048 0.065 0.065 0.066 0.065 0.066 0.065 0.062 0.046 0.013 0.002 0.000 0.000 0.000 0.000 0.000
HIS+1A0134_049 0.001 0.001 0.001 0.001 0.001 0.001 0.000 0.000 0.000 0.000 0.000 0.000 0.000 0.000 0.000
HIS+1A0134_050 0.000 0.000 0.000 0.000 0.000 0.000 0.000 0.000 0.000 0.000 0.000 0.000 0.000 0.000 0.000
HIS+1A0134_051 0.000 0.000 0.000 0.000 0.000 0.000 0.000 0.000 0.000 0.000 0.000 0.000 0.000 0.000 0.000
HIS+1A0134_052 0.000 0.000 0.000 0.000 0.000 0.000 0.000 0.000 0.000 0.000 0.000 0.000 0.000 0.000 0.000
HIS+1A0134_053 0.000 0.000 0.000 0.000 0.000 0.000 0.000 0.000 0.000 0.000 0.000 0.000 0.000 0.000 0.000
HIS+1A0134_054 0.000 0.000 0.000 0.000 0.000 0.000 0.000 0.000 0.000 0.000 0.000 0.000 0.000 0.000 0.000
HIS+1A0134_055 0.000 0.000 0.000 0.000 0.000 0.000 0.000 0.000 0.000 0.000 0.000 0.000 0.000 0.000 0.000
HIS+1A0134_056 0.000 0.000 0.000 0.000 0.000 0.000 0.000 0.000 0.000 0.000 0.000 0.000 0.000 0.000 0.000
HIS+1A0134_057 0.000 0.000 0.000 0.000 0.000 0.000 0.000 0.000 0.000 0.000 0.000 0.000 0.000 0.000 0.000
