 ph              0.0   1.0   2.0   3.0   4.0   5.0   6.0   7.0   8.0   9.0  10.0  11.0  12.0  13.0  14.0
ASP01A0022_001 0.000 0.000 0.000 0.000 0.000 0.000 0.000 0.000 0.000 0.000 0.000 0.000 0.000 0.000 0.000
ASP01A0022_002 0.003 0.003 0.003 0.002 0.000 0.000 0.000 0.000 0.000 0.000 0.000 0.000 0.000 0.000 0.000
ASP01A0022_003 0.000 0.000 0.000 0.000 0.000 0.000 0.000 0.000 0.000 0.000 0.000 0.000 0.000 0.000 0.000
ASP01A0022_004 0.502 0.495 0.474 0.343 0.095 0.016 0.005 0.000 0.000 0.000 0.000 0.000 0.000 0.000 0.000
ASP01A0022_005 0.010 0.010 0.009 0.007 0.002 0.000 0.000 0.000 0.000 0.000 0.000 0.000 0.000 0.000 0.000
ASP01A0022_006 0.000 0.000 0.000 0.000 0.000 0.000 0.000 0.000 0.000 0.000 0.000 0.000 0.000 0.000 0.000
ASP01A0022_007 0.038 0.038 0.037 0.027 0.007 0.001 0.000 0.000 0.000 0.000 0.000 0.000 0.000 0.000 0.000
ASP01A0022_008 0.130 0.130 0.124 0.092 0.025 0.004 0.000 0.000 0.000 0.000 0.000 0.000 0.000 0.000 0.000
ASP01A0022_009 0.008 0.008 0.008 0.006 0.002 0.000 0.000 0.000 0.000 0.000 0.000 0.000 0.000 0.000 0.000
ASP01A0022_010 0.046 0.046 0.044 0.032 0.009 0.001 0.000 0.000 0.000 0.000 0.000 0.000 0.000 0.000 0.000
ASP02A0022_011 0.000 0.000 0.000 0.000 0.000 0.000 0.000 0.000 0.000 0.000 0.000 0.000 0.000 0.000 0.000
ASP02A0022_012 0.002 0.002 0.002 0.001 0.000 0.000 0.000 0.000 0.000 0.000 0.000 0.000 0.000 0.000 0.000
ASP02A0022_013 0.088 0.088 0.085 0.062 0.017 0.003 0.000 0.000 0.000 0.000 0.000 0.000 0.000 0.000 0.000
ASP02A0022_014 0.063 0.064 0.061 0.044 0.012 0.002 0.000 0.000 0.000 0.000 0.000 0.000 0.000 0.000 0.000
ASP02A0022_015 0.033 0.034 0.032 0.023 0.007 0.001 0.000 0.000 0.000 0.000 0.000 0.000 0.000 0.000 0.000
ASP02A0022_016 0.001 0.001 0.001 0.000 0.000 0.000 0.000 0.000 0.000 0.000 0.000 0.000 0.000 0.000 0.000
ASP02A0022_017 0.004 0.004 0.003 0.003 0.000 0.000 0.000 0.000 0.000 0.000 0.000 0.000 0.000 0.000 0.000
ASP02A0022_018 0.028 0.029 0.028 0.020 0.005 0.000 0.000 0.000 0.000 0.000 0.000 0.000 0.000 0.000 0.000
ASP02A0022_019 0.000 0.000 0.001 0.000 0.000 0.000 0.000 0.000 0.000 0.000 0.000 0.000 0.000 0.000 0.000
ASP02A0022_020 0.019 0.019 0.018 0.013 0.004 0.000 0.000 0.000 0.000 0.000 0.000 0.000 0.000 0.000 0.000
ASP02A0022_021 0.024 0.024 0.023 0.017 0.005 0.000 0.000 0.000 0.000 0.000 0.000 0.000 0.000 0.000 0.000
ASP-1A0022_022 0.000 0.000 0.000 0.000 0.002 0.002 0.002 0.003 0.002 0.002 0.002 0.002 0.002 0.003 0.002
ASP-1A0022_023 0.000 0.005 0.045 0.292 0.765 0.917 0.941 0.941 0.945 0.945 0.942 0.946 0.945 0.945 0.946
ASP-1A0022_024 0.000 0.000 0.002 0.012 0.031 0.038 0.036 0.040 0.037 0.037 0.039 0.036 0.037 0.036 0.036
ASP-1A0022_025 0.000 0.000 0.000 0.005 0.013 0.015 0.016 0.016 0.016 0.016 0.017 0.016 0.016 0.016 0.015
