 ph              0.0   1.0   2.0   3.0   4.0   5.0   6.0   7.0   8.0   9.0  10.0  11.0  12.0  13.0  14.0
HIS01A0184_001 0.000 0.000 0.000 0.000 0.000 0.000 0.001 0.008 0.019 0.022 0.023 0.023 0.023 0.023 0.023
HIS01A0184_002 0.000 0.000 0.000 0.000 0.000 0.000 0.000 0.002 0.003 0.004 0.004 0.004 0.004 0.004 0.004
HIS01A0184_003 0.000 0.000 0.000 0.000 0.000 0.000 0.000 0.000 0.000 0.000 0.000 0.000 0.000 0.000 0.000
HIS01A0184_004 0.000 0.000 0.000 0.000 0.000 0.000 0.003 0.016 0.038 0.044 0.045 0.044 0.045 0.045 0.045
HIS01A0184_005 0.000 0.000 0.000 0.000 0.000 0.000 0.003 0.021 0.049 0.056 0.058 0.057 0.057 0.058 0.057
HIS01A0184_006 0.000 0.000 0.000 0.000 0.000 0.000 0.006 0.037 0.085 0.097 0.101 0.100 0.101 0.099 0.101
HIS01A0184_007 0.000 0.000 0.000 0.000 0.000 0.000 0.000 0.000 0.000 0.000 0.000 0.000 0.000 0.000 0.000
HIS01A0184_008 0.000 0.000 0.000 0.000 0.000 0.000 0.000 0.000 0.000 0.000 0.000 0.000 0.000 0.000 0.000
HIS01A0184_009 0.000 0.000 0.000 0.000 0.000 0.000 0.004 0.024 0.055 0.064 0.066 0.065 0.066 0.066 0.066
HIS01A0184_010 0.000 0.000 0.000 0.000 0.000 0.000 0.000 0.000 0.000 0.000 0.000 0.000 0.000 0.000 0.000
HIS01A0184_011 0.000 0.000 0.000 0.000 0.000 0.000 0.000 0.000 0.000 0.000 0.000 0.000 0.000 0.000 0.000
HIS01A0184_012 0.000 0.000 0.000 0.000 0.000 0.000 0.000 0.001 0.002 0.003 0.003 0.003 0.003 0.003 0.003
HIS01A0184_013 0.000 0.000 0.000 0.000 0.000 0.000 0.006 0.036 0.085 0.098 0.100 0.100 0.100 0.099 0.101
HIS01A0184_014 0.000 0.000 0.000 0.000 0.000 0.000 0.000 0.000 0.002 0.002 0.002 0.002 0.002 0.002 0.002
HIS01A0184_015 0.000 0.000 0.000 0.000 0.000 0.000 0.000 0.004 0.010 0.011 0.012 0.012 0.012 0.011 0.012
HIS01A0184_016 0.000 0.000 0.000 0.000 0.000 0.000 0.000 0.000 0.000 0.000 0.000 0.000 0.000 0.000 0.000
HIS01A0184_017 0.000 0.000 0.000 0.000 0.000 0.000 0.000 0.000 0.000 0.000 0.000 0.000 0.000 0.000 0.000
HIS01A0184_018 0.000 0.000 0.000 0.000 0.000 0.000 0.000 0.000 0.000 0.000 0.000 0.000 0.000 0.000 0.000
HIS02A0184_019 0.000 0.000 0.000 0.000 0.000 0.000 0.001 0.008 0.020 0.023 0.023 0.024 0.023 0.024 0.023
HIS02A0184_020 0.000 0.000 0.000 0.000 0.000 0.000 0.000 0.000 0.000 0.000 0.000 0.000 0.000 0.000 0.000
HIS02A0184_021 0.000 0.000 0.000 0.000 0.000 0.000 0.000 0.000 0.000 0.000 0.000 0.000 0.000 0.000 0.000
HIS02A0184_022 0.000 0.000 0.000 0.000 0.000 0.000 0.005 0.032 0.074 0.086 0.087 0.087 0.087 0.087 0.087
HIS02A0184_023 0.000 0.000 0.000 0.000 0.000 0.000 0.004 0.024 0.057 0.066 0.067 0.067 0.067 0.067 0.066
HIS02A0184_024 0.000 0.000 0.000 0.000 0.000 0.000 0.005 0.029 0.066 0.077 0.078 0.079 0.078 0.079 0.078
HIS02A0184_025 0.000 0.000 0.000 0.000 0.000 0.000 0.000 0.000 0.000 0.000 0.000 0.000 0.000 0.000 0.000
HIS02A0184_026 0.000 0.000 0.000 0.000 0.000 0.000 0.000 0.003 0.007 0.009 0.009 0.009 0.009 0.009 0.009
HIS02A0184_027 0.000 0.000 0.000 0.000 0.000 0.000 0.000 0.001 0.002 0.003 0.003 0.003 0.003 0.003 0.003
HIS02A0184_028 0.000 0.000 0.000 0.000 0.000 0.000 0.000 0.002 0.004 0.005 0.005 0.005 0.005 0.005 0.005
HIS02A0184_029 0.000 0.000 0.000 0.000 0.000 0.000 0.007 0.041 0.097 0.110 0.112 0.114 0.113 0.111 0.113
HIS02A0184_030 0.000 0.000 0.000 0.000 0.000 0.000 0.000 0.000 0.000 0.000 0.000 0.000 0.000 0.000 0.000
HIS02A0184_031 0.000 0.000 0.000 0.000 0.000 0.000 0.000 0.000 0.000 0.000 0.000 0.000 0.000 0.000 0.000
HIS02A0184_032 0.000 0.000 0.000 0.000 0.000 0.000 0.000 0.002 0.005 0.006 0.006 0.006 0.006 0.006 0.006
HIS02A0184_033 0.000 0.000 0.000 0.000 0.000 0.000 0.000 0.000 0.000 0.000 0.000 0.000 0.000 0.000 0.000
HIS02A0184_034 0.000 0.000 0.000 0.000 0.000 0.012 0.012 0.071 0.163 0.191 0.195 0.195 0.195 0.197 0.195
HIS02A0184_035 0.000 0.000 0.000 0.000 0.000 0.000 0.000 0.000 0.001 0.002 0.002 0.001 0.002 0.002 0.001
HIS02A0184_036 0.000 0.000 0.000 0.000 0.000 0.000 0.000 0.000 0.000 0.000 0.000 0.000 0.000 0.000 0.000
HIS02A0184_037 0.000 0.000 0.000 0.000 0.000 0.000 0.000 0.000 0.000 0.000 0.000 0.000 0.000 0.000 0.000
HIS02A0184_038 0.000 0.000 0.000 0.000 0.000 0.000 0.000 0.000 0.000 0.000 0.000 0.000 0.000 0.000 0.000
HIS+1A0184_039 0.051 0.051 0.050 0.051 0.052 0.051 0.047 0.033 0.008 0.000 0.000 0.000 0.000 0.000 0.000
HIS+1A0184_040 0.000 0.000 0.000 0.000 0.000 0.000 0.000 0.000 0.000 0.000 0.000 0.000 0.000 0.000 0.000
HIS+1A0184_041 0.144 0.144 0.144 0.144 0.143 0.142 0.135 0.092 0.023 0.003 0.000 0.000 0.000 0.000 0.000
HIS+1A0184_042 0.115 0.116 0.114 0.113 0.115 0.113 0.108 0.073 0.018 0.003 0.000 0.000 0.000 0.000 0.000
HIS+1A0184_043 0.172 0.173 0.174 0.173 0.172 0.169 0.161 0.110 0.027 0.004 0.000 0.000 0.000 0.000 0.000
HIS+1A0184_044 0.003 0.004 0.004 0.004 0.004 0.004 0.003 0.002 0.000 0.000 0.000 0.000 0.000 0.000 0.000
HIS+1A0184_045 0.008 0.008 0.008 0.008 0.008 0.008 0.008 0.005 0.001 0.000 0.000 0.000 0.000 0.000 0.000
HIS+1A0184_046 0.283 0.283 0.281 0.280 0.283 0.278 0.267 0.179 0.044 0.007 0.000 0.000 0.000 0.000 0.000
HIS+1A0184_047 0.000 0.000 0.000 0.000 0.000 0.000 0.000 0.000 0.000 0.000 0.000 0.000 0.000 0.000 0.000
HIS+1A0184_048 0.015 0.016 0.016 0.016 0.015 0.015 0.014 0.010 0.002 0.000 0.000 0.000 0.000 0.000 0.000
HIS+1A0184_049 0.195 0.191 0.194 0.196 0.194 0.193 0.183 0.124 0.030 0.004 0.000 0.000 0.000 0.000 0.000
HIS+1A0184_050 0.000 0.000 0.000 0.000 0.000 0.000 0.000 0.000 0.000 0.000 0.000 0.000 0.000 0.000 0.000
HIS+1A0184_051 0.000 0.000 0.000 0.000 0.000 0.000 0.000 0.000 0.000 0.000 0.000 0.000 0.000 0.000 0.000
HIS+1A0184_052 0.011 0.011 0.011 0.011 0.011 0.011 0.010 0.007 0.002 0.000 0.000 0.000 0.000 0.000 0.000
HIS+1A0184_053 0.000 0.000 0.001 0.001 0.000 0.000 0.000 0.000 0.000 0.000 0.000 0.000 0.000 0.000 0.000
HIS+1A0184_054 0.000 0.000 0.001 0.000 0.001 0.001 0.000 0.000 0.000 0.000 0.000 0.000 0.000 0.000 0.000
HIS+1A0184_055 0.003 0.003 0.003 0.003 0.003 0.003 0.003 0.002 0.000 0.000 0.000 0.000 0.000 0.000 0.000
HIS+1A0184_056 0.000 0.000 0.000 0.000 0.000 0.000 0.000 0.000 0.000 0.000 0.000 0.000 0.000 0.000 0.000
HIS+1A0184_057 0.000 0.000 0.000 0.000 0.000 0.000 0.000 0.000 0.000 0.000 0.000 0.000 0.000 0.000 0.000
