 ph              0.0   1.0   2.0   3.0   4.0   5.0   6.0   7.0   8.0   9.0  10.0  11.0  12.0  13.0  14.0
GLU01A0005_001 0.007 0.007 0.007 0.007 0.005 0.002 0.000 0.000 0.000 0.000 0.000 0.000 0.000 0.000 0.000
GLU01A0005_002 0.007 0.007 0.007 0.007 0.005 0.002 0.000 0.000 0.000 0.000 0.000 0.000 0.000 0.000 0.000
GLU01A0005_003 0.094 0.093 0.092 0.090 0.073 0.025 0.004 0.000 0.000 0.000 0.000 0.000 0.000 0.000 0.000
GLU01A0005_004 0.143 0.143 0.142 0.139 0.111 0.039 0.006 0.000 0.000 0.000 0.000 0.000 0.000 0.000 0.000
GLU01A0005_005 0.000 0.000 0.000 0.000 0.000 0.000 0.000 0.000 0.000 0.000 0.000 0.000 0.000 0.000 0.000
GLU01A0005_006 0.002 0.002 0.002 0.002 0.001 0.000 0.000 0.000 0.000 0.000 0.000 0.000 0.000 0.000 0.000
GLU01A0005_007 0.019 0.019 0.019 0.018 0.014 0.005 0.000 0.000 0.000 0.000 0.000 0.000 0.000 0.000 0.000
GLU01A0005_008 0.002 0.002 0.002 0.002 0.002 0.000 0.000 0.000 0.000 0.000 0.000 0.000 0.000 0.000 0.000
GLU01A0005_009 0.003 0.003 0.003 0.003 0.002 0.000 0.000 0.000 0.000 0.000 0.000 0.000 0.000 0.000 0.000
GLU01A0005_010 0.010 0.010 0.010 0.010 0.008 0.003 0.000 0.000 0.000 0.000 0.000 0.000 0.000 0.000 0.000
GLU01A0005_011 0.003 0.003 0.003 0.003 0.002 0.000 0.000 0.000 0.000 0.000 0.000 0.000 0.000 0.000 0.000
GLU01A0005_012 0.031 0.031 0.031 0.030 0.024 0.008 0.001 0.000 0.000 0.000 0.000 0.000 0.000 0.000 0.000
GLU01A0005_013 0.000 0.000 0.000 0.000 0.000 0.000 0.000 0.000 0.000 0.000 0.000 0.000 0.000 0.000 0.000
GLU01A0005_014 0.049 0.049 0.049 0.048 0.039 0.013 0.002 0.000 0.000 0.000 0.000 0.000 0.000 0.000 0.000
GLU01A0005_015 0.081 0.082 0.080 0.080 0.063 0.021 0.004 0.000 0.000 0.000 0.000 0.000 0.000 0.000 0.000
GLU01A0005_016 0.052 0.052 0.052 0.051 0.040 0.014 0.002 0.000 0.000 0.000 0.000 0.000 0.000 0.000 0.000
GLU02A0005_017 0.003 0.003 0.003 0.003 0.003 0.000 0.000 0.000 0.000 0.000 0.000 0.000 0.000 0.000 0.000
GLU02A0005_018 0.005 0.004 0.004 0.004 0.004 0.001 0.000 0.000 0.000 0.000 0.000 0.000 0.000 0.000 0.000
GLU02A0005_019 0.000 0.000 0.000 0.000 0.000 0.000 0.000 0.000 0.000 0.000 0.000 0.000 0.000 0.000 0.000
GLU02A0005_020 0.002 0.002 0.002 0.002 0.001 0.000 0.000 0.000 0.000 0.000 0.000 0.000 0.000 0.000 0.000
GLU02A0005_021 0.062 0.062 0.062 0.059 0.048 0.016 0.003 0.000 0.000 0.000 0.000 0.000 0.000 0.000 0.000
GLU02A0005_022 0.049 0.050 0.050 0.049 0.038 0.014 0.002 0.000 0.000 0.000 0.000 0.000 0.000 0.000 0.000
GLU02A0005_023 0.000 0.000 0.000 0.000 0.000 0.000 0.000 0.000 0.000 0.000 0.000 0.000 0.000 0.000 0.000
GLU02A0005_024 0.001 0.000 0.001 0.001 0.000 0.000 0.000 0.000 0.000 0.000 0.000 0.000 0.000 0.000 0.000
GLU02A0005_025 0.008 0.008 0.008 0.007 0.006 0.002 0.000 0.000 0.000 0.000 0.000 0.000 0.000 0.000 0.000
GLU02A0005_026 0.010 0.010 0.010 0.010 0.008 0.003 0.000 0.000 0.000 0.000 0.000 0.000 0.000 0.000 0.000
GLU02A0005_027 0.077 0.077 0.077 0.075 0.059 0.021 0.003 0.000 0.000 0.000 0.000 0.000 0.000 0.000 0.000
GLU02A0005_028 0.031 0.031 0.031 0.031 0.024 0.008 0.001 0.000 0.000 0.000 0.000 0.000 0.000 0.000 0.000
GLU02A0005_029 0.000 0.000 0.000 0.000 0.000 0.000 0.000 0.000 0.000 0.000 0.000 0.000 0.000 0.000 0.000
GLU02A0005_030 0.219 0.218 0.218 0.211 0.169 0.059 0.009 0.000 0.000 0.000 0.000 0.000 0.000 0.000 0.000
GLU02A0005_031 0.031 0.031 0.031 0.030 0.024 0.008 0.001 0.000 0.000 0.000 0.000 0.000 0.000 0.000 0.000
GLU-1A0005_032 0.000 0.000 0.000 0.006 0.048 0.156 0.202 0.212 0.211 0.214 0.212 0.212 0.211 0.213 0.212
GLU-1A0005_033 0.000 0.000 0.000 0.000 0.000 0.001 0.002 0.002 0.002 0.002 0.002 0.002 0.002 0.002 0.002
GLU-1A0005_034 0.000 0.000 0.000 0.003 0.023 0.074 0.097 0.101 0.101 0.100 0.101 0.101 0.101 0.101 0.100
GLU-1A0005_035 0.000 0.000 0.004 0.009 0.067 0.218 0.283 0.296 0.297 0.295 0.295 0.294 0.297 0.295 0.293
GLU-1A0005_036 0.000 0.000 0.000 0.005 0.042 0.137 0.181 0.186 0.186 0.186 0.186 0.187 0.185 0.186 0.189
GLU-1A0005_037 0.000 0.000 0.000 0.004 0.030 0.094 0.124 0.129 0.129 0.130 0.130 0.130 0.131 0.130 0.130
GLU-1A0005_038 0.000 0.000 0.000 0.002 0.017 0.055 0.071 0.074 0.074 0.073 0.074 0.074 0.074 0.074 0.074
