 ph              0.0   1.0   2.0   3.0   4.0   5.0   6.0   7.0   8.0   9.0  10.0  11.0  12.0  13.0  14.0
MET01A0079_001 0.578 0.578 0.578 0.576 0.579 0.576 0.578 0.575 0.577 0.577 0.577 0.579 0.579 0.581 0.579
MET01A0079_002 0.227 0.226 0.226 0.226 0.225 0.227 0.226 0.227 0.225 0.226 0.225 0.225 0.225 0.223 0.227
MET01A0079_003 0.006 0.006 0.006 0.006 0.006 0.006 0.006 0.006 0.006 0.006 0.006 0.006 0.006 0.006 0.006
MET01A0079_004 0.029 0.029 0.029 0.029 0.028 0.029 0.029 0.029 0.029 0.029 0.029 0.029 0.029 0.029 0.029
MET01A0079_005 0.030 0.031 0.031 0.031 0.031 0.031 0.031 0.030 0.031 0.031 0.031 0.031 0.031 0.031 0.031
MET01A0079_006 0.087 0.087 0.087 0.089 0.087 0.087 0.087 0.088 0.087 0.088 0.088 0.087 0.087 0.087 0.086
MET01A0079_007 0.000 0.000 0.000 0.000 0.000 0.000 0.000 0.000 0.000 0.000 0.000 0.000 0.000 0.000 0.000
MET01A0079_008 0.000 0.000 0.000 0.000 0.000 0.000 0.000 0.000 0.000 0.000 0.000 0.000 0.000 0.000 0.000
MET01A0079_009 0.000 0.000 0.000 0.000 0.000 0.000 0.000 0.000 0.000 0.000 0.000 0.000 0.000 0.000 0.000
MET01A0079_010 0.019 0.019 0.019 0.019 0.019 0.019 0.019 0.020 0.019 0.019 0.019 0.019 0.019 0.019 0.019
MET01A0079_011 0.009 0.009 0.009 0.009 0.009 0.009 0.009 0.009 0.009 0.009 0.009 0.009 0.009 0.009 0.009
MET01A0079_012 0.000 0.000 0.000 0.000 0.000 0.000 0.000 0.000 0.000 0.000 0.000 0.000 0.000 0.000 0.000
MET01A0079_013 0.002 0.002 0.002 0.002 0.002 0.002 0.002 0.002 0.002 0.002 0.002 0.002 0.002 0.002 0.002
MET01A0079_014 0.003 0.003 0.003 0.003 0.003 0.003 0.003 0.003 0.003 0.003 0.003 0.003 0.003 0.003 0.003
MET01A0079_015 0.000 0.000 0.000 0.000 0.000 0.000 0.000 0.000 0.000 0.000 0.000 0.000 0.000 0.000 0.000
MET01A0079_016 0.000 0.000 0.000 0.000 0.000 0.000 0.000 0.000 0.000 0.000 0.000 0.000 0.000 0.000 0.000
MET01A0079_017 0.007 0.007 0.007 0.007 0.007 0.007 0.007 0.007 0.007 0.007 0.007 0.007 0.007 0.007 0.007
MET01A0079_018 0.000 0.000 0.000 0.000 0.000 0.000 0.000 0.000 0.000 0.000 0.000 0.000 0.000 0.000 0.000
MET01A0079_019 0.004 0.004 0.004 0.004 0.004 0.004 0.004 0.004 0.004 0.004 0.004 0.004 0.004 0.004 0.004
MET01A0079_020 0.000 0.000 0.000 0.000 0.000 0.000 0.000 0.000 0.000 0.000 0.000 0.000 0.000 0.000 0.000
