 ph              0.0   1.0   2.0   3.0   4.0   5.0   6.0   7.0   8.0   9.0  10.0  11.0  12.0  13.0  14.0
PHE01A0028_001 0.188 0.188 0.187 0.185 0.187 0.188 0.188 0.187 0.187 0.188 0.186 0.187 0.186 0.185 0.187
PHE01A0028_002 0.280 0.280 0.279 0.281 0.281 0.279 0.280 0.279 0.280 0.279 0.283 0.280 0.281 0.281 0.281
PHE01A0028_003 0.000 0.000 0.000 0.000 0.000 0.000 0.000 0.000 0.000 0.000 0.000 0.000 0.000 0.000 0.000
PHE01A0028_004 0.057 0.056 0.056 0.058 0.056 0.057 0.057 0.057 0.056 0.056 0.056 0.056 0.057 0.056 0.057
PHE01A0028_005 0.000 0.000 0.000 0.000 0.000 0.000 0.000 0.000 0.000 0.000 0.000 0.000 0.000 0.000 0.000
PHE01A0028_006 0.199 0.199 0.200 0.199 0.199 0.199 0.199 0.201 0.200 0.199 0.199 0.200 0.199 0.200 0.200
PHE01A0028_007 0.011 0.011 0.011 0.011 0.011 0.011 0.011 0.011 0.010 0.011 0.011 0.011 0.011 0.011 0.011
PHE01A0028_008 0.107 0.108 0.109 0.108 0.106 0.109 0.108 0.108 0.108 0.109 0.108 0.108 0.108 0.108 0.108
PHE01A0028_009 0.000 0.000 0.000 0.000 0.000 0.000 0.000 0.000 0.000 0.000 0.000 0.000 0.000 0.000 0.000
PHE01A0028_010 0.000 0.000 0.000 0.000 0.000 0.000 0.000 0.000 0.000 0.000 0.000 0.000 0.000 0.000 0.000
PHE01A0028_011 0.000 0.000 0.000 0.000 0.000 0.000 0.000 0.000 0.000 0.000 0.000 0.000 0.000 0.000 0.000
PHE01A0028_012 0.000 0.000 0.000 0.000 0.000 0.000 0.000 0.000 0.000 0.000 0.000 0.000 0.000 0.000 0.000
PHE01A0028_013 0.014 0.014 0.014 0.015 0.015 0.014 0.015 0.015 0.014 0.014 0.014 0.015 0.015 0.014 0.014
PHE01A0028_014 0.138 0.138 0.138 0.138 0.139 0.138 0.138 0.137 0.138 0.137 0.138 0.138 0.138 0.138 0.137
PHE01A0028_015 0.002 0.002 0.002 0.002 0.002 0.002 0.002 0.002 0.002 0.002 0.002 0.002 0.002 0.002 0.002
PHE01A0028_016 0.000 0.000 0.000 0.000 0.000 0.000 0.000 0.000 0.000 0.000 0.000 0.000 0.000 0.000 0.000
PHE01A0028_017 0.000 0.000 0.000 0.000 0.000 0.000 0.000 0.000 0.000 0.000 0.000 0.000 0.000 0.000 0.000
PHE01A0028_018 0.000 0.000 0.000 0.000 0.000 0.000 0.000 0.000 0.000 0.000 0.000 0.000 0.000 0.000 0.000
PHE01A0028_019 0.000 0.000 0.000 0.000 0.000 0.000 0.000 0.000 0.000 0.000 0.000 0.000 0.000 0.000 0.000
PHE01A0028_020 0.004 0.004 0.004 0.004 0.004 0.004 0.004 0.004 0.004 0.004 0.004 0.004 0.004 0.004 0.004
