 ph              0.0   1.0   2.0   3.0   4.0   5.0   6.0   7.0   8.0   9.0  10.0  11.0  12.0  13.0  14.0
GLN01A0187_001 0.068 0.068 0.068 0.068 0.068 0.068 0.068 0.068 0.068 0.068 0.069 0.068 0.068 0.068 0.067
GLN01A0187_002 0.198 0.198 0.198 0.198 0.198 0.200 0.199 0.199 0.198 0.198 0.198 0.198 0.199 0.196 0.199
GLN01A0187_003 0.076 0.077 0.076 0.076 0.076 0.075 0.075 0.077 0.076 0.076 0.076 0.076 0.077 0.076 0.075
GLN01A0187_004 0.000 0.000 0.000 0.000 0.000 0.000 0.000 0.000 0.000 0.000 0.000 0.000 0.000 0.000 0.000
GLN01A0187_005 0.025 0.025 0.025 0.025 0.025 0.025 0.025 0.025 0.025 0.025 0.025 0.025 0.025 0.025 0.025
GLN01A0187_006 0.084 0.083 0.084 0.084 0.084 0.084 0.083 0.083 0.084 0.083 0.084 0.084 0.084 0.085 0.083
GLN01A0187_007 0.000 0.000 0.000 0.000 0.000 0.000 0.000 0.000 0.000 0.000 0.000 0.000 0.000 0.000 0.000
GLN01A0187_008 0.191 0.191 0.191 0.191 0.191 0.191 0.191 0.190 0.190 0.191 0.190 0.191 0.190 0.190 0.193
GLN01A0187_009 0.000 0.000 0.000 0.000 0.000 0.000 0.000 0.000 0.000 0.000 0.000 0.000 0.000 0.000 0.000
GLN01A0187_010 0.000 0.000 0.000 0.000 0.000 0.000 0.000 0.000 0.000 0.000 0.000 0.000 0.000 0.000 0.000
GLN01A0187_011 0.000 0.000 0.000 0.000 0.000 0.000 0.000 0.000 0.000 0.000 0.000 0.000 0.000 0.000 0.000
GLN01A0187_012 0.070 0.070 0.070 0.070 0.071 0.070 0.070 0.071 0.071 0.070 0.070 0.070 0.071 0.072 0.071
GLN01A0187_013 0.022 0.022 0.022 0.022 0.022 0.022 0.022 0.022 0.022 0.022 0.022 0.022 0.022 0.022 0.022
GLN01A0187_014 0.080 0.079 0.079 0.079 0.078 0.079 0.079 0.080 0.079 0.080 0.079 0.079 0.079 0.080 0.079
GLN01A0187_015 0.000 0.000 0.000 0.000 0.000 0.000 0.000 0.000 0.000 0.000 0.000 0.000 0.000 0.000 0.000
GLN01A0187_016 0.183 0.181 0.183 0.183 0.182 0.181 0.183 0.181 0.183 0.182 0.182 0.182 0.182 0.182 0.182
GLN01A0187_017 0.004 0.004 0.004 0.004 0.004 0.004 0.004 0.004 0.004 0.004 0.004 0.004 0.004 0.004 0.004
