 ph              0.0   1.0   2.0   3.0   4.0   5.0   6.0   7.0   8.0   9.0  10.0  11.0  12.0  13.0  14.0
LEU01A0224_001 0.546 0.543 0.546 0.547 0.544 0.544 0.544 0.546 0.546 0.545 0.545 0.548 0.548 0.547 0.545
LEU01A0224_002 0.000 0.000 0.000 0.000 0.000 0.000 0.000 0.000 0.000 0.000 0.000 0.000 0.000 0.000 0.000
LEU01A0224_003 0.042 0.043 0.042 0.042 0.042 0.043 0.043 0.042 0.042 0.041 0.042 0.042 0.042 0.041 0.042
LEU01A0224_004 0.000 0.000 0.000 0.000 0.000 0.000 0.000 0.000 0.000 0.000 0.000 0.000 0.000 0.000 0.000
LEU01A0224_005 0.000 0.000 0.000 0.000 0.000 0.000 0.000 0.000 0.000 0.000 0.000 0.000 0.000 0.000 0.000
LEU01A0224_006 0.000 0.000 0.000 0.000 0.000 0.000 0.000 0.000 0.000 0.000 0.000 0.000 0.000 0.000 0.000
LEU01A0224_007 0.144 0.144 0.143 0.143 0.144 0.143 0.145 0.143 0.143 0.144 0.143 0.143 0.143 0.143 0.144
LEU01A0224_008 0.268 0.270 0.268 0.268 0.270 0.270 0.269 0.269 0.268 0.269 0.270 0.267 0.267 0.269 0.268
LEU01A0224_009 0.000 0.000 0.000 0.000 0.000 0.000 0.000 0.000 0.000 0.000 0.000 0.000 0.000 0.000 0.000
