 ph              0.0   1.0   2.0   3.0   4.0   5.0   6.0   7.0   8.0   9.0  10.0  11.0  12.0  13.0  14.0
PHE01A0130_001 0.264 0.264 0.265 0.266 0.267 0.266 0.267 0.265 0.268 0.266 0.265 0.264 0.267 0.267 0.267
PHE01A0130_002 0.106 0.106 0.107 0.106 0.107 0.107 0.105 0.108 0.106 0.105 0.107 0.108 0.107 0.106 0.107
PHE01A0130_003 0.052 0.051 0.051 0.051 0.051 0.051 0.051 0.051 0.051 0.051 0.051 0.051 0.051 0.050 0.051
PHE01A0130_004 0.008 0.008 0.008 0.008 0.008 0.008 0.008 0.008 0.008 0.008 0.008 0.008 0.008 0.008 0.008
PHE01A0130_005 0.000 0.000 0.000 0.000 0.000 0.000 0.000 0.000 0.000 0.000 0.000 0.000 0.000 0.000 0.000
PHE01A0130_006 0.473 0.475 0.474 0.472 0.472 0.472 0.473 0.472 0.470 0.474 0.472 0.471 0.471 0.473 0.471
PHE01A0130_007 0.000 0.000 0.000 0.000 0.000 0.000 0.000 0.000 0.000 0.000 0.000 0.000 0.000 0.000 0.000
PHE01A0130_008 0.039 0.039 0.039 0.038 0.039 0.039 0.039 0.039 0.039 0.039 0.040 0.039 0.039 0.039 0.039
PHE01A0130_009 0.005 0.005 0.005 0.005 0.005 0.005 0.005 0.005 0.005 0.005 0.005 0.006 0.005 0.005 0.005
PHE01A0130_010 0.048 0.047 0.047 0.048 0.047 0.047 0.047 0.048 0.048 0.047 0.048 0.049 0.047 0.048 0.047
PHE01A0130_011 0.000 0.000 0.000 0.000 0.000 0.000 0.000 0.000 0.000 0.000 0.000 0.000 0.000 0.000 0.000
PHE01A0130_012 0.000 0.000 0.000 0.000 0.000 0.000 0.000 0.000 0.000 0.000 0.000 0.000 0.000 0.000 0.000
PHE01A0130_013 0.005 0.004 0.005 0.004 0.004 0.004 0.004 0.005 0.005 0.005 0.005 0.005 0.005 0.004 0.004
PHE01A0130_014 0.000 0.000 0.000 0.000 0.000 0.000 0.000 0.000 0.000 0.000 0.000 0.000 0.000 0.000 0.000
PHE01A0130_015 0.000 0.000 0.000 0.000 0.000 0.000 0.000 0.000 0.000 0.000 0.000 0.000 0.000 0.000 0.000
PHE01A0130_016 0.000 0.000 0.000 0.000 0.000 0.000 0.000 0.000 0.000 0.000 0.000 0.000 0.000 0.000 0.000
PHE01A0130_017 0.000 0.000 0.000 0.000 0.000 0.000 0.000 0.000 0.000 0.000 0.000 0.000 0.000 0.000 0.000
PHE01A0130_018 0.000 0.000 0.000 0.000 0.000 0.000 0.000 0.000 0.000 0.000 0.000 0.000 0.000 0.000 0.000
PHE01A0130_019 0.000 0.000 0.000 0.000 0.000 0.000 0.000 0.000 0.000 0.000 0.000 0.000 0.000 0.000 0.000
PHE01A0130_020 0.000 0.000 0.000 0.000 0.000 0.000 0.000 0.000 0.000 0.000 0.000 0.000 0.000 0.000 0.000
