 ph              0.0   1.0   2.0   3.0   4.0   5.0   6.0   7.0   8.0   9.0  10.0  11.0  12.0  13.0  14.0
LEU01A0019_001 0.268 0.268 0.267 0.265 0.268 0.269 0.268 0.269 0.268 0.267 0.267 0.268 0.269 0.266 0.267
LEU01A0019_002 0.011 0.011 0.012 0.012 0.012 0.011 0.012 0.012 0.012 0.012 0.012 0.012 0.012 0.012 0.012
LEU01A0019_003 0.020 0.020 0.021 0.021 0.020 0.021 0.020 0.020 0.020 0.020 0.020 0.020 0.020 0.020 0.020
LEU01A0019_004 0.000 0.000 0.000 0.000 0.000 0.000 0.000 0.000 0.000 0.000 0.000 0.000 0.000 0.000 0.000
LEU01A0019_005 0.003 0.003 0.003 0.003 0.003 0.003 0.003 0.003 0.003 0.003 0.003 0.003 0.003 0.003 0.003
LEU01A0019_006 0.002 0.002 0.002 0.002 0.002 0.002 0.002 0.002 0.002 0.002 0.002 0.002 0.002 0.002 0.002
LEU01A0019_007 0.136 0.134 0.136 0.135 0.136 0.134 0.137 0.137 0.136 0.134 0.134 0.136 0.135 0.134 0.136
LEU01A0019_008 0.503 0.506 0.503 0.505 0.503 0.504 0.502 0.500 0.503 0.506 0.505 0.503 0.504 0.506 0.504
LEU01A0019_009 0.005 0.005 0.005 0.005 0.005 0.005 0.005 0.005 0.005 0.005 0.005 0.005 0.005 0.005 0.005
LEU01A0019_010 0.049 0.048 0.048 0.049 0.048 0.048 0.048 0.049 0.048 0.049 0.049 0.048 0.048 0.048 0.049
LEU01A0019_011 0.004 0.003 0.004 0.004 0.003 0.003 0.003 0.004 0.003 0.003 0.003 0.004 0.003 0.003 0.003
LEU01A0019_012 0.000 0.000 0.000 0.000 0.000 0.000 0.000 0.000 0.000 0.000 0.000 0.000 0.000 0.000 0.000
