 ph              0.0   1.0   2.0   3.0   4.0   5.0   6.0   7.0   8.0   9.0  10.0  11.0  12.0  13.0  14.0
LEU01A0007_001 0.006 0.005 0.005 0.005 0.005 0.005 0.005 0.005 0.005 0.005 0.005 0.005 0.005 0.005 0.005
LEU01A0007_002 0.047 0.048 0.048 0.048 0.048 0.048 0.048 0.048 0.048 0.048 0.048 0.048 0.048 0.047 0.048
LEU01A0007_003 0.006 0.006 0.006 0.006 0.006 0.006 0.006 0.006 0.006 0.006 0.006 0.006 0.006 0.006 0.006
LEU01A0007_004 0.048 0.048 0.048 0.048 0.048 0.048 0.048 0.048 0.048 0.048 0.047 0.048 0.048 0.048 0.048
LEU01A0007_005 0.003 0.003 0.003 0.003 0.003 0.002 0.003 0.003 0.003 0.003 0.003 0.003 0.003 0.003 0.003
LEU01A0007_006 0.073 0.073 0.074 0.073 0.074 0.074 0.074 0.074 0.074 0.074 0.074 0.073 0.073 0.074 0.074
LEU01A0007_007 0.000 0.000 0.000 0.000 0.000 0.000 0.000 0.000 0.000 0.000 0.000 0.000 0.000 0.000 0.000
LEU01A0007_008 0.100 0.100 0.100 0.100 0.100 0.100 0.100 0.102 0.100 0.100 0.101 0.100 0.099 0.099 0.099
LEU01A0007_009 0.149 0.149 0.147 0.148 0.150 0.148 0.147 0.148 0.148 0.149 0.148 0.148 0.149 0.148 0.150
LEU01A0007_010 0.107 0.108 0.107 0.108 0.106 0.108 0.108 0.107 0.108 0.107 0.107 0.108 0.107 0.107 0.108
LEU01A0007_011 0.304 0.304 0.305 0.303 0.302 0.305 0.303 0.303 0.303 0.302 0.303 0.304 0.304 0.305 0.302
LEU01A0007_012 0.036 0.036 0.036 0.036 0.037 0.036 0.037 0.036 0.036 0.036 0.036 0.036 0.036 0.036 0.036
LEU01A0007_013 0.000 0.000 0.000 0.000 0.000 0.000 0.000 0.000 0.000 0.000 0.000 0.000 0.000 0.000 0.000
LEU01A0007_014 0.054 0.053 0.054 0.054 0.054 0.054 0.054 0.054 0.054 0.054 0.054 0.054 0.054 0.054 0.054
LEU01A0007_015 0.000 0.000 0.000 0.000 0.000 0.000 0.000 0.000 0.000 0.000 0.000 0.000 0.000 0.000 0.000
LEU01A0007_016 0.001 0.001 0.001 0.001 0.001 0.001 0.001 0.001 0.001 0.001 0.001 0.001 0.001 0.001 0.001
LEU01A0007_017 0.003 0.003 0.003 0.003 0.003 0.003 0.003 0.003 0.003 0.003 0.003 0.003 0.003 0.003 0.003
LEU01A0007_018 0.000 0.000 0.000 0.000 0.000 0.000 0.000 0.000 0.000 0.000 0.000 0.000 0.000 0.000 0.000
LEU01A0007_019 0.002 0.002 0.002 0.002 0.002 0.002 0.002 0.002 0.002 0.002 0.002 0.002 0.002 0.002 0.002
LEU01A0007_020 0.061 0.061 0.061 0.062 0.061 0.061 0.061 0.061 0.061 0.061 0.061 0.061 0.061 0.061 0.061
LEU01A0007_021 0.000 0.000 0.000 0.000 0.000 0.000 0.000 0.000 0.000 0.000 0.000 0.000 0.000 0.000 0.000
