 ph              0.0   1.0   2.0   3.0   4.0   5.0   6.0   7.0   8.0   9.0  10.0  11.0  12.0  13.0  14.0
ASP01A0219_001 0.000 0.000 0.000 0.000 0.000 0.000 0.000 0.000 0.000 0.000 0.000 0.000 0.000 0.000 0.000
ASP01A0219_002 0.071 0.071 0.069 0.062 0.033 0.006 0.000 0.000 0.000 0.000 0.000 0.000 0.000 0.000 0.000
ASP01A0219_003 0.018 0.018 0.017 0.016 0.008 0.002 0.000 0.000 0.000 0.000 0.000 0.000 0.000 0.000 0.000
ASP01A0219_004 0.005 0.005 0.005 0.004 0.002 0.000 0.000 0.000 0.000 0.000 0.000 0.000 0.000 0.000 0.000
ASP01A0219_005 0.000 0.000 0.000 0.000 0.000 0.000 0.000 0.000 0.000 0.000 0.000 0.000 0.000 0.000 0.000
ASP01A0219_006 0.041 0.041 0.040 0.036 0.019 0.004 0.000 0.000 0.000 0.000 0.000 0.000 0.000 0.000 0.000
ASP01A0219_007 0.000 0.000 0.000 0.000 0.000 0.000 0.000 0.000 0.000 0.000 0.000 0.000 0.000 0.000 0.000
ASP01A0219_008 0.019 0.019 0.018 0.017 0.009 0.002 0.000 0.000 0.000 0.000 0.000 0.000 0.000 0.000 0.000
ASP01A0219_009 0.002 0.002 0.002 0.002 0.000 0.000 0.000 0.000 0.000 0.000 0.000 0.000 0.000 0.000 0.000
ASP01A0219_010 0.433 0.430 0.427 0.385 0.204 0.040 0.009 0.002 0.000 0.000 0.000 0.000 0.000 0.000 0.000
ASP02A0219_011 0.013 0.013 0.013 0.011 0.006 0.000 0.000 0.000 0.000 0.000 0.000 0.000 0.000 0.000 0.000
ASP02A0219_012 0.000 0.000 0.000 0.000 0.000 0.000 0.000 0.000 0.000 0.000 0.000 0.000 0.000 0.000 0.000
ASP02A0219_013 0.014 0.014 0.014 0.012 0.007 0.000 0.000 0.000 0.000 0.000 0.000 0.000 0.000 0.000 0.000
ASP02A0219_014 0.138 0.138 0.138 0.126 0.065 0.013 0.000 0.000 0.000 0.000 0.000 0.000 0.000 0.000 0.000
ASP02A0219_015 0.000 0.000 0.000 0.000 0.000 0.000 0.000 0.000 0.000 0.000 0.000 0.000 0.000 0.000 0.000
ASP02A0219_016 0.000 0.000 0.000 0.000 0.000 0.000 0.000 0.000 0.000 0.000 0.000 0.000 0.000 0.000 0.000
ASP02A0219_017 0.002 0.002 0.002 0.002 0.000 0.000 0.000 0.000 0.000 0.000 0.000 0.000 0.000 0.000 0.000
ASP02A0219_018 0.239 0.242 0.237 0.215 0.112 0.022 0.005 0.000 0.000 0.000 0.000 0.000 0.000 0.000 0.000
ASP02A0219_019 0.006 0.006 0.006 0.005 0.003 0.000 0.000 0.000 0.000 0.000 0.000 0.000 0.000 0.000 0.000
ASP-1A0219_020 0.000 0.000 0.007 0.062 0.311 0.535 0.576 0.585 0.583 0.580 0.589 0.589 0.584 0.584 0.585
ASP-1A0219_021 0.000 0.000 0.000 0.000 0.005 0.008 0.009 0.009 0.009 0.010 0.009 0.009 0.010 0.010 0.009
ASP-1A0219_022 0.000 0.000 0.005 0.042 0.208 0.356 0.386 0.390 0.394 0.395 0.388 0.388 0.392 0.392 0.391
ASP-1A0219_023 0.000 0.000 0.000 0.002 0.007 0.013 0.014 0.013 0.014 0.015 0.013 0.014 0.015 0.014 0.015
