 ph              0.0   1.0   2.0   3.0   4.0   5.0   6.0   7.0   8.0   9.0  10.0  11.0  12.0  13.0  14.0
HIS01A0234_001 0.000 0.000 0.000 0.000 0.000 0.000 0.009 0.040 0.071 0.077 0.079 0.077 0.079 0.078 0.079
HIS01A0234_002 0.000 0.000 0.000 0.000 0.000 0.002 0.011 0.050 0.089 0.097 0.098 0.099 0.099 0.098 0.099
HIS01A0234_003 0.000 0.000 0.000 0.000 0.000 0.000 0.000 0.005 0.010 0.010 0.010 0.010 0.010 0.010 0.010
HIS01A0234_004 0.000 0.000 0.000 0.000 0.000 0.002 0.012 0.059 0.104 0.114 0.115 0.115 0.114 0.114 0.113
HIS01A0234_005 0.000 0.000 0.000 0.000 0.000 0.000 0.000 0.000 0.000 0.000 0.000 0.000 0.000 0.000 0.000
HIS01A0234_006 0.000 0.000 0.000 0.000 0.000 0.000 0.003 0.016 0.028 0.032 0.032 0.031 0.032 0.032 0.031
HIS01A0234_007 0.000 0.000 0.000 0.000 0.000 0.000 0.000 0.000 0.000 0.000 0.000 0.000 0.000 0.000 0.000
HIS01A0234_008 0.000 0.000 0.000 0.000 0.000 0.000 0.000 0.000 0.000 0.000 0.000 0.000 0.000 0.000 0.000
HIS01A0234_009 0.000 0.000 0.000 0.000 0.000 0.000 0.000 0.000 0.000 0.000 0.000 0.000 0.000 0.000 0.000
HIS01A0234_010 0.000 0.000 0.000 0.000 0.000 0.000 0.000 0.000 0.000 0.000 0.000 0.000 0.000 0.000 0.000
HIS01A0234_011 0.000 0.000 0.000 0.000 0.000 0.000 0.000 0.005 0.008 0.009 0.009 0.009 0.009 0.009 0.009
HIS01A0234_012 0.000 0.000 0.000 0.000 0.000 0.000 0.000 0.000 0.000 0.000 0.000 0.000 0.000 0.000 0.000
HIS01A0234_013 0.000 0.000 0.000 0.000 0.000 0.000 0.000 0.000 0.000 0.000 0.000 0.000 0.000 0.000 0.000
HIS01A0234_014 0.000 0.000 0.000 0.000 0.000 0.000 0.000 0.002 0.003 0.003 0.003 0.003 0.003 0.003 0.003
HIS01A0234_015 0.000 0.000 0.000 0.000 0.000 0.000 0.000 0.000 0.000 0.000 0.000 0.000 0.000 0.000 0.000
HIS01A0234_016 0.000 0.000 0.000 0.000 0.000 0.000 0.000 0.000 0.000 0.000 0.000 0.000 0.000 0.000 0.000
HIS01A0234_017 0.000 0.000 0.000 0.000 0.000 0.000 0.000 0.000 0.000 0.000 0.000 0.000 0.000 0.000 0.000
HIS01A0234_018 0.000 0.000 0.000 0.000 0.000 0.000 0.000 0.000 0.000 0.000 0.000 0.000 0.000 0.000 0.000
HIS01A0234_019 0.000 0.000 0.000 0.000 0.000 0.000 0.001 0.006 0.011 0.012 0.011 0.012 0.012 0.012 0.012
HIS02A0234_020 0.000 0.000 0.000 0.000 0.000 0.003 0.019 0.088 0.157 0.170 0.174 0.175 0.172 0.174 0.173
HIS02A0234_021 0.000 0.000 0.000 0.000 0.000 0.002 0.014 0.066 0.117 0.126 0.129 0.126 0.129 0.129 0.128
HIS02A0234_022 0.000 0.000 0.000 0.000 0.000 0.000 0.000 0.000 0.000 0.000 0.000 0.000 0.000 0.000 0.000
HIS02A0234_023 0.000 0.000 0.000 0.000 0.000 0.000 0.000 0.005 0.009 0.010 0.010 0.010 0.010 0.010 0.010
HIS02A0234_024 0.000 0.000 0.000 0.000 0.000 0.000 0.000 0.000 0.000 0.000 0.000 0.000 0.000 0.000 0.000
HIS02A0234_025 0.000 0.000 0.000 0.000 0.000 0.000 0.000 0.000 0.002 0.002 0.002 0.002 0.002 0.002 0.002
HIS02A0234_026 0.000 0.000 0.000 0.000 0.000 0.000 0.000 0.000 0.000 0.000 0.000 0.000 0.000 0.000 0.000
HIS02A0234_027 0.000 0.000 0.000 0.000 0.000 0.000 0.000 0.000 0.000 0.000 0.000 0.000 0.000 0.000 0.000
HIS02A0234_028 0.000 0.000 0.000 0.000 0.000 0.000 0.002 0.011 0.021 0.023 0.023 0.023 0.023 0.023 0.023
HIS02A0234_029 0.000 0.000 0.000 0.000 0.000 0.000 0.000 0.000 0.000 0.000 0.000 0.000 0.000 0.000 0.000
HIS02A0234_030 0.000 0.000 0.000 0.000 0.000 0.000 0.000 0.006 0.011 0.012 0.012 0.012 0.012 0.012 0.012
HIS02A0234_031 0.000 0.000 0.000 0.000 0.000 0.005 0.027 0.127 0.227 0.246 0.246 0.248 0.246 0.249 0.247
HIS02A0234_032 0.000 0.000 0.000 0.000 0.000 0.000 0.000 0.000 0.000 0.000 0.000 0.000 0.000 0.000 0.000
HIS02A0234_033 0.000 0.000 0.000 0.000 0.000 0.000 0.000 0.000 0.000 0.000 0.000 0.000 0.000 0.000 0.000
HIS02A0234_034 0.000 0.000 0.000 0.000 0.000 0.000 0.005 0.024 0.043 0.045 0.046 0.046 0.047 0.046 0.047
HIS02A0234_035 0.000 0.000 0.000 0.000 0.000 0.000 0.000 0.000 0.000 0.000 0.000 0.000 0.000 0.000 0.000
HIS02A0234_036 0.000 0.000 0.000 0.000 0.000 0.000 0.000 0.000 0.000 0.000 0.000 0.000 0.000 0.000 0.000
HIS02A0234_037 0.000 0.000 0.000 0.000 0.000 0.000 0.000 0.000 0.000 0.000 0.000 0.000 0.000 0.000 0.000
HIS02A0234_038 0.000 0.000 0.000 0.000 0.000 0.000 0.000 0.000 0.000 0.000 0.000 0.000 0.000 0.000 0.000
HIS+1A0234_039 0.118 0.119 0.119 0.118 0.120 0.117 0.106 0.058 0.011 0.002 0.000 0.000 0.000 0.000 0.000
HIS+1A0234_040 0.265 0.262 0.265 0.263 0.262 0.260 0.237 0.129 0.023 0.004 0.000 0.000 0.000 0.000 0.000
HIS+1A0234_041 0.022 0.022 0.022 0.022 0.022 0.022 0.019 0.011 0.002 0.000 0.000 0.000 0.000 0.000 0.000
HIS+1A0234_042 0.306 0.311 0.305 0.309 0.309 0.304 0.275 0.151 0.028 0.004 0.000 0.000 0.000 0.000 0.000
HIS+1A0234_043 0.000 0.000 0.000 0.000 0.000 0.000 0.000 0.000 0.000 0.000 0.000 0.000 0.000 0.000 0.000
HIS+1A0234_044 0.000 0.000 0.000 0.000 0.000 0.000 0.000 0.000 0.000 0.000 0.000 0.000 0.000 0.000 0.000
HIS+1A0234_045 0.066 0.066 0.067 0.067 0.067 0.066 0.060 0.034 0.006 0.000 0.000 0.000 0.000 0.000 0.000
HIS+1A0234_046 0.001 0.000 0.000 0.000 0.000 0.000 0.000 0.000 0.000 0.000 0.000 0.000 0.000 0.000 0.000
HIS+1A0234_047 0.054 0.054 0.055 0.055 0.054 0.053 0.050 0.027 0.005 0.000 0.000 0.000 0.000 0.000 0.000
HIS+1A0234_048 0.000 0.000 0.000 0.000 0.000 0.000 0.000 0.000 0.000 0.000 0.000 0.000 0.000 0.000 0.000
HIS+1A0234_049 0.000 0.000 0.000 0.000 0.000 0.000 0.000 0.000 0.000 0.000 0.000 0.000 0.000 0.000 0.000
HIS+1A0234_050 0.001 0.001 0.000 0.001 0.001 0.001 0.001 0.000 0.000 0.000 0.000 0.000 0.000 0.000 0.000
HIS+1A0234_051 0.005 0.005 0.005 0.005 0.005 0.005 0.005 0.002 0.000 0.000 0.000 0.000 0.000 0.000 0.000
HIS+1A0234_052 0.000 0.000 0.000 0.000 0.000 0.000 0.000 0.000 0.000 0.000 0.000 0.000 0.000 0.000 0.000
HIS+1A0234_053 0.161 0.160 0.161 0.159 0.160 0.158 0.142 0.079 0.014 0.002 0.000 0.000 0.000 0.000 0.000
HIS+1A0234_054 0.000 0.000 0.000 0.000 0.000 0.000 0.000 0.000 0.000 0.000 0.000 0.000 0.000 0.000 0.000
HIS+1A0234_055 0.000 0.000 0.000 0.000 0.000 0.000 0.000 0.000 0.000 0.000 0.000 0.000 0.000 0.000 0.000
HIS+1A0234_056 0.000 0.000 0.000 0.000 0.000 0.000 0.000 0.000 0.000 0.000 0.000 0.000 0.000 0.000 0.000
HIS+1A0234_057 0.000 0.000 0.000 0.000 0.000 0.000 0.000 0.000 0.000 0.000 0.000 0.000 0.000 0.000 0.000
