 ph              0.0   1.0   2.0   3.0   4.0   5.0   6.0   7.0   8.0   9.0  10.0  11.0  12.0  13.0  14.0
PHE01A0103_001 0.462 0.462 0.465 0.461 0.464 0.461 0.462 0.463 0.462 0.462 0.462 0.462 0.460 0.461 0.463
PHE01A0103_002 0.058 0.058 0.058 0.059 0.058 0.059 0.059 0.057 0.059 0.058 0.058 0.058 0.058 0.057 0.059
PHE01A0103_003 0.454 0.455 0.451 0.454 0.453 0.455 0.454 0.455 0.454 0.455 0.455 0.455 0.456 0.456 0.453
PHE01A0103_004 0.000 0.000 0.000 0.000 0.000 0.000 0.000 0.000 0.000 0.000 0.000 0.000 0.000 0.000 0.000
PHE01A0103_005 0.019 0.019 0.020 0.020 0.019 0.019 0.019 0.019 0.019 0.019 0.019 0.019 0.019 0.019 0.019
PHE01A0103_006 0.000 0.000 0.000 0.000 0.000 0.000 0.000 0.000 0.000 0.000 0.000 0.000 0.000 0.000 0.000
PHE01A0103_007 0.000 0.000 0.000 0.000 0.000 0.000 0.000 0.000 0.000 0.000 0.000 0.000 0.000 0.000 0.000
PHE01A0103_008 0.006 0.006 0.006 0.006 0.006 0.005 0.006 0.006 0.006 0.006 0.006 0.006 0.006 0.006 0.006
PHE01A0103_009 0.000 0.000 0.000 0.000 0.000 0.000 0.000 0.000 0.000 0.000 0.000 0.000 0.000 0.000 0.000
PHE01A0103_010 0.000 0.000 0.000 0.000 0.000 0.000 0.000 0.000 0.000 0.000 0.000 0.000 0.000 0.000 0.000
