 ph              0.0   1.0   2.0   3.0   4.0   5.0   6.0   7.0   8.0   9.0  10.0  11.0  12.0  13.0  14.0
CYS01A0071_001 0.100 0.100 0.100 0.100 0.099 0.100 0.099 0.095 0.066 0.016 0.002 0.000 0.000 0.000 0.000
CYS01A0071_002 0.093 0.093 0.094 0.093 0.093 0.093 0.092 0.089 0.062 0.015 0.002 0.000 0.000 0.000 0.000
CYS01A0071_003 0.001 0.001 0.000 0.000 0.001 0.001 0.001 0.000 0.000 0.000 0.000 0.000 0.000 0.000 0.000
CYS01A0071_004 0.160 0.160 0.160 0.160 0.160 0.160 0.160 0.152 0.107 0.026 0.003 0.000 0.000 0.000 0.000
CYS01A0071_005 0.077 0.077 0.077 0.078 0.077 0.077 0.077 0.073 0.052 0.013 0.002 0.000 0.000 0.000 0.000
CYS01A0071_006 0.103 0.103 0.104 0.104 0.103 0.104 0.103 0.099 0.069 0.017 0.002 0.000 0.000 0.000 0.000
CYS01A0071_007 0.077 0.077 0.077 0.077 0.077 0.077 0.076 0.072 0.051 0.013 0.001 0.000 0.000 0.000 0.000
CYS01A0071_008 0.073 0.072 0.072 0.072 0.072 0.072 0.072 0.069 0.048 0.012 0.001 0.000 0.000 0.000 0.000
CYS01A0071_009 0.001 0.000 0.001 0.001 0.001 0.001 0.001 0.001 0.000 0.000 0.000 0.000 0.000 0.000 0.000
CYS01A0071_010 0.001 0.001 0.001 0.001 0.001 0.001 0.001 0.001 0.000 0.000 0.000 0.000 0.000 0.000 0.000
CYS01A0071_011 0.144 0.145 0.145 0.145 0.145 0.144 0.144 0.139 0.096 0.024 0.003 0.000 0.000 0.000 0.000
CYS01A0071_012 0.170 0.169 0.170 0.169 0.169 0.170 0.168 0.161 0.112 0.028 0.003 0.000 0.000 0.000 0.000
CYS-1A0071_013 0.000 0.000 0.000 0.000 0.000 0.000 0.003 0.021 0.138 0.344 0.402 0.412 0.409 0.407 0.410
CYS-1A0071_014 0.000 0.000 0.000 0.000 0.000 0.000 0.000 0.006 0.042 0.103 0.122 0.123 0.124 0.125 0.123
CYS-1A0071_015 0.000 0.000 0.000 0.000 0.000 0.000 0.000 0.000 0.001 0.003 0.003 0.004 0.003 0.004 0.003
CYS-1A0071_016 0.000 0.000 0.000 0.000 0.000 0.000 0.003 0.023 0.156 0.387 0.454 0.461 0.463 0.464 0.463
