 ph              0.0   1.0   2.0   3.0   4.0   5.0   6.0   7.0   8.0   9.0  10.0  11.0  12.0  13.0  14.0
HIS01A0082_001 0.000 0.000 0.000 0.000 0.000 0.000 0.010 0.048 0.087 0.096 0.098 0.097 0.095 0.096 0.095
HIS01A0082_002 0.000 0.000 0.000 0.000 0.000 0.005 0.025 0.126 0.225 0.245 0.247 0.249 0.248 0.247 0.252
HIS01A0082_003 0.000 0.000 0.000 0.000 0.000 0.000 0.000 0.000 0.000 0.000 0.000 0.000 0.000 0.000 0.000
HIS01A0082_004 0.000 0.000 0.000 0.000 0.000 0.000 0.000 0.002 0.004 0.005 0.005 0.005 0.005 0.005 0.005
HIS01A0082_005 0.000 0.000 0.000 0.000 0.000 0.000 0.000 0.000 0.000 0.000 0.000 0.000 0.000 0.000 0.000
HIS01A0082_006 0.000 0.000 0.000 0.000 0.000 0.000 0.000 0.000 0.000 0.000 0.000 0.000 0.000 0.000 0.000
HIS01A0082_007 0.000 0.000 0.000 0.000 0.000 0.000 0.000 0.000 0.000 0.000 0.000 0.000 0.000 0.000 0.000
HIS01A0082_008 0.000 0.000 0.000 0.000 0.000 0.000 0.000 0.000 0.000 0.000 0.000 0.000 0.000 0.000 0.000
HIS01A0082_009 0.000 0.000 0.000 0.000 0.000 0.000 0.003 0.016 0.028 0.031 0.032 0.031 0.033 0.032 0.031
HIS01A0082_010 0.000 0.000 0.000 0.000 0.000 0.000 0.000 0.000 0.000 0.000 0.000 0.000 0.000 0.000 0.000
HIS01A0082_011 0.000 0.000 0.000 0.000 0.000 0.000 0.000 0.002 0.003 0.003 0.003 0.003 0.003 0.003 0.003
HIS01A0082_012 0.000 0.000 0.000 0.000 0.000 0.000 0.000 0.000 0.000 0.000 0.000 0.000 0.000 0.000 0.000
HIS01A0082_013 0.000 0.000 0.000 0.000 0.000 0.000 0.000 0.000 0.002 0.002 0.002 0.002 0.002 0.002 0.002
HIS01A0082_014 0.000 0.000 0.000 0.000 0.000 0.000 0.002 0.008 0.014 0.015 0.016 0.015 0.016 0.016 0.016
HIS01A0082_015 0.000 0.000 0.000 0.000 0.000 0.000 0.000 0.000 0.000 0.000 0.000 0.000 0.000 0.000 0.000
HIS01A0082_016 0.000 0.000 0.000 0.000 0.000 0.000 0.000 0.000 0.000 0.000 0.000 0.000 0.000 0.000 0.000
HIS01A0082_017 0.000 0.000 0.000 0.000 0.000 0.000 0.000 0.000 0.000 0.000 0.000 0.000 0.000 0.000 0.000
HIS02A0082_018 0.000 0.000 0.000 0.000 0.000 0.004 0.019 0.094 0.171 0.184 0.187 0.188 0.190 0.188 0.187
HIS02A0082_019 0.000 0.000 0.000 0.000 0.000 0.006 0.032 0.160 0.286 0.315 0.318 0.318 0.315 0.320 0.316
HIS02A0082_020 0.000 0.000 0.000 0.000 0.000 0.000 0.000 0.000 0.000 0.000 0.000 0.000 0.000 0.000 0.000
HIS02A0082_021 0.000 0.000 0.000 0.000 0.000 0.000 0.000 0.000 0.000 0.000 0.000 0.000 0.000 0.000 0.000
HIS02A0082_022 0.000 0.000 0.000 0.000 0.000 0.000 0.003 0.016 0.029 0.032 0.032 0.032 0.034 0.033 0.032
HIS02A0082_023 0.000 0.000 0.000 0.000 0.000 0.000 0.000 0.000 0.000 0.000 0.000 0.000 0.000 0.000 0.000
HIS02A0082_024 0.000 0.000 0.000 0.000 0.000 0.000 0.000 0.000 0.002 0.002 0.002 0.002 0.002 0.002 0.002
HIS02A0082_025 0.000 0.000 0.000 0.000 0.000 0.000 0.000 0.000 0.000 0.000 0.000 0.000 0.000 0.000 0.000
HIS02A0082_026 0.000 0.000 0.000 0.000 0.000 0.000 0.000 0.000 0.000 0.000 0.000 0.000 0.000 0.000 0.000
HIS02A0082_027 0.000 0.000 0.000 0.000 0.000 0.000 0.000 0.000 0.000 0.000 0.000 0.000 0.000 0.000 0.000
HIS02A0082_028 0.000 0.000 0.000 0.000 0.000 0.000 0.004 0.021 0.038 0.041 0.041 0.042 0.042 0.041 0.042
HIS02A0082_029 0.000 0.000 0.000 0.000 0.000 0.000 0.000 0.002 0.003 0.004 0.004 0.004 0.004 0.004 0.004
HIS02A0082_030 0.000 0.000 0.000 0.000 0.000 0.000 0.000 0.000 0.000 0.000 0.000 0.000 0.000 0.000 0.000
HIS02A0082_031 0.000 0.000 0.000 0.000 0.000 0.000 0.000 0.000 0.000 0.000 0.000 0.000 0.000 0.000 0.000
HIS02A0082_032 0.000 0.000 0.000 0.000 0.000 0.000 0.000 0.000 0.000 0.000 0.000 0.000 0.000 0.000 0.000
HIS02A0082_033 0.000 0.000 0.000 0.000 0.000 0.000 0.000 0.006 0.011 0.012 0.012 0.012 0.012 0.012 0.012
HIS02A0082_034 0.000 0.000 0.000 0.000 0.000 0.000 0.000 0.000 0.000 0.000 0.000 0.000 0.000 0.000 0.000
HIS02A0082_035 0.000 0.000 0.000 0.000 0.000 0.000 0.000 0.000 0.000 0.000 0.000 0.000 0.000 0.000 0.000
HIS+1A0082_036 0.361 0.362 0.363 0.360 0.359 0.359 0.326 0.181 0.036 0.007 0.000 0.000 0.000 0.000 0.000
HIS+1A0082_037 0.065 0.066 0.067 0.065 0.067 0.063 0.059 0.033 0.006 0.000 0.000 0.000 0.000 0.000 0.000
HIS+1A0082_038 0.001 0.001 0.001 0.001 0.001 0.001 0.001 0.000 0.000 0.000 0.000 0.000 0.000 0.000 0.000
HIS+1A0082_039 0.009 0.009 0.009 0.009 0.009 0.009 0.008 0.004 0.000 0.000 0.000 0.000 0.000 0.000 0.000
HIS+1A0082_040 0.413 0.411 0.407 0.413 0.411 0.405 0.371 0.205 0.040 0.007 0.000 0.000 0.000 0.000 0.000
HIS+1A0082_041 0.078 0.077 0.079 0.078 0.080 0.076 0.071 0.039 0.008 0.000 0.000 0.000 0.000 0.000 0.000
HIS+1A0082_042 0.000 0.000 0.000 0.000 0.000 0.000 0.000 0.000 0.000 0.000 0.000 0.000 0.000 0.000 0.000
HIS+1A0082_043 0.002 0.002 0.002 0.002 0.002 0.002 0.002 0.001 0.000 0.000 0.000 0.000 0.000 0.000 0.000
HIS+1A0082_044 0.007 0.008 0.007 0.008 0.007 0.007 0.007 0.004 0.000 0.000 0.000 0.000 0.000 0.000 0.000
HIS+1A0082_045 0.000 0.000 0.000 0.000 0.000 0.000 0.000 0.000 0.000 0.000 0.000 0.000 0.000 0.000 0.000
HIS+1A0082_046 0.000 0.000 0.000 0.000 0.000 0.000 0.000 0.000 0.000 0.000 0.000 0.000 0.000 0.000 0.000
HIS+1A0082_047 0.002 0.002 0.002 0.002 0.002 0.002 0.001 0.000 0.000 0.000 0.000 0.000 0.000 0.000 0.000
HIS+1A0082_048 0.000 0.000 0.000 0.000 0.000 0.000 0.000 0.000 0.000 0.000 0.000 0.000 0.000 0.000 0.000
HIS+1A0082_049 0.000 0.000 0.000 0.000 0.000 0.000 0.000 0.000 0.000 0.000 0.000 0.000 0.000 0.000 0.000
HIS+1A0082_050 0.000 0.000 0.000 0.000 0.000 0.000 0.000 0.000 0.000 0.000 0.000 0.000 0.000 0.000 0.000
HIS+1A0082_051 0.062 0.063 0.062 0.063 0.062 0.060 0.056 0.031 0.006 0.000 0.000 0.000 0.000 0.000 0.000
HIS+1A0082_052 0.000 0.000 0.000 0.000 0.000 0.000 0.000 0.000 0.000 0.000 0.000 0.000 0.000 0.000 0.000
HIS+1A0082_053 0.000 0.000 0.000 0.000 0.000 0.000 0.000 0.000 0.000 0.000 0.000 0.000 0.000 0.000 0.000
HIS+1A0082_054 0.000 0.000 0.000 0.000 0.000 0.000 0.000 0.000 0.000 0.000 0.000 0.000 0.000 0.000 0.000
