 ph              0.0   1.0   2.0   3.0   4.0   5.0   6.0   7.0   8.0   9.0  10.0  11.0  12.0  13.0  14.0
GLU01A0288_001 0.000 0.000 0.000 0.000 0.000 0.000 0.000 0.000 0.000 0.000 0.000 0.000 0.000 0.000 0.000
GLU01A0288_002 0.022 0.022 0.022 0.019 0.008 0.002 0.000 0.000 0.000 0.000 0.000 0.000 0.000 0.000 0.000
GLU01A0288_003 0.000 0.000 0.000 0.000 0.000 0.000 0.000 0.000 0.000 0.000 0.000 0.000 0.000 0.000 0.000
GLU01A0288_004 0.001 0.001 0.001 0.000 0.000 0.000 0.000 0.000 0.000 0.000 0.000 0.000 0.000 0.000 0.000
GLU01A0288_005 0.000 0.000 0.000 0.000 0.000 0.000 0.000 0.000 0.000 0.000 0.000 0.000 0.000 0.000 0.000
GLU01A0288_006 0.011 0.011 0.011 0.010 0.004 0.000 0.000 0.000 0.000 0.000 0.000 0.000 0.000 0.000 0.000
GLU01A0288_007 0.010 0.010 0.010 0.009 0.004 0.000 0.000 0.000 0.000 0.000 0.000 0.000 0.000 0.000 0.000
GLU01A0288_008 0.032 0.032 0.031 0.027 0.012 0.002 0.000 0.000 0.000 0.000 0.000 0.000 0.000 0.000 0.000
GLU01A0288_009 0.185 0.181 0.179 0.158 0.070 0.014 0.000 0.000 0.000 0.000 0.000 0.000 0.000 0.000 0.000
GLU01A0288_010 0.062 0.064 0.063 0.054 0.024 0.005 0.000 0.000 0.000 0.000 0.000 0.000 0.000 0.000 0.000
GLU01A0288_011 0.000 0.000 0.000 0.000 0.000 0.000 0.000 0.000 0.000 0.000 0.000 0.000 0.000 0.000 0.000
GLU01A0288_012 0.000 0.000 0.000 0.000 0.000 0.000 0.000 0.000 0.000 0.000 0.000 0.000 0.000 0.000 0.000
GLU01A0288_013 0.000 0.000 0.000 0.000 0.000 0.000 0.000 0.000 0.000 0.000 0.000 0.000 0.000 0.000 0.000
GLU01A0288_014 0.000 0.000 0.000 0.000 0.000 0.000 0.000 0.000 0.000 0.000 0.000 0.000 0.000 0.000 0.000
GLU01A0288_015 0.000 0.000 0.000 0.000 0.000 0.000 0.000 0.000 0.000 0.000 0.000 0.000 0.000 0.000 0.000
GLU01A0288_016 0.018 0.019 0.018 0.016 0.007 0.001 0.000 0.000 0.000 0.000 0.000 0.000 0.000 0.000 0.000
GLU01A0288_017 0.000 0.000 0.000 0.000 0.000 0.000 0.000 0.000 0.000 0.000 0.000 0.000 0.000 0.000 0.000
GLU01A0288_018 0.000 0.000 0.000 0.000 0.000 0.000 0.000 0.000 0.000 0.000 0.000 0.000 0.000 0.000 0.000
GLU01A0288_019 0.000 0.000 0.000 0.000 0.000 0.000 0.000 0.000 0.000 0.000 0.000 0.000 0.000 0.000 0.000
GLU01A0288_020 0.000 0.000 0.000 0.000 0.000 0.000 0.000 0.000 0.000 0.000 0.000 0.000 0.000 0.000 0.000
GLU01A0288_021 0.001 0.001 0.001 0.001 0.000 0.000 0.000 0.000 0.000 0.000 0.000 0.000 0.000 0.000 0.000
GLU01A0288_022 0.004 0.004 0.004 0.003 0.001 0.000 0.000 0.000 0.000 0.000 0.000 0.000 0.000 0.000 0.000
GLU01A0288_023 0.000 0.000 0.000 0.000 0.000 0.000 0.000 0.000 0.000 0.000 0.000 0.000 0.000 0.000 0.000
GLU01A0288_024 0.000 0.000 0.000 0.000 0.000 0.000 0.000 0.000 0.000 0.000 0.000 0.000 0.000 0.000 0.000
GLU01A0288_025 0.000 0.000 0.000 0.000 0.000 0.000 0.000 0.000 0.000 0.000 0.000 0.000 0.000 0.000 0.000
GLU01A0288_026 0.000 0.000 0.000 0.000 0.000 0.000 0.000 0.000 0.000 0.000 0.000 0.000 0.000 0.000 0.000
GLU01A0288_027 0.000 0.000 0.000 0.000 0.000 0.000 0.000 0.000 0.000 0.000 0.000 0.000 0.000 0.000 0.000
GLU01A0288_028 0.004 0.004 0.004 0.003 0.001 0.000 0.000 0.000 0.000 0.000 0.000 0.000 0.000 0.000 0.000
GLU01A0288_029 0.012 0.012 0.012 0.011 0.005 0.000 0.000 0.000 0.000 0.000 0.000 0.000 0.000 0.000 0.000
GLU01A0288_030 0.003 0.003 0.003 0.002 0.001 0.000 0.000 0.000 0.000 0.000 0.000 0.000 0.000 0.000 0.000
GLU01A0288_031 0.006 0.006 0.006 0.005 0.002 0.000 0.000 0.000 0.000 0.000 0.000 0.000 0.000 0.000 0.000
GLU01A0288_032 0.006 0.006 0.006 0.005 0.002 0.000 0.000 0.000 0.000 0.000 0.000 0.000 0.000 0.000 0.000
GLU01A0288_033 0.031 0.032 0.031 0.026 0.012 0.002 0.000 0.000 0.000 0.000 0.000 0.000 0.000 0.000 0.000
GLU01A0288_034 0.043 0.042 0.042 0.036 0.016 0.003 0.000 0.000 0.000 0.000 0.000 0.000 0.000 0.000 0.000
GLU01A0288_035 0.000 0.000 0.000 0.000 0.000 0.000 0.000 0.000 0.000 0.000 0.000 0.000 0.000 0.000 0.000
GLU01A0288_036 0.003 0.003 0.003 0.003 0.001 0.000 0.000 0.000 0.000 0.000 0.000 0.000 0.000 0.000 0.000
GLU02A0288_037 0.000 0.000 0.000 0.000 0.000 0.000 0.000 0.000 0.000 0.000 0.000 0.000 0.000 0.000 0.000
GLU02A0288_038 0.000 0.000 0.000 0.000 0.000 0.000 0.000 0.000 0.000 0.000 0.000 0.000 0.000 0.000 0.000
GLU02A0288_039 0.000 0.000 0.000 0.000 0.000 0.000 0.000 0.000 0.000 0.000 0.000 0.000 0.000 0.000 0.000
GLU02A0288_040 0.000 0.000 0.000 0.000 0.000 0.000 0.000 0.000 0.000 0.000 0.000 0.000 0.000 0.000 0.000
GLU02A0288_041 0.000 0.000 0.000 0.000 0.000 0.000 0.000 0.000 0.000 0.000 0.000 0.000 0.000 0.000 0.000
GLU02A0288_042 0.000 0.000 0.000 0.000 0.000 0.000 0.000 0.000 0.000 0.000 0.000 0.000 0.000 0.000 0.000
GLU02A0288_043 0.006 0.006 0.005 0.005 0.002 0.000 0.000 0.000 0.000 0.000 0.000 0.000 0.000 0.000 0.000
GLU02A0288_044 0.000 0.000 0.000 0.000 0.000 0.000 0.000 0.000 0.000 0.000 0.000 0.000 0.000 0.000 0.000
GLU02A0288_045 0.000 0.000 0.000 0.000 0.000 0.000 0.000 0.000 0.000 0.000 0.000 0.000 0.000 0.000 0.000
GLU02A0288_046 0.000 0.000 0.000 0.000 0.000 0.000 0.000 0.000 0.000 0.000 0.000 0.000 0.000 0.000 0.000
GLU02A0288_047 0.002 0.002 0.002 0.002 0.000 0.000 0.000 0.000 0.000 0.000 0.000 0.000 0.000 0.000 0.000
GLU02A0288_048 0.007 0.007 0.007 0.006 0.003 0.000 0.000 0.000 0.000 0.000 0.000 0.000 0.000 0.000 0.000
GLU02A0288_049 0.000 0.000 0.000 0.000 0.000 0.000 0.000 0.000 0.000 0.000 0.000 0.000 0.000 0.000 0.000
GLU02A0288_050 0.014 0.014 0.014 0.012 0.005 0.000 0.000 0.000 0.000 0.000 0.000 0.000 0.000 0.000 0.000
GLU02A0288_051 0.000 0.000 0.000 0.000 0.000 0.000 0.000 0.000 0.000 0.000 0.000 0.000 0.000 0.000 0.000
GLU02A0288_052 0.001 0.001 0.001 0.000 0.000 0.000 0.000 0.000 0.000 0.000 0.000 0.000 0.000 0.000 0.000
GLU02A0288_053 0.000 0.000 0.000 0.000 0.000 0.000 0.000 0.000 0.000 0.000 0.000 0.000 0.000 0.000 0.000
GLU02A0288_054 0.000 0.000 0.000 0.000 0.000 0.000 0.000 0.000 0.000 0.000 0.000 0.000 0.000 0.000 0.000
GLU02A0288_055 0.000 0.000 0.000 0.000 0.000 0.000 0.000 0.000 0.000 0.000 0.000 0.000 0.000 0.000 0.000
GLU02A0288_056 0.027 0.027 0.026 0.023 0.010 0.002 0.000 0.000 0.000 0.000 0.000 0.000 0.000 0.000 0.000
GLU02A0288_057 0.003 0.003 0.003 0.002 0.000 0.000 0.000 0.000 0.000 0.000 0.000 0.000 0.000 0.000 0.000
GLU02A0288_058 0.060 0.060 0.059 0.051 0.022 0.005 0.000 0.000 0.000 0.000 0.000 0.000 0.000 0.000 0.000
GLU02A0288_059 0.002 0.002 0.002 0.001 0.000 0.000 0.000 0.000 0.000 0.000 0.000 0.000 0.000 0.000 0.000
GLU02A0288_060 0.000 0.000 0.000 0.000 0.000 0.000 0.000 0.000 0.000 0.000 0.000 0.000 0.000 0.000 0.000
GLU02A0288_061 0.000 0.000 0.000 0.000 0.000 0.000 0.000 0.000 0.000 0.000 0.000 0.000 0.000 0.000 0.000
GLU02A0288_062 0.004 0.004 0.004 0.004 0.002 0.000 0.000 0.000 0.000 0.000 0.000 0.000 0.000 0.000 0.000
GLU02A0288_063 0.011 0.011 0.010 0.009 0.004 0.000 0.000 0.000 0.000 0.000 0.000 0.000 0.000 0.000 0.000
GLU02A0288_064 0.256 0.258 0.250 0.217 0.095 0.020 0.017 0.000 0.000 0.000 0.000 0.000 0.000 0.000 0.000
GLU02A0288_065 0.087 0.087 0.086 0.074 0.034 0.007 0.000 0.000 0.000 0.000 0.000 0.000 0.000 0.000 0.000
GLU02A0288_066 0.021 0.022 0.021 0.018 0.008 0.002 0.000 0.000 0.000 0.000 0.000 0.000 0.000 0.000 0.000
GLU02A0288_067 0.021 0.021 0.021 0.018 0.008 0.002 0.000 0.000 0.000 0.000 0.000 0.000 0.000 0.000 0.000
GLU02A0288_068 0.000 0.000 0.000 0.000 0.000 0.000 0.000 0.000 0.000 0.000 0.000 0.000 0.000 0.000 0.000
GLU02A0288_069 0.016 0.016 0.016 0.014 0.006 0.001 0.000 0.000 0.000 0.000 0.000 0.000 0.000 0.000 0.000
GLU02A0288_070 0.002 0.002 0.002 0.002 0.000 0.000 0.000 0.000 0.000 0.000 0.000 0.000 0.000 0.000 0.000
GLU-1A0288_071 0.000 0.000 0.000 0.000 0.000 0.000 0.000 0.000 0.000 0.000 0.000 0.000 0.000 0.000 0.000
GLU-1A0288_072 0.000 0.000 0.000 0.005 0.020 0.029 0.030 0.031 0.031 0.030 0.031 0.031 0.031 0.030 0.031
GLU-1A0288_073 0.000 0.000 0.000 0.005 0.021 0.032 0.033 0.034 0.035 0.034 0.035 0.034 0.033 0.034 0.035
GLU-1A0288_074 0.000 0.000 0.000 0.000 0.002 0.003 0.003 0.003 0.003 0.003 0.003 0.003 0.003 0.003 0.003
GLU-1A0288_075 0.000 0.000 0.002 0.010 0.041 0.061 0.065 0.065 0.067 0.066 0.066 0.065 0.066 0.066 0.065
GLU-1A0288_076 0.000 0.000 0.000 0.003 0.010 0.015 0.016 0.017 0.016 0.016 0.016 0.016 0.016 0.017 0.017
GLU-1A0288_077 0.000 0.000 0.009 0.049 0.198 0.297 0.312 0.315 0.315 0.316 0.318 0.315 0.317 0.319 0.315
GLU-1A0288_078 0.000 0.000 0.003 0.019 0.077 0.114 0.120 0.124 0.122 0.123 0.124 0.123 0.121 0.122 0.122
GLU-1A0288_079 0.000 0.000 0.000 0.000 0.004 0.006 0.006 0.006 0.006 0.006 0.006 0.006 0.006 0.006 0.006
GLU-1A0288_080 0.000 0.000 0.000 0.002 0.008 0.011 0.012 0.012 0.012 0.012 0.012 0.012 0.012 0.012 0.012
GLU-1A0288_081 0.000 0.000 0.009 0.053 0.219 0.322 0.340 0.347 0.345 0.348 0.342 0.349 0.350 0.345 0.345
GLU-1A0288_082 0.000 0.000 0.000 0.005 0.019 0.028 0.030 0.031 0.031 0.030 0.031 0.030 0.030 0.031 0.032
GLU-1A0288_083 0.000 0.000 0.000 0.000 0.000 0.000 0.000 0.000 0.000 0.000 0.000 0.000 0.000 0.000 0.000
GLU-1A0288_084 0.000 0.000 0.000 0.002 0.009 0.014 0.015 0.015 0.015 0.015 0.015 0.015 0.015 0.015 0.015
GLU-1A0288_085 0.000 0.000 0.000 0.000 0.000 0.000 0.000 0.000 0.000 0.000 0.000 0.000 0.000 0.000 0.000
GLU-1A0288_086 0.000 0.000 0.000 0.000 0.000 0.000 0.000 0.000 0.000 0.000 0.000 0.000 0.001 0.001 0.000
