 ph              0.0   1.0   2.0   3.0   4.0   5.0   6.0   7.0   8.0   9.0  10.0  11.0  12.0  13.0  14.0
ASP01A0092_001 0.000 0.000 0.000 0.000 0.000 0.000 0.000 0.000 0.000 0.000 0.000 0.000 0.000 0.000 0.000
ASP01A0092_002 0.000 0.000 0.000 0.000 0.000 0.000 0.000 0.000 0.000 0.000 0.000 0.000 0.000 0.000 0.000
ASP01A0092_003 0.003 0.002 0.002 0.002 0.002 0.000 0.000 0.000 0.000 0.000 0.000 0.000 0.000 0.000 0.000
ASP01A0092_004 0.022 0.021 0.021 0.021 0.017 0.005 0.000 0.000 0.000 0.000 0.000 0.000 0.000 0.000 0.000
ASP01A0092_005 0.000 0.000 0.000 0.000 0.000 0.000 0.000 0.000 0.000 0.000 0.000 0.000 0.000 0.000 0.000
ASP01A0092_006 0.067 0.067 0.068 0.067 0.052 0.016 0.003 0.000 0.000 0.000 0.000 0.000 0.000 0.000 0.000
ASP01A0092_007 0.042 0.041 0.040 0.039 0.031 0.010 0.002 0.000 0.000 0.000 0.000 0.000 0.000 0.000 0.000
ASP01A0092_008 0.015 0.014 0.014 0.014 0.011 0.003 0.000 0.000 0.000 0.000 0.000 0.000 0.000 0.000 0.000
ASP01A0092_009 0.527 0.528 0.528 0.511 0.399 0.127 0.023 0.004 0.000 0.000 0.000 0.000 0.000 0.000 0.000
ASP01A0092_010 0.000 0.000 0.000 0.000 0.000 0.000 0.000 0.000 0.000 0.000 0.000 0.000 0.000 0.000 0.000
ASP02A0092_011 0.000 0.000 0.000 0.000 0.000 0.000 0.000 0.000 0.000 0.000 0.000 0.000 0.000 0.000 0.000
ASP02A0092_012 0.008 0.008 0.007 0.007 0.006 0.002 0.000 0.000 0.000 0.000 0.000 0.000 0.000 0.000 0.000
ASP02A0092_013 0.000 0.000 0.000 0.000 0.000 0.000 0.000 0.000 0.000 0.000 0.000 0.000 0.000 0.000 0.000
ASP02A0092_014 0.014 0.014 0.014 0.013 0.011 0.003 0.000 0.000 0.000 0.000 0.000 0.000 0.000 0.000 0.000
ASP02A0092_015 0.249 0.251 0.248 0.241 0.187 0.060 0.011 0.002 0.000 0.000 0.000 0.000 0.000 0.000 0.000
ASP02A0092_016 0.002 0.002 0.002 0.002 0.002 0.000 0.000 0.000 0.000 0.000 0.000 0.000 0.000 0.000 0.000
ASP02A0092_017 0.000 0.001 0.000 0.000 0.000 0.000 0.000 0.000 0.000 0.000 0.000 0.000 0.000 0.000 0.000
ASP02A0092_018 0.017 0.017 0.017 0.017 0.013 0.004 0.000 0.000 0.000 0.000 0.000 0.000 0.000 0.000 0.000
ASP02A0092_019 0.033 0.033 0.032 0.032 0.025 0.008 0.000 0.000 0.000 0.000 0.000 0.000 0.000 0.000 0.000
ASP-1A0092_020 0.000 0.000 0.000 0.000 0.000 0.000 0.000 0.000 0.000 0.000 0.000 0.000 0.000 0.000 0.000
ASP-1A0092_021 0.000 0.000 0.000 0.000 0.008 0.026 0.032 0.034 0.034 0.033 0.033 0.034 0.034 0.033 0.034
ASP-1A0092_022 0.000 0.000 0.000 0.007 0.049 0.152 0.190 0.200 0.198 0.201 0.197 0.197 0.196 0.202 0.196
ASP-1A0092_023 0.000 0.000 0.004 0.027 0.188 0.583 0.738 0.760 0.769 0.766 0.770 0.769 0.770 0.765 0.771
ASP-1A0092_024 0.000 0.000 0.000 0.000 0.000 0.000 0.000 0.000 0.000 0.000 0.000 0.000 0.000 0.000 0.000
