 ph              0.0   1.0   2.0   3.0   4.0   5.0   6.0   7.0   8.0   9.0  10.0  11.0  12.0  13.0  14.0
ASP01A0132_001 0.019 0.018 0.019 0.016 0.007 0.001 0.000 0.000 0.000 0.000 0.000 0.000 0.000 0.000 0.000
ASP01A0132_002 0.485 0.489 0.479 0.418 0.188 0.031 0.005 0.000 0.000 0.000 0.000 0.000 0.000 0.000 0.000
ASP01A0132_003 0.003 0.002 0.003 0.002 0.000 0.000 0.000 0.000 0.000 0.000 0.000 0.000 0.000 0.000 0.000
ASP01A0132_004 0.002 0.002 0.002 0.002 0.000 0.000 0.000 0.000 0.000 0.000 0.000 0.000 0.000 0.000 0.000
ASP01A0132_005 0.025 0.024 0.024 0.021 0.010 0.001 0.000 0.000 0.000 0.000 0.000 0.000 0.000 0.000 0.000
ASP02A0132_006 0.029 0.027 0.028 0.023 0.011 0.002 0.000 0.000 0.000 0.000 0.000 0.000 0.000 0.000 0.000
ASP02A0132_007 0.403 0.401 0.394 0.347 0.158 0.026 0.004 0.000 0.000 0.000 0.000 0.000 0.000 0.000 0.000
ASP02A0132_008 0.026 0.026 0.026 0.022 0.010 0.002 0.000 0.000 0.000 0.000 0.000 0.000 0.000 0.000 0.000
ASP02A0132_009 0.007 0.007 0.007 0.006 0.003 0.000 0.000 0.000 0.000 0.000 0.000 0.000 0.000 0.000 0.000
ASP02A0132_010 0.002 0.002 0.002 0.002 0.000 0.000 0.000 0.000 0.000 0.000 0.000 0.000 0.000 0.000 0.000
ASP-1A0132_011 0.000 0.002 0.018 0.133 0.578 0.885 0.935 0.940 0.944 0.943 0.941 0.940 0.941 0.946 0.943
ASP-1A0132_012 0.000 0.000 0.000 0.008 0.035 0.052 0.056 0.060 0.056 0.057 0.059 0.060 0.059 0.054 0.057
