 ph              0.0   1.0   2.0   3.0   4.0   5.0   6.0   7.0   8.0   9.0  10.0  11.0  12.0  13.0  14.0
GLU01A0216_001 0.000 0.000 0.000 0.000 0.000 0.000 0.000 0.000 0.000 0.000 0.000 0.000 0.000 0.000 0.000
GLU01A0216_002 0.000 0.000 0.000 0.000 0.000 0.000 0.000 0.000 0.000 0.000 0.000 0.000 0.000 0.000 0.000
GLU01A0216_003 0.001 0.001 0.001 0.001 0.000 0.000 0.000 0.000 0.000 0.000 0.000 0.000 0.000 0.000 0.000
GLU01A0216_004 0.029 0.029 0.029 0.028 0.020 0.006 0.000 0.000 0.000 0.000 0.000 0.000 0.000 0.000 0.000
GLU01A0216_005 0.007 0.006 0.006 0.006 0.004 0.001 0.000 0.000 0.000 0.000 0.000 0.000 0.000 0.000 0.000
GLU01A0216_006 0.002 0.002 0.002 0.002 0.002 0.000 0.000 0.000 0.000 0.000 0.000 0.000 0.000 0.000 0.000
GLU01A0216_007 0.001 0.000 0.001 0.000 0.000 0.000 0.000 0.000 0.000 0.000 0.000 0.000 0.000 0.000 0.000
GLU01A0216_008 0.001 0.001 0.001 0.001 0.000 0.000 0.000 0.000 0.000 0.000 0.000 0.000 0.000 0.000 0.000
GLU01A0216_009 0.000 0.000 0.000 0.000 0.000 0.000 0.000 0.000 0.000 0.000 0.000 0.000 0.000 0.000 0.000
GLU01A0216_010 0.003 0.003 0.003 0.003 0.002 0.000 0.000 0.000 0.000 0.000 0.000 0.000 0.000 0.000 0.000
GLU01A0216_011 0.000 0.000 0.000 0.000 0.000 0.000 0.000 0.000 0.000 0.000 0.000 0.000 0.000 0.000 0.000
GLU01A0216_012 0.007 0.007 0.007 0.007 0.005 0.001 0.000 0.000 0.000 0.000 0.000 0.000 0.000 0.000 0.000
GLU01A0216_013 0.005 0.005 0.005 0.005 0.004 0.000 0.000 0.000 0.000 0.000 0.000 0.000 0.000 0.000 0.000
GLU01A0216_014 0.000 0.000 0.000 0.000 0.000 0.000 0.000 0.000 0.000 0.000 0.000 0.000 0.000 0.000 0.000
GLU01A0216_015 0.000 0.000 0.000 0.000 0.000 0.000 0.000 0.000 0.000 0.000 0.000 0.000 0.000 0.000 0.000
GLU01A0216_016 0.152 0.153 0.152 0.146 0.105 0.032 0.005 0.000 0.000 0.000 0.000 0.000 0.000 0.000 0.000
GLU01A0216_017 0.054 0.054 0.054 0.051 0.037 0.011 0.002 0.000 0.000 0.000 0.000 0.000 0.000 0.000 0.000
GLU01A0216_018 0.000 0.000 0.000 0.000 0.000 0.000 0.000 0.000 0.000 0.000 0.000 0.000 0.000 0.000 0.000
GLU01A0216_019 0.019 0.019 0.018 0.017 0.013 0.004 0.000 0.000 0.000 0.000 0.000 0.000 0.000 0.000 0.000
GLU01A0216_020 0.102 0.101 0.101 0.098 0.070 0.021 0.003 0.000 0.000 0.000 0.000 0.000 0.000 0.000 0.000
GLU01A0216_021 0.008 0.008 0.008 0.007 0.005 0.002 0.000 0.000 0.000 0.000 0.000 0.000 0.000 0.000 0.000
GLU01A0216_022 0.087 0.088 0.086 0.083 0.061 0.018 0.003 0.000 0.000 0.000 0.000 0.000 0.000 0.000 0.000
GLU01A0216_023 0.071 0.070 0.069 0.067 0.048 0.015 0.002 0.000 0.000 0.000 0.000 0.000 0.000 0.000 0.000
GLU01A0216_024 0.003 0.003 0.003 0.003 0.002 0.000 0.000 0.000 0.000 0.000 0.000 0.000 0.000 0.000 0.000
GLU02A0216_025 0.003 0.003 0.003 0.003 0.002 0.000 0.000 0.000 0.000 0.000 0.000 0.000 0.000 0.000 0.000
GLU02A0216_026 0.005 0.005 0.005 0.005 0.004 0.000 0.000 0.000 0.000 0.000 0.000 0.000 0.000 0.000 0.000
GLU02A0216_027 0.004 0.004 0.004 0.004 0.003 0.000 0.000 0.000 0.000 0.000 0.000 0.000 0.000 0.000 0.000
GLU02A0216_028 0.000 0.000 0.000 0.000 0.000 0.000 0.000 0.000 0.000 0.000 0.000 0.000 0.000 0.000 0.000
GLU02A0216_029 0.060 0.060 0.059 0.058 0.042 0.013 0.002 0.000 0.000 0.000 0.000 0.000 0.000 0.000 0.000
GLU02A0216_030 0.000 0.000 0.000 0.000 0.000 0.000 0.000 0.000 0.000 0.000 0.000 0.000 0.000 0.000 0.000
GLU02A0216_031 0.000 0.000 0.000 0.000 0.000 0.000 0.000 0.000 0.000 0.000 0.000 0.000 0.000 0.000 0.000
GLU02A0216_032 0.004 0.004 0.004 0.004 0.003 0.000 0.000 0.000 0.000 0.000 0.000 0.000 0.000 0.000 0.000
GLU02A0216_033 0.001 0.002 0.001 0.001 0.000 0.000 0.000 0.000 0.000 0.000 0.000 0.000 0.000 0.000 0.000
GLU02A0216_034 0.004 0.004 0.004 0.004 0.003 0.000 0.000 0.000 0.000 0.000 0.000 0.000 0.000 0.000 0.000
GLU02A0216_035 0.000 0.000 0.000 0.000 0.000 0.000 0.000 0.000 0.000 0.000 0.000 0.000 0.000 0.000 0.000
GLU02A0216_036 0.000 0.000 0.000 0.000 0.000 0.000 0.000 0.000 0.000 0.000 0.000 0.000 0.000 0.000 0.000
GLU02A0216_037 0.071 0.071 0.071 0.068 0.050 0.015 0.002 0.000 0.000 0.000 0.000 0.000 0.000 0.000 0.000
GLU02A0216_038 0.102 0.102 0.101 0.096 0.071 0.021 0.003 0.000 0.000 0.000 0.000 0.000 0.000 0.000 0.000
GLU02A0216_039 0.025 0.026 0.026 0.025 0.018 0.005 0.000 0.000 0.000 0.000 0.000 0.000 0.000 0.000 0.000
GLU02A0216_040 0.077 0.078 0.077 0.074 0.054 0.016 0.002 0.000 0.000 0.000 0.000 0.000 0.000 0.000 0.000
GLU02A0216_041 0.086 0.085 0.084 0.081 0.058 0.018 0.003 0.000 0.000 0.000 0.000 0.000 0.000 0.000 0.000
GLU02A0216_042 0.003 0.003 0.003 0.003 0.002 0.000 0.000 0.000 0.000 0.000 0.000 0.000 0.000 0.000 0.000
GLU-1A0216_043 0.000 0.000 0.000 0.004 0.029 0.076 0.093 0.095 0.094 0.095 0.094 0.095 0.094 0.094 0.094
GLU-1A0216_044 0.000 0.000 0.000 0.004 0.028 0.073 0.087 0.089 0.089 0.090 0.089 0.090 0.090 0.089 0.088
GLU-1A0216_045 0.000 0.000 0.000 0.000 0.006 0.014 0.017 0.018 0.018 0.018 0.018 0.018 0.018 0.018 0.018
GLU-1A0216_046 0.000 0.000 0.003 0.011 0.072 0.185 0.226 0.232 0.231 0.234 0.233 0.234 0.234 0.232 0.233
GLU-1A0216_047 0.000 0.000 0.000 0.004 0.027 0.069 0.084 0.087 0.086 0.085 0.087 0.085 0.087 0.088 0.086
GLU-1A0216_048 0.000 0.000 0.000 0.003 0.017 0.046 0.055 0.057 0.057 0.056 0.057 0.057 0.057 0.057 0.057
GLU-1A0216_049 0.000 0.000 0.000 0.001 0.008 0.021 0.026 0.027 0.027 0.027 0.026 0.026 0.026 0.027 0.027
GLU-1A0216_050 0.000 0.000 0.000 0.007 0.046 0.121 0.147 0.150 0.149 0.150 0.149 0.150 0.149 0.149 0.149
GLU-1A0216_051 0.000 0.000 0.000 0.000 0.000 0.000 0.001 0.001 0.001 0.001 0.001 0.001 0.001 0.001 0.001
GLU-1A0216_052 0.000 0.000 0.003 0.011 0.073 0.191 0.231 0.237 0.240 0.237 0.240 0.238 0.238 0.238 0.241
GLU-1A0216_053 0.000 0.000 0.000 0.000 0.002 0.005 0.006 0.006 0.006 0.006 0.006 0.006 0.006 0.006 0.006
