 ph              0.0   1.0   2.0   3.0   4.0   5.0   6.0   7.0   8.0   9.0  10.0  11.0  12.0  13.0  14.0
ASP01A0176_001 0.008 0.008 0.008 0.006 0.003 0.000 0.000 0.000 0.000 0.000 0.000 0.000 0.000 0.000 0.000
ASP01A0176_002 0.000 0.000 0.000 0.000 0.000 0.000 0.000 0.000 0.000 0.000 0.000 0.000 0.000 0.000 0.000
ASP01A0176_003 0.249 0.247 0.241 0.203 0.079 0.013 0.000 0.000 0.000 0.000 0.000 0.000 0.000 0.000 0.000
ASP01A0176_004 0.246 0.247 0.242 0.204 0.080 0.013 0.002 0.000 0.000 0.000 0.000 0.000 0.000 0.000 0.000
ASP01A0176_005 0.006 0.006 0.006 0.004 0.002 0.000 0.000 0.000 0.000 0.000 0.000 0.000 0.000 0.000 0.000
ASP01A0176_006 0.007 0.007 0.007 0.005 0.002 0.000 0.000 0.000 0.000 0.000 0.000 0.000 0.000 0.000 0.000
ASP01A0176_007 0.005 0.004 0.004 0.004 0.001 0.000 0.000 0.000 0.000 0.000 0.000 0.000 0.000 0.000 0.000
ASP02A0176_008 0.022 0.022 0.022 0.018 0.007 0.001 0.000 0.000 0.000 0.000 0.000 0.000 0.000 0.000 0.000
ASP02A0176_009 0.236 0.235 0.232 0.195 0.076 0.012 0.002 0.000 0.000 0.000 0.000 0.000 0.000 0.000 0.000
ASP02A0176_010 0.198 0.198 0.194 0.165 0.064 0.010 0.002 0.000 0.000 0.000 0.000 0.000 0.000 0.000 0.000
ASP02A0176_011 0.014 0.014 0.014 0.012 0.005 0.000 0.000 0.000 0.000 0.000 0.000 0.000 0.000 0.000 0.000
ASP02A0176_012 0.011 0.011 0.011 0.009 0.003 0.000 0.000 0.000 0.000 0.000 0.000 0.000 0.000 0.000 0.000
ASP-1A0176_013 0.000 0.002 0.012 0.097 0.376 0.527 0.551 0.553 0.556 0.554 0.560 0.552 0.556 0.552 0.555
ASP-1A0176_014 0.000 0.000 0.009 0.078 0.302 0.422 0.443 0.447 0.444 0.446 0.440 0.448 0.444 0.448 0.445
