 ph              0.0   1.0   2.0   3.0   4.0   5.0   6.0   7.0   8.0   9.0  10.0  11.0  12.0  13.0  14.0
GLU01A0123_001 0.014 0.013 0.014 0.014 0.011 0.004 0.000 0.000 0.000 0.000 0.000 0.000 0.000 0.000 0.000
GLU01A0123_002 0.181 0.180 0.180 0.175 0.141 0.048 0.009 0.000 0.000 0.000 0.000 0.000 0.000 0.000 0.000
GLU01A0123_003 0.017 0.017 0.016 0.016 0.013 0.004 0.000 0.000 0.000 0.000 0.000 0.000 0.000 0.000 0.000
GLU01A0123_004 0.000 0.000 0.000 0.000 0.000 0.000 0.000 0.000 0.000 0.000 0.000 0.000 0.000 0.000 0.000
GLU01A0123_005 0.001 0.001 0.001 0.000 0.000 0.000 0.000 0.000 0.000 0.000 0.000 0.000 0.000 0.000 0.000
GLU01A0123_006 0.000 0.001 0.001 0.000 0.000 0.000 0.000 0.000 0.000 0.000 0.000 0.000 0.000 0.000 0.000
GLU01A0123_007 0.004 0.004 0.004 0.004 0.003 0.000 0.000 0.000 0.000 0.000 0.000 0.000 0.000 0.000 0.000
GLU01A0123_008 0.001 0.001 0.001 0.001 0.000 0.000 0.000 0.000 0.000 0.000 0.000 0.000 0.000 0.000 0.000
GLU01A0123_009 0.003 0.003 0.003 0.003 0.003 0.000 0.000 0.000 0.000 0.000 0.000 0.000 0.000 0.000 0.000
GLU01A0123_010 0.000 0.000 0.000 0.000 0.000 0.000 0.000 0.000 0.000 0.000 0.000 0.000 0.000 0.000 0.000
GLU01A0123_011 0.025 0.025 0.025 0.024 0.020 0.007 0.000 0.000 0.000 0.000 0.000 0.000 0.000 0.000 0.000
GLU01A0123_012 0.054 0.053 0.053 0.051 0.042 0.014 0.003 0.000 0.000 0.000 0.000 0.000 0.000 0.000 0.000
GLU01A0123_013 0.016 0.016 0.016 0.015 0.012 0.004 0.000 0.000 0.000 0.000 0.000 0.000 0.000 0.000 0.000
GLU01A0123_014 0.169 0.170 0.169 0.164 0.133 0.045 0.008 0.005 0.000 0.000 0.000 0.000 0.000 0.000 0.000
GLU01A0123_015 0.046 0.046 0.046 0.046 0.036 0.013 0.002 0.000 0.000 0.000 0.000 0.000 0.000 0.000 0.000
GLU02A0123_016 0.005 0.005 0.005 0.005 0.004 0.001 0.000 0.000 0.000 0.000 0.000 0.000 0.000 0.000 0.000
GLU02A0123_017 0.009 0.008 0.009 0.008 0.007 0.002 0.000 0.000 0.000 0.000 0.000 0.000 0.000 0.000 0.000
GLU02A0123_018 0.111 0.111 0.111 0.108 0.087 0.029 0.006 0.000 0.000 0.000 0.000 0.000 0.000 0.000 0.000
GLU02A0123_019 0.000 0.000 0.000 0.000 0.000 0.000 0.000 0.000 0.000 0.000 0.000 0.000 0.000 0.000 0.000
GLU02A0123_020 0.042 0.043 0.043 0.041 0.033 0.011 0.002 0.000 0.000 0.000 0.000 0.000 0.000 0.000 0.000
GLU02A0123_021 0.000 0.000 0.000 0.000 0.000 0.000 0.000 0.000 0.000 0.000 0.000 0.000 0.000 0.000 0.000
GLU02A0123_022 0.000 0.000 0.000 0.000 0.000 0.000 0.000 0.000 0.000 0.000 0.000 0.000 0.000 0.000 0.000
GLU02A0123_023 0.000 0.000 0.000 0.000 0.000 0.000 0.000 0.000 0.000 0.000 0.000 0.000 0.000 0.000 0.000
GLU02A0123_024 0.000 0.001 0.001 0.001 0.000 0.000 0.000 0.000 0.000 0.000 0.000 0.000 0.000 0.000 0.000
GLU02A0123_025 0.002 0.002 0.002 0.002 0.002 0.000 0.000 0.000 0.000 0.000 0.000 0.000 0.000 0.000 0.000
GLU02A0123_026 0.050 0.050 0.049 0.048 0.038 0.013 0.002 0.000 0.000 0.000 0.000 0.000 0.000 0.000 0.000
GLU02A0123_027 0.012 0.012 0.012 0.012 0.009 0.003 0.000 0.000 0.000 0.000 0.000 0.000 0.000 0.000 0.000
GLU02A0123_028 0.014 0.014 0.015 0.014 0.011 0.004 0.000 0.000 0.000 0.000 0.000 0.000 0.000 0.000 0.000
GLU02A0123_029 0.222 0.221 0.218 0.216 0.171 0.059 0.011 0.000 0.000 0.000 0.000 0.000 0.000 0.000 0.000
GLU-1A0123_030 0.000 0.000 0.000 0.009 0.071 0.238 0.308 0.317 0.318 0.320 0.321 0.320 0.319 0.319 0.319
GLU-1A0123_031 0.000 0.000 0.000 0.000 0.000 0.000 0.000 0.000 0.000 0.000 0.000 0.000 0.001 0.001 0.000
GLU-1A0123_032 0.000 0.000 0.000 0.001 0.010 0.032 0.042 0.043 0.044 0.044 0.044 0.044 0.045 0.043 0.044
GLU-1A0123_033 0.000 0.000 0.005 0.012 0.097 0.321 0.418 0.437 0.440 0.440 0.437 0.436 0.436 0.439 0.439
GLU-1A0123_034 0.000 0.000 0.000 0.002 0.018 0.060 0.079 0.082 0.083 0.082 0.083 0.085 0.084 0.083 0.083
GLU-1A0123_035 0.000 0.000 0.000 0.001 0.009 0.032 0.041 0.043 0.044 0.043 0.043 0.043 0.043 0.043 0.044
GLU-1A0123_036 0.000 0.000 0.000 0.002 0.016 0.053 0.069 0.072 0.071 0.071 0.072 0.071 0.073 0.072 0.071
