 ph              0.0   1.0   2.0   3.0   4.0   5.0   6.0   7.0   8.0   9.0  10.0  11.0  12.0  13.0  14.0
MET01A0221_001 0.200 0.200 0.200 0.200 0.200 0.201 0.200 0.202 0.201 0.198 0.199 0.200 0.201 0.200 0.198
MET01A0221_002 0.063 0.064 0.065 0.065 0.064 0.064 0.064 0.064 0.064 0.064 0.065 0.064 0.064 0.064 0.064
MET01A0221_003 0.014 0.014 0.014 0.014 0.014 0.014 0.014 0.014 0.014 0.013 0.014 0.014 0.014 0.014 0.014
MET01A0221_004 0.014 0.014 0.013 0.014 0.014 0.014 0.014 0.014 0.013 0.013 0.014 0.013 0.013 0.013 0.014
MET01A0221_005 0.009 0.009 0.009 0.009 0.009 0.009 0.009 0.009 0.009 0.009 0.009 0.009 0.009 0.009 0.009
MET01A0221_006 0.153 0.153 0.153 0.154 0.155 0.155 0.155 0.155 0.155 0.155 0.155 0.155 0.155 0.154 0.153
MET01A0221_007 0.000 0.000 0.000 0.000 0.000 0.000 0.000 0.000 0.000 0.000 0.000 0.000 0.000 0.000 0.000
MET01A0221_008 0.000 0.000 0.000 0.000 0.000 0.000 0.000 0.000 0.000 0.000 0.000 0.000 0.000 0.000 0.000
MET01A0221_009 0.520 0.518 0.517 0.517 0.517 0.516 0.518 0.516 0.517 0.520 0.517 0.518 0.517 0.518 0.522
MET01A0221_010 0.000 0.000 0.000 0.000 0.000 0.000 0.000 0.000 0.000 0.000 0.000 0.000 0.000 0.000 0.000
MET01A0221_011 0.025 0.025 0.025 0.025 0.025 0.025 0.025 0.025 0.025 0.025 0.025 0.025 0.024 0.025 0.025
MET01A0221_012 0.000 0.000 0.000 0.000 0.000 0.000 0.000 0.000 0.000 0.000 0.000 0.000 0.000 0.000 0.000
MET01A0221_013 0.000 0.000 0.000 0.000 0.000 0.000 0.000 0.000 0.000 0.000 0.000 0.000 0.000 0.000 0.000
MET01A0221_014 0.000 0.000 0.000 0.000 0.000 0.000 0.000 0.000 0.000 0.000 0.000 0.000 0.000 0.000 0.000
MET01A0221_015 0.003 0.003 0.003 0.003 0.003 0.003 0.002 0.003 0.003 0.002 0.003 0.003 0.003 0.003 0.003
MET01A0221_016 0.000 0.000 0.000 0.000 0.000 0.000 0.000 0.000 0.000 0.000 0.000 0.000 0.000 0.000 0.000
MET01A0221_017 0.000 0.000 0.000 0.000 0.000 0.000 0.000 0.000 0.000 0.000 0.000 0.000 0.000 0.000 0.000
MET01A0221_018 0.000 0.000 0.000 0.000 0.000 0.000 0.000 0.000 0.000 0.000 0.000 0.000 0.000 0.000 0.000
MET01A0221_019 0.000 0.000 0.000 0.000 0.000 0.000 0.000 0.000 0.000 0.000 0.000 0.000 0.000 0.000 0.000
MET01A0221_020 0.000 0.000 0.000 0.000 0.000 0.000 0.000 0.000 0.000 0.000 0.000 0.000 0.000 0.000 0.000
