 ph              0.0   1.0   2.0   3.0   4.0   5.0   6.0   7.0   8.0   9.0  10.0  11.0  12.0  13.0  14.0
LYS01A0209_001 0.000 0.000 0.000 0.000 0.000 0.000 0.000 0.000 0.000 0.000 0.000 0.000 0.000 0.001 0.001
LYS01A0209_002 0.000 0.000 0.000 0.000 0.000 0.000 0.000 0.000 0.000 0.000 0.000 0.003 0.005 0.005 0.005
LYS01A0209_003 0.000 0.000 0.000 0.000 0.000 0.000 0.000 0.000 0.000 0.000 0.000 0.000 0.000 0.001 0.000
LYS01A0209_004 0.000 0.000 0.000 0.000 0.000 0.000 0.000 0.000 0.000 0.000 0.005 0.017 0.026 0.026 0.026
LYS01A0209_005 0.000 0.000 0.000 0.000 0.000 0.000 0.000 0.000 0.000 0.000 0.000 0.002 0.004 0.004 0.004
LYS01A0209_006 0.000 0.000 0.000 0.000 0.000 0.000 0.000 0.000 0.000 0.009 0.060 0.220 0.322 0.339 0.337
LYS01A0209_007 0.000 0.000 0.000 0.000 0.000 0.000 0.000 0.000 0.000 0.009 0.058 0.210 0.304 0.321 0.326
LYS01A0209_008 0.000 0.000 0.000 0.000 0.000 0.000 0.000 0.000 0.000 0.000 0.000 0.000 0.000 0.000 0.000
LYS01A0209_009 0.000 0.000 0.000 0.000 0.000 0.000 0.000 0.000 0.000 0.000 0.000 0.000 0.001 0.002 0.002
LYS01A0209_010 0.000 0.000 0.000 0.000 0.000 0.000 0.000 0.000 0.000 0.000 0.000 0.002 0.003 0.004 0.003
LYS01A0209_011 0.000 0.000 0.000 0.000 0.000 0.000 0.000 0.000 0.000 0.000 0.002 0.009 0.013 0.013 0.013
LYS01A0209_012 0.000 0.000 0.000 0.000 0.000 0.000 0.000 0.000 0.000 0.000 0.000 0.000 0.000 0.000 0.000
LYS01A0209_013 0.000 0.000 0.000 0.000 0.000 0.000 0.000 0.000 0.000 0.003 0.022 0.081 0.120 0.124 0.128
LYS01A0209_014 0.000 0.000 0.000 0.000 0.000 0.000 0.000 0.000 0.000 0.000 0.000 0.003 0.004 0.004 0.004
LYS01A0209_015 0.000 0.000 0.000 0.000 0.000 0.000 0.000 0.000 0.000 0.000 0.005 0.019 0.027 0.029 0.029
LYS01A0209_016 0.000 0.000 0.000 0.000 0.000 0.000 0.000 0.000 0.000 0.003 0.018 0.065 0.096 0.101 0.103
LYS01A0209_017 0.000 0.000 0.000 0.000 0.000 0.000 0.000 0.000 0.000 0.000 0.002 0.006 0.008 0.009 0.009
LYS01A0209_018 0.000 0.000 0.000 0.000 0.000 0.000 0.000 0.000 0.000 0.000 0.000 0.002 0.003 0.003 0.003
LYS01A0209_019 0.000 0.000 0.000 0.000 0.000 0.000 0.000 0.000 0.000 0.000 0.000 0.000 0.000 0.001 0.001
LYS01A0209_020 0.000 0.000 0.000 0.000 0.000 0.000 0.000 0.000 0.000 0.000 0.000 0.004 0.006 0.007 0.007
LYS+1A0209_021 0.000 0.000 0.000 0.000 0.000 0.000 0.000 0.000 0.000 0.000 0.000 0.000 0.000 0.000 0.000
LYS+1A0209_022 0.003 0.003 0.003 0.003 0.003 0.003 0.003 0.002 0.003 0.003 0.002 0.000 0.000 0.000 0.000
LYS+1A0209_023 0.003 0.003 0.003 0.003 0.003 0.003 0.003 0.003 0.003 0.003 0.002 0.000 0.000 0.000 0.000
LYS+1A0209_024 0.001 0.001 0.001 0.001 0.001 0.001 0.001 0.001 0.001 0.001 0.000 0.000 0.000 0.000 0.000
LYS+1A0209_025 0.024 0.024 0.024 0.024 0.024 0.024 0.023 0.024 0.024 0.023 0.020 0.009 0.001 0.000 0.000
LYS+1A0209_026 0.029 0.030 0.030 0.030 0.029 0.029 0.029 0.029 0.030 0.029 0.024 0.011 0.002 0.000 0.000
LYS+1A0209_027 0.487 0.486 0.491 0.485 0.489 0.487 0.494 0.491 0.489 0.478 0.402 0.176 0.028 0.005 0.000
LYS+1A0209_028 0.250 0.252 0.247 0.251 0.251 0.251 0.246 0.250 0.249 0.243 0.207 0.090 0.015 0.003 0.000
LYS+1A0209_029 0.074 0.075 0.074 0.075 0.074 0.075 0.075 0.074 0.074 0.072 0.063 0.027 0.004 0.000 0.000
LYS+1A0209_030 0.000 0.000 0.000 0.000 0.000 0.000 0.000 0.000 0.000 0.000 0.000 0.000 0.000 0.000 0.000
LYS+1A0209_031 0.005 0.004 0.004 0.004 0.004 0.004 0.004 0.004 0.004 0.004 0.004 0.002 0.000 0.000 0.000
LYS+1A0209_032 0.003 0.003 0.003 0.003 0.003 0.003 0.003 0.003 0.003 0.003 0.002 0.000 0.000 0.000 0.000
LYS+1A0209_033 0.006 0.006 0.006 0.006 0.006 0.006 0.006 0.006 0.006 0.006 0.005 0.002 0.000 0.000 0.000
LYS+1A0209_034 0.004 0.004 0.004 0.004 0.004 0.004 0.004 0.004 0.004 0.004 0.003 0.001 0.000 0.000 0.000
LYS+1A0209_035 0.000 0.000 0.000 0.000 0.000 0.000 0.000 0.000 0.000 0.000 0.000 0.000 0.000 0.000 0.000
LYS+1A0209_036 0.108 0.107 0.108 0.108 0.108 0.108 0.105 0.105 0.108 0.104 0.090 0.039 0.006 0.000 0.000
LYS+1A0209_037 0.002 0.002 0.002 0.002 0.002 0.002 0.002 0.002 0.002 0.002 0.001 0.000 0.000 0.000 0.000
LYS+1A0209_038 0.000 0.000 0.000 0.001 0.000 0.000 0.000 0.000 0.000 0.000 0.000 0.000 0.000 0.000 0.000
LYS+1A0209_039 0.000 0.000 0.000 0.000 0.000 0.000 0.000 0.000 0.000 0.000 0.000 0.000 0.000 0.000 0.000
LYS+1A0209_040 0.000 0.000 0.000 0.000 0.000 0.000 0.000 0.000 0.000 0.000 0.000 0.000 0.000 0.000 0.000
