 ph              0.0   1.0   2.0   3.0   4.0   5.0   6.0   7.0   8.0   9.0  10.0  11.0  12.0  13.0  14.0
LYS01A0168_001 0.000 0.000 0.000 0.000 0.000 0.000 0.000 0.000 0.000 0.007 0.047 0.122 0.146 0.150 0.151
LYS01A0168_002 0.000 0.000 0.000 0.000 0.000 0.000 0.000 0.000 0.000 0.000 0.000 0.000 0.000 0.000 0.000
LYS01A0168_003 0.000 0.000 0.000 0.000 0.000 0.000 0.000 0.000 0.000 0.000 0.004 0.011 0.014 0.014 0.014
LYS01A0168_004 0.000 0.000 0.000 0.000 0.000 0.000 0.000 0.000 0.000 0.000 0.000 0.000 0.000 0.000 0.000
LYS01A0168_005 0.000 0.000 0.000 0.000 0.000 0.000 0.000 0.000 0.000 0.000 0.001 0.004 0.005 0.005 0.005
LYS01A0168_006 0.000 0.000 0.000 0.000 0.000 0.000 0.000 0.000 0.000 0.000 0.000 0.000 0.000 0.000 0.000
LYS01A0168_007 0.000 0.000 0.000 0.000 0.000 0.000 0.000 0.000 0.000 0.000 0.000 0.000 0.000 0.000 0.000
LYS01A0168_008 0.000 0.000 0.000 0.000 0.000 0.000 0.000 0.000 0.000 0.008 0.050 0.130 0.158 0.161 0.164
LYS01A0168_009 0.000 0.000 0.000 0.000 0.000 0.000 0.000 0.000 0.004 0.016 0.098 0.253 0.307 0.316 0.315
LYS01A0168_010 0.000 0.000 0.000 0.000 0.000 0.000 0.000 0.000 0.000 0.000 0.000 0.000 0.000 0.000 0.000
LYS01A0168_011 0.000 0.000 0.000 0.000 0.000 0.000 0.000 0.000 0.000 0.000 0.000 0.000 0.000 0.000 0.000
LYS01A0168_012 0.000 0.000 0.000 0.000 0.000 0.000 0.000 0.000 0.000 0.000 0.000 0.000 0.000 0.000 0.000
LYS01A0168_013 0.000 0.000 0.000 0.000 0.000 0.000 0.000 0.000 0.000 0.000 0.005 0.014 0.017 0.017 0.017
LYS01A0168_014 0.000 0.000 0.000 0.000 0.000 0.000 0.000 0.000 0.000 0.000 0.000 0.001 0.001 0.002 0.002
LYS01A0168_015 0.000 0.000 0.000 0.000 0.000 0.000 0.000 0.000 0.000 0.003 0.020 0.052 0.062 0.065 0.063
LYS01A0168_016 0.000 0.000 0.000 0.000 0.000 0.000 0.000 0.000 0.000 0.000 0.000 0.002 0.002 0.002 0.002
LYS01A0168_017 0.000 0.000 0.000 0.000 0.000 0.000 0.000 0.000 0.000 0.000 0.005 0.013 0.016 0.017 0.016
LYS01A0168_018 0.000 0.000 0.000 0.000 0.000 0.000 0.000 0.000 0.000 0.000 0.000 0.003 0.003 0.003 0.003
LYS01A0168_019 0.000 0.000 0.000 0.000 0.000 0.000 0.000 0.000 0.003 0.010 0.061 0.162 0.194 0.200 0.199
LYS01A0168_020 0.000 0.000 0.000 0.000 0.000 0.000 0.000 0.000 0.000 0.002 0.015 0.040 0.049 0.050 0.049
LYS+1A0168_021 0.155 0.154 0.153 0.154 0.154 0.155 0.154 0.155 0.152 0.147 0.107 0.030 0.004 0.000 0.000
LYS+1A0168_022 0.000 0.000 0.000 0.000 0.000 0.000 0.000 0.000 0.000 0.000 0.000 0.000 0.000 0.000 0.000
LYS+1A0168_023 0.000 0.000 0.000 0.000 0.000 0.000 0.000 0.000 0.000 0.000 0.000 0.000 0.000 0.000 0.000
LYS+1A0168_024 0.000 0.000 0.000 0.000 0.000 0.000 0.000 0.000 0.000 0.000 0.000 0.000 0.000 0.000 0.000
LYS+1A0168_025 0.100 0.100 0.100 0.100 0.100 0.100 0.101 0.101 0.099 0.096 0.070 0.020 0.003 0.000 0.000
LYS+1A0168_026 0.022 0.023 0.022 0.022 0.022 0.023 0.022 0.022 0.022 0.021 0.015 0.004 0.000 0.000 0.000
LYS+1A0168_027 0.230 0.229 0.229 0.229 0.228 0.230 0.228 0.228 0.227 0.217 0.159 0.044 0.007 0.000 0.000
LYS+1A0168_028 0.231 0.231 0.232 0.231 0.232 0.232 0.232 0.232 0.232 0.223 0.161 0.046 0.007 0.000 0.000
LYS+1A0168_029 0.000 0.000 0.000 0.000 0.000 0.000 0.000 0.000 0.000 0.000 0.000 0.000 0.000 0.000 0.000
LYS+1A0168_030 0.012 0.012 0.012 0.012 0.012 0.012 0.012 0.012 0.012 0.011 0.008 0.002 0.000 0.000 0.000
LYS+1A0168_031 0.000 0.000 0.000 0.000 0.000 0.000 0.000 0.000 0.000 0.000 0.000 0.000 0.000 0.000 0.000
LYS+1A0168_032 0.006 0.006 0.006 0.006 0.006 0.006 0.006 0.006 0.006 0.005 0.004 0.000 0.000 0.000 0.000
LYS+1A0168_033 0.009 0.009 0.009 0.009 0.009 0.009 0.009 0.009 0.009 0.009 0.006 0.002 0.000 0.000 0.000
LYS+1A0168_034 0.002 0.002 0.003 0.002 0.002 0.002 0.002 0.002 0.002 0.002 0.002 0.000 0.000 0.000 0.000
LYS+1A0168_035 0.149 0.151 0.151 0.151 0.151 0.149 0.150 0.149 0.150 0.143 0.104 0.029 0.004 0.000 0.000
LYS+1A0168_036 0.002 0.002 0.002 0.002 0.002 0.002 0.002 0.002 0.002 0.002 0.002 0.000 0.000 0.000 0.000
LYS+1A0168_037 0.000 0.000 0.000 0.000 0.000 0.000 0.000 0.000 0.000 0.000 0.000 0.000 0.000 0.000 0.000
LYS+1A0168_038 0.081 0.081 0.081 0.081 0.082 0.080 0.081 0.080 0.080 0.077 0.055 0.016 0.002 0.000 0.000
LYS+1A0168_039 0.000 0.000 0.000 0.000 0.000 0.000 0.000 0.000 0.000 0.000 0.000 0.000 0.000 0.000 0.000
LYS+1A0168_040 0.000 0.000 0.000 0.000 0.000 0.000 0.000 0.000 0.000 0.000 0.000 0.000 0.000 0.000 0.000
