 ph              0.0   1.0   2.0   3.0   4.0   5.0   6.0   7.0   8.0   9.0  10.0  11.0  12.0  13.0  14.0
GLN01A0240_001 0.005 0.005 0.005 0.005 0.005 0.005 0.005 0.005 0.005 0.005 0.005 0.005 0.005 0.005 0.005
GLN01A0240_002 0.146 0.145 0.145 0.146 0.146 0.145 0.146 0.146 0.146 0.145 0.145 0.146 0.145 0.146 0.145
GLN01A0240_003 0.083 0.084 0.083 0.083 0.083 0.083 0.083 0.083 0.083 0.083 0.084 0.083 0.083 0.083 0.084
GLN01A0240_004 0.142 0.141 0.141 0.141 0.141 0.142 0.140 0.140 0.141 0.140 0.141 0.142 0.141 0.141 0.142
GLN01A0240_005 0.021 0.021 0.021 0.021 0.021 0.021 0.021 0.021 0.021 0.021 0.021 0.021 0.021 0.021 0.021
GLN01A0240_006 0.143 0.144 0.145 0.144 0.145 0.144 0.145 0.144 0.144 0.145 0.144 0.145 0.144 0.145 0.143
GLN01A0240_007 0.013 0.013 0.013 0.013 0.013 0.013 0.013 0.013 0.014 0.013 0.013 0.013 0.013 0.013 0.013
GLN01A0240_008 0.016 0.016 0.016 0.016 0.016 0.015 0.016 0.015 0.016 0.016 0.016 0.016 0.015 0.015 0.016
GLN01A0240_009 0.111 0.111 0.111 0.112 0.112 0.111 0.112 0.113 0.112 0.112 0.111 0.111 0.111 0.112 0.111
GLN01A0240_010 0.014 0.014 0.014 0.014 0.014 0.014 0.014 0.014 0.014 0.014 0.014 0.014 0.014 0.014 0.014
GLN01A0240_011 0.164 0.164 0.166 0.164 0.164 0.165 0.164 0.165 0.165 0.165 0.166 0.165 0.166 0.164 0.165
GLN01A0240_012 0.037 0.037 0.037 0.037 0.036 0.037 0.037 0.037 0.037 0.037 0.037 0.037 0.037 0.037 0.037
GLN01A0240_013 0.028 0.028 0.028 0.028 0.027 0.028 0.028 0.027 0.027 0.028 0.028 0.028 0.027 0.028 0.027
GLN01A0240_014 0.027 0.027 0.027 0.027 0.027 0.027 0.027 0.027 0.026 0.027 0.027 0.027 0.027 0.027 0.027
GLN01A0240_015 0.050 0.050 0.050 0.050 0.050 0.050 0.050 0.050 0.050 0.050 0.050 0.050 0.050 0.050 0.049
