 ph              0.0   1.0   2.0   3.0   4.0   5.0   6.0   7.0   8.0   9.0  10.0  11.0  12.0  13.0  14.0
ASP01A0176_001 0.008 0.008 0.008 0.007 0.003 0.000 0.000 0.000 0.000 0.000 0.000 0.000 0.000 0.000 0.000
ASP01A0176_002 0.006 0.006 0.006 0.005 0.002 0.000 0.000 0.000 0.000 0.000 0.000 0.000 0.000 0.000 0.000
ASP01A0176_003 0.249 0.248 0.242 0.204 0.078 0.015 0.002 0.000 0.000 0.000 0.000 0.000 0.000 0.000 0.000
ASP01A0176_004 0.004 0.005 0.004 0.004 0.002 0.000 0.000 0.000 0.000 0.000 0.000 0.000 0.000 0.000 0.000
ASP01A0176_005 0.006 0.007 0.006 0.006 0.002 0.000 0.000 0.000 0.000 0.000 0.000 0.000 0.000 0.000 0.000
ASP01A0176_006 0.000 0.000 0.000 0.000 0.000 0.000 0.000 0.000 0.000 0.000 0.000 0.000 0.000 0.000 0.000
ASP01A0176_007 0.248 0.244 0.241 0.202 0.077 0.014 0.002 0.000 0.000 0.000 0.000 0.000 0.000 0.000 0.000
ASP02A0176_008 0.022 0.022 0.021 0.018 0.007 0.000 0.000 0.000 0.000 0.000 0.000 0.000 0.000 0.000 0.000
ASP02A0176_009 0.237 0.237 0.233 0.196 0.075 0.014 0.002 0.000 0.000 0.000 0.000 0.000 0.000 0.000 0.000
ASP02A0176_010 0.195 0.195 0.192 0.162 0.062 0.012 0.000 0.000 0.000 0.000 0.000 0.000 0.000 0.000 0.000
ASP02A0176_011 0.014 0.014 0.014 0.012 0.004 0.000 0.000 0.000 0.000 0.000 0.000 0.000 0.000 0.000 0.000
ASP02A0176_012 0.012 0.012 0.012 0.010 0.004 0.000 0.000 0.000 0.000 0.000 0.000 0.000 0.000 0.000 0.000
ASP-1A0176_013 0.000 0.002 0.012 0.098 0.381 0.524 0.557 0.557 0.559 0.561 0.559 0.558 0.557 0.557 0.560
ASP-1A0176_014 0.000 0.000 0.009 0.077 0.304 0.421 0.437 0.443 0.441 0.439 0.441 0.442 0.443 0.443 0.440
