 ph              0.0   1.0   2.0   3.0   4.0   5.0   6.0   7.0   8.0   9.0  10.0  11.0  12.0  13.0  14.0
ASN01A0173_001 0.168 0.169 0.170 0.168 0.170 0.168 0.169 0.170 0.170 0.169 0.169 0.169 0.170 0.169 0.169
ASN01A0173_002 0.001 0.001 0.001 0.001 0.001 0.001 0.001 0.001 0.001 0.001 0.001 0.001 0.001 0.001 0.001
ASN01A0173_003 0.032 0.033 0.032 0.033 0.033 0.033 0.033 0.033 0.033 0.033 0.032 0.033 0.032 0.032 0.032
ASN01A0173_004 0.321 0.321 0.321 0.324 0.321 0.321 0.323 0.319 0.320 0.323 0.322 0.322 0.321 0.321 0.321
ASN01A0173_005 0.003 0.003 0.003 0.003 0.003 0.003 0.003 0.003 0.003 0.003 0.003 0.003 0.003 0.003 0.003
ASN01A0173_006 0.001 0.001 0.001 0.000 0.001 0.001 0.000 0.000 0.001 0.000 0.001 0.001 0.001 0.001 0.001
ASN01A0173_007 0.204 0.204 0.204 0.204 0.203 0.204 0.203 0.203 0.203 0.203 0.203 0.202 0.203 0.204 0.203
ASN01A0173_008 0.136 0.135 0.135 0.135 0.135 0.136 0.136 0.136 0.136 0.135 0.136 0.136 0.136 0.136 0.136
ASN01A0173_009 0.001 0.001 0.001 0.001 0.001 0.001 0.001 0.001 0.001 0.001 0.001 0.001 0.001 0.001 0.001
ASN01A0173_010 0.128 0.128 0.128 0.128 0.128 0.128 0.127 0.129 0.129 0.128 0.128 0.128 0.128 0.128 0.130
ASN01A0173_011 0.000 0.000 0.000 0.000 0.000 0.000 0.000 0.000 0.000 0.000 0.000 0.000 0.000 0.000 0.000
ASN01A0173_012 0.003 0.003 0.003 0.003 0.003 0.003 0.003 0.003 0.003 0.003 0.003 0.003 0.003 0.003 0.003
