 ph              0.0   1.0   2.0   3.0   4.0   5.0   6.0   7.0   8.0   9.0  10.0  11.0  12.0  13.0  14.0
ASP01A0321_001 0.000 0.000 0.000 0.000 0.000 0.000 0.000 0.000 0.000 0.000 0.000 0.000 0.000 0.000 0.000
ASP01A0321_002 0.009 0.010 0.009 0.008 0.004 0.000 0.000 0.000 0.000 0.000 0.000 0.000 0.000 0.000 0.000
ASP01A0321_003 0.000 0.000 0.000 0.000 0.000 0.000 0.000 0.000 0.000 0.000 0.000 0.000 0.000 0.000 0.000
ASP01A0321_004 0.216 0.214 0.210 0.184 0.079 0.014 0.000 0.000 0.000 0.000 0.000 0.000 0.000 0.000 0.000
ASP01A0321_005 0.007 0.007 0.007 0.006 0.003 0.000 0.000 0.000 0.000 0.000 0.000 0.000 0.000 0.000 0.000
ASP01A0321_006 0.201 0.202 0.200 0.172 0.074 0.013 0.003 0.000 0.000 0.000 0.000 0.000 0.000 0.000 0.000
ASP01A0321_007 0.000 0.000 0.000 0.000 0.000 0.000 0.000 0.000 0.000 0.000 0.000 0.000 0.000 0.000 0.000
ASP01A0321_008 0.000 0.000 0.000 0.000 0.000 0.000 0.000 0.000 0.000 0.000 0.000 0.000 0.000 0.000 0.000
ASP02A0321_009 0.000 0.000 0.000 0.000 0.000 0.000 0.000 0.000 0.000 0.000 0.000 0.000 0.000 0.000 0.000
ASP02A0321_010 0.010 0.010 0.010 0.009 0.004 0.000 0.000 0.000 0.000 0.000 0.000 0.000 0.000 0.000 0.000
ASP02A0321_011 0.000 0.000 0.000 0.000 0.000 0.000 0.000 0.000 0.000 0.000 0.000 0.000 0.000 0.000 0.000
ASP02A0321_012 0.025 0.026 0.025 0.023 0.009 0.000 0.000 0.000 0.000 0.000 0.000 0.000 0.000 0.000 0.000
ASP02A0321_013 0.368 0.367 0.362 0.313 0.135 0.024 0.005 0.000 0.000 0.000 0.000 0.000 0.000 0.000 0.000
ASP02A0321_014 0.164 0.162 0.159 0.139 0.060 0.010 0.000 0.000 0.000 0.000 0.000 0.000 0.000 0.000 0.000
ASP02A0321_015 0.000 0.000 0.000 0.000 0.000 0.000 0.000 0.000 0.000 0.000 0.000 0.000 0.000 0.000 0.000
ASP-1A0321_016 0.000 0.000 0.000 0.000 0.000 0.000 0.000 0.000 0.000 0.000 0.000 0.000 0.000 0.000 0.000
ASP-1A0321_017 0.000 0.002 0.011 0.098 0.420 0.624 0.661 0.666 0.666 0.664 0.667 0.666 0.662 0.666 0.660
ASP-1A0321_018 0.000 0.000 0.006 0.050 0.213 0.314 0.331 0.333 0.334 0.336 0.333 0.334 0.338 0.334 0.340
ASP-1A0321_019 0.000 0.000 0.000 0.000 0.000 0.000 0.000 0.000 0.000 0.000 0.000 0.000 0.000 0.000 0.000
