 ph              0.0   1.0   2.0   3.0   4.0   5.0   6.0   7.0   8.0   9.0  10.0  11.0  12.0  13.0  14.0
ASP01A0124_001 0.000 0.000 0.000 0.000 0.000 0.000 0.000 0.000 0.000 0.000 0.000 0.000 0.000 0.000 0.000
ASP01A0124_002 0.039 0.039 0.038 0.033 0.015 0.003 0.000 0.000 0.000 0.000 0.000 0.000 0.000 0.000 0.000
ASP01A0124_003 0.038 0.038 0.036 0.032 0.015 0.003 0.000 0.000 0.000 0.000 0.000 0.000 0.000 0.000 0.000
ASP01A0124_004 0.007 0.007 0.007 0.006 0.003 0.000 0.000 0.000 0.000 0.000 0.000 0.000 0.000 0.000 0.000
ASP01A0124_005 0.015 0.014 0.014 0.012 0.005 0.000 0.000 0.000 0.000 0.000 0.000 0.000 0.000 0.000 0.000
ASP01A0124_006 0.000 0.000 0.000 0.000 0.000 0.000 0.000 0.000 0.000 0.000 0.000 0.000 0.000 0.000 0.000
ASP01A0124_007 0.002 0.002 0.002 0.002 0.000 0.000 0.000 0.000 0.000 0.000 0.000 0.000 0.000 0.000 0.000
ASP01A0124_008 0.000 0.000 0.000 0.000 0.000 0.000 0.000 0.000 0.000 0.000 0.000 0.000 0.000 0.000 0.000
ASP01A0124_009 0.000 0.000 0.000 0.000 0.000 0.000 0.000 0.000 0.000 0.000 0.000 0.000 0.000 0.000 0.000
ASP01A0124_010 0.012 0.012 0.012 0.010 0.004 0.000 0.000 0.000 0.000 0.000 0.000 0.000 0.000 0.000 0.000
ASP01A0124_011 0.178 0.177 0.176 0.153 0.068 0.014 0.003 0.000 0.000 0.000 0.000 0.000 0.000 0.000 0.000
ASP01A0124_012 0.016 0.016 0.016 0.014 0.006 0.000 0.000 0.000 0.000 0.000 0.000 0.000 0.000 0.000 0.000
ASP01A0124_013 0.019 0.019 0.019 0.016 0.007 0.001 0.000 0.000 0.000 0.000 0.000 0.000 0.000 0.000 0.000
ASP01A0124_014 0.143 0.143 0.140 0.122 0.054 0.011 0.000 0.000 0.000 0.000 0.000 0.000 0.000 0.000 0.000
ASP02A0124_015 0.003 0.003 0.003 0.003 0.001 0.000 0.000 0.000 0.000 0.000 0.000 0.000 0.000 0.000 0.000
ASP02A0124_016 0.036 0.036 0.035 0.031 0.014 0.003 0.000 0.000 0.000 0.000 0.000 0.000 0.000 0.000 0.000
ASP02A0124_017 0.007 0.007 0.007 0.006 0.003 0.000 0.000 0.000 0.000 0.000 0.000 0.000 0.000 0.000 0.000
ASP02A0124_018 0.015 0.015 0.014 0.012 0.006 0.000 0.000 0.000 0.000 0.000 0.000 0.000 0.000 0.000 0.000
ASP02A0124_019 0.004 0.004 0.004 0.003 0.001 0.000 0.000 0.000 0.000 0.000 0.000 0.000 0.000 0.000 0.000
ASP02A0124_020 0.000 0.000 0.000 0.000 0.000 0.000 0.000 0.000 0.000 0.000 0.000 0.000 0.000 0.000 0.000
ASP02A0124_021 0.002 0.002 0.002 0.002 0.000 0.000 0.000 0.000 0.000 0.000 0.000 0.000 0.000 0.000 0.000
ASP02A0124_022 0.002 0.002 0.002 0.002 0.000 0.000 0.000 0.000 0.000 0.000 0.000 0.000 0.000 0.000 0.000
ASP02A0124_023 0.000 0.000 0.000 0.000 0.000 0.000 0.000 0.000 0.000 0.000 0.000 0.000 0.000 0.000 0.000
ASP02A0124_024 0.084 0.086 0.081 0.072 0.032 0.007 0.000 0.000 0.000 0.000 0.000 0.000 0.000 0.000 0.000
ASP02A0124_025 0.029 0.029 0.029 0.025 0.012 0.002 0.000 0.000 0.000 0.000 0.000 0.000 0.000 0.000 0.000
ASP02A0124_026 0.006 0.007 0.006 0.006 0.003 0.000 0.000 0.000 0.000 0.000 0.000 0.000 0.000 0.000 0.000
ASP02A0124_027 0.175 0.174 0.172 0.149 0.067 0.013 0.004 0.000 0.000 0.000 0.000 0.000 0.000 0.000 0.000
ASP02A0124_028 0.155 0.156 0.156 0.133 0.059 0.012 0.003 0.000 0.000 0.000 0.000 0.000 0.000 0.000 0.000
ASP02A0124_029 0.013 0.013 0.013 0.011 0.005 0.000 0.000 0.000 0.000 0.000 0.000 0.000 0.000 0.000 0.000
ASP-1A0124_030 0.000 0.000 0.001 0.014 0.057 0.086 0.091 0.092 0.091 0.092 0.091 0.094 0.093 0.092 0.092
ASP-1A0124_031 0.000 0.000 0.010 0.087 0.373 0.559 0.596 0.600 0.601 0.599 0.602 0.605 0.599 0.601 0.600
ASP-1A0124_032 0.000 0.000 0.002 0.021 0.090 0.135 0.143 0.147 0.147 0.147 0.146 0.144 0.148 0.145 0.147
ASP-1A0124_033 0.000 0.000 0.001 0.011 0.046 0.070 0.073 0.075 0.074 0.075 0.075 0.073 0.074 0.075 0.074
ASP-1A0124_034 0.000 0.000 0.001 0.012 0.053 0.080 0.087 0.086 0.086 0.086 0.086 0.084 0.086 0.087 0.087
