 ph              0.0   1.0   2.0   3.0   4.0   5.0   6.0   7.0   8.0   9.0  10.0  11.0  12.0  13.0  14.0
PHE01A0117_001 0.146 0.145 0.145 0.145 0.145 0.145 0.144 0.144 0.146 0.144 0.145 0.145 0.143 0.144 0.144
PHE01A0117_002 0.105 0.104 0.105 0.105 0.105 0.104 0.105 0.104 0.104 0.104 0.105 0.105 0.105 0.104 0.104
PHE01A0117_003 0.000 0.000 0.000 0.000 0.000 0.000 0.000 0.000 0.000 0.000 0.000 0.000 0.000 0.000 0.000
PHE01A0117_004 0.099 0.099 0.100 0.100 0.098 0.099 0.099 0.099 0.099 0.100 0.100 0.098 0.099 0.099 0.099
PHE01A0117_005 0.015 0.014 0.014 0.015 0.015 0.014 0.015 0.014 0.015 0.015 0.015 0.015 0.014 0.015 0.014
PHE01A0117_006 0.011 0.011 0.011 0.011 0.011 0.011 0.011 0.011 0.011 0.011 0.011 0.010 0.011 0.011 0.011
PHE01A0117_007 0.300 0.299 0.301 0.299 0.300 0.299 0.301 0.300 0.300 0.300 0.300 0.301 0.302 0.302 0.302
PHE01A0117_008 0.000 0.000 0.000 0.000 0.000 0.000 0.000 0.000 0.000 0.000 0.000 0.000 0.000 0.000 0.000
PHE01A0117_009 0.036 0.036 0.036 0.036 0.036 0.036 0.036 0.036 0.036 0.036 0.036 0.036 0.037 0.036 0.036
PHE01A0117_010 0.000 0.000 0.000 0.000 0.000 0.000 0.000 0.000 0.000 0.000 0.000 0.000 0.000 0.000 0.000
PHE01A0117_011 0.243 0.247 0.243 0.244 0.244 0.245 0.243 0.246 0.245 0.245 0.245 0.244 0.245 0.243 0.245
PHE01A0117_012 0.013 0.013 0.013 0.013 0.013 0.013 0.013 0.013 0.013 0.013 0.013 0.013 0.013 0.013 0.013
PHE01A0117_013 0.000 0.000 0.000 0.000 0.000 0.000 0.000 0.000 0.000 0.000 0.000 0.000 0.000 0.000 0.000
PHE01A0117_014 0.029 0.028 0.029 0.029 0.029 0.029 0.028 0.028 0.029 0.029 0.029 0.029 0.029 0.029 0.029
PHE01A0117_015 0.001 0.001 0.000 0.001 0.001 0.001 0.001 0.001 0.001 0.001 0.001 0.001 0.000 0.001 0.001
PHE01A0117_016 0.000 0.000 0.000 0.000 0.000 0.000 0.000 0.000 0.000 0.000 0.000 0.000 0.000 0.000 0.000
PHE01A0117_017 0.003 0.003 0.003 0.003 0.003 0.003 0.003 0.003 0.003 0.003 0.003 0.003 0.003 0.003 0.003
