 ph              0.0   1.0   2.0   3.0   4.0   5.0   6.0   7.0   8.0   9.0  10.0  11.0  12.0  13.0  14.0
LYS01A0206_001 0.000 0.000 0.000 0.000 0.000 0.000 0.000 0.000 0.000 0.000 0.000 0.000 0.000 0.000 0.000
LYS01A0206_002 0.000 0.000 0.000 0.000 0.000 0.000 0.000 0.000 0.000 0.000 0.000 0.000 0.001 0.001 0.000
LYS01A0206_003 0.000 0.000 0.000 0.000 0.000 0.000 0.000 0.000 0.000 0.000 0.000 0.000 0.000 0.000 0.000
LYS01A0206_004 0.000 0.000 0.000 0.000 0.000 0.000 0.000 0.000 0.000 0.009 0.054 0.185 0.242 0.253 0.252
LYS01A0206_005 0.000 0.000 0.000 0.000 0.000 0.000 0.000 0.000 0.000 0.002 0.012 0.040 0.052 0.054 0.054
LYS01A0206_006 0.000 0.000 0.000 0.000 0.000 0.000 0.000 0.000 0.000 0.000 0.003 0.011 0.014 0.015 0.015
LYS01A0206_007 0.000 0.000 0.000 0.000 0.000 0.000 0.000 0.000 0.000 0.000 0.000 0.000 0.001 0.001 0.001
LYS01A0206_008 0.000 0.000 0.000 0.000 0.000 0.000 0.000 0.000 0.000 0.000 0.004 0.012 0.016 0.016 0.017
LYS01A0206_009 0.000 0.000 0.000 0.000 0.000 0.000 0.000 0.000 0.000 0.006 0.036 0.123 0.159 0.170 0.171
LYS01A0206_010 0.000 0.000 0.000 0.000 0.000 0.000 0.000 0.000 0.000 0.000 0.004 0.013 0.017 0.018 0.018
LYS01A0206_011 0.000 0.000 0.000 0.000 0.000 0.000 0.000 0.000 0.000 0.000 0.002 0.008 0.010 0.011 0.011
LYS01A0206_012 0.000 0.000 0.000 0.000 0.000 0.000 0.000 0.000 0.000 0.000 0.002 0.006 0.007 0.008 0.008
LYS01A0206_013 0.000 0.000 0.000 0.000 0.000 0.000 0.000 0.000 0.000 0.000 0.002 0.006 0.007 0.008 0.008
LYS01A0206_014 0.000 0.000 0.000 0.000 0.000 0.000 0.000 0.000 0.000 0.000 0.002 0.007 0.009 0.010 0.010
LYS01A0206_015 0.000 0.000 0.000 0.000 0.000 0.000 0.000 0.000 0.000 0.000 0.000 0.000 0.000 0.000 0.000
LYS01A0206_016 0.000 0.000 0.000 0.000 0.000 0.000 0.000 0.000 0.000 0.010 0.059 0.202 0.263 0.275 0.274
LYS01A0206_017 0.000 0.000 0.000 0.000 0.000 0.000 0.000 0.000 0.000 0.000 0.000 0.000 0.000 0.000 0.000
LYS01A0206_018 0.000 0.000 0.000 0.000 0.000 0.000 0.000 0.000 0.000 0.002 0.013 0.045 0.059 0.061 0.062
LYS01A0206_019 0.000 0.000 0.000 0.000 0.000 0.000 0.000 0.000 0.000 0.003 0.017 0.059 0.077 0.080 0.081
LYS01A0206_020 0.000 0.000 0.000 0.000 0.000 0.000 0.000 0.000 0.000 0.000 0.002 0.007 0.009 0.009 0.010
LYS01A0206_021 0.000 0.000 0.000 0.000 0.000 0.000 0.000 0.000 0.000 0.000 0.002 0.007 0.009 0.009 0.009
LYS+1A0206_022 0.000 0.000 0.000 0.000 0.000 0.000 0.000 0.000 0.000 0.000 0.000 0.000 0.000 0.000 0.000
LYS+1A0206_023 0.000 0.000 0.000 0.000 0.000 0.000 0.000 0.000 0.000 0.000 0.000 0.000 0.000 0.000 0.000
LYS+1A0206_024 0.264 0.263 0.262 0.263 0.263 0.264 0.264 0.263 0.262 0.255 0.207 0.071 0.013 0.000 0.000
LYS+1A0206_025 0.013 0.013 0.013 0.013 0.013 0.013 0.013 0.013 0.013 0.012 0.010 0.003 0.000 0.000 0.000
LYS+1A0206_026 0.000 0.000 0.000 0.000 0.000 0.000 0.000 0.000 0.000 0.000 0.000 0.000 0.000 0.000 0.000
LYS+1A0206_027 0.064 0.063 0.063 0.063 0.063 0.063 0.063 0.063 0.063 0.061 0.049 0.017 0.003 0.000 0.000
LYS+1A0206_028 0.161 0.162 0.163 0.161 0.162 0.163 0.162 0.161 0.163 0.156 0.127 0.044 0.008 0.000 0.000
LYS+1A0206_029 0.092 0.092 0.093 0.091 0.091 0.092 0.092 0.092 0.092 0.089 0.073 0.025 0.005 0.000 0.000
LYS+1A0206_030 0.020 0.020 0.019 0.020 0.019 0.019 0.020 0.020 0.019 0.019 0.015 0.005 0.000 0.000 0.000
LYS+1A0206_031 0.009 0.009 0.009 0.009 0.009 0.009 0.009 0.009 0.009 0.009 0.007 0.002 0.000 0.000 0.000
LYS+1A0206_032 0.004 0.005 0.005 0.005 0.005 0.005 0.005 0.004 0.004 0.004 0.004 0.001 0.000 0.000 0.000
LYS+1A0206_033 0.008 0.008 0.008 0.008 0.008 0.008 0.007 0.008 0.008 0.007 0.006 0.002 0.000 0.000 0.000
LYS+1A0206_034 0.016 0.016 0.016 0.016 0.016 0.016 0.016 0.016 0.016 0.016 0.013 0.004 0.000 0.000 0.000
LYS+1A0206_035 0.019 0.019 0.018 0.019 0.019 0.019 0.019 0.018 0.018 0.018 0.015 0.005 0.000 0.000 0.000
LYS+1A0206_036 0.000 0.000 0.000 0.000 0.000 0.000 0.000 0.000 0.000 0.000 0.000 0.000 0.000 0.000 0.000
LYS+1A0206_037 0.037 0.037 0.037 0.037 0.036 0.037 0.037 0.038 0.037 0.036 0.029 0.010 0.002 0.000 0.000
LYS+1A0206_038 0.268 0.269 0.268 0.271 0.271 0.266 0.270 0.271 0.270 0.259 0.211 0.073 0.014 0.000 0.000
LYS+1A0206_039 0.016 0.016 0.016 0.016 0.016 0.016 0.016 0.016 0.016 0.015 0.012 0.004 0.000 0.000 0.000
LYS+1A0206_040 0.000 0.000 0.000 0.000 0.000 0.000 0.000 0.000 0.000 0.000 0.000 0.000 0.000 0.000 0.000
LYS+1A0206_041 0.009 0.009 0.009 0.009 0.009 0.009 0.009 0.009 0.009 0.009 0.007 0.002 0.000 0.000 0.000
LYS+1A0206_042 0.000 0.000 0.000 0.000 0.000 0.000 0.000 0.000 0.000 0.000 0.000 0.000 0.000 0.000 0.000
