 ph              0.0   1.0   2.0   3.0   4.0   5.0   6.0   7.0   8.0   9.0  10.0  11.0  12.0  13.0  14.0
MET01A0088_001 0.188 0.188 0.189 0.188 0.188 0.188 0.188 0.188 0.188 0.189 0.187 0.187 0.188 0.189 0.187
MET01A0088_002 0.000 0.000 0.000 0.000 0.000 0.000 0.000 0.000 0.000 0.000 0.000 0.000 0.000 0.000 0.000
MET01A0088_003 0.000 0.000 0.000 0.000 0.000 0.000 0.000 0.000 0.000 0.000 0.000 0.000 0.000 0.000 0.000
MET01A0088_004 0.207 0.207 0.207 0.207 0.208 0.207 0.206 0.207 0.207 0.207 0.207 0.208 0.207 0.206 0.207
MET01A0088_005 0.000 0.000 0.000 0.000 0.000 0.000 0.000 0.000 0.000 0.000 0.000 0.000 0.000 0.000 0.000
MET01A0088_006 0.249 0.247 0.249 0.249 0.249 0.248 0.250 0.249 0.250 0.250 0.247 0.250 0.250 0.249 0.250
MET01A0088_007 0.091 0.093 0.090 0.091 0.091 0.092 0.091 0.091 0.091 0.091 0.092 0.092 0.091 0.091 0.091
MET01A0088_008 0.000 0.000 0.000 0.000 0.000 0.000 0.000 0.000 0.000 0.000 0.000 0.000 0.000 0.000 0.000
MET01A0088_009 0.000 0.000 0.000 0.000 0.000 0.000 0.000 0.000 0.000 0.000 0.000 0.000 0.000 0.000 0.000
MET01A0088_010 0.000 0.000 0.000 0.000 0.000 0.000 0.000 0.000 0.000 0.000 0.000 0.000 0.000 0.000 0.000
MET01A0088_011 0.123 0.123 0.123 0.123 0.123 0.123 0.124 0.123 0.123 0.121 0.125 0.123 0.122 0.123 0.123
MET01A0088_012 0.000 0.000 0.000 0.000 0.000 0.000 0.000 0.000 0.000 0.000 0.000 0.000 0.000 0.000 0.000
MET01A0088_013 0.142 0.141 0.141 0.140 0.141 0.141 0.141 0.141 0.141 0.141 0.141 0.140 0.141 0.141 0.141
MET01A0088_014 0.000 0.000 0.000 0.000 0.000 0.000 0.000 0.000 0.000 0.000 0.000 0.000 0.000 0.000 0.000
MET01A0088_015 0.000 0.000 0.000 0.000 0.000 0.000 0.000 0.000 0.000 0.000 0.000 0.000 0.000 0.000 0.000
MET01A0088_016 0.000 0.000 0.000 0.000 0.000 0.000 0.000 0.000 0.000 0.000 0.000 0.000 0.000 0.000 0.000
MET01A0088_017 0.000 0.000 0.000 0.000 0.000 0.000 0.000 0.000 0.000 0.000 0.000 0.000 0.000 0.000 0.000
MET01A0088_018 0.000 0.000 0.000 0.000 0.000 0.000 0.000 0.000 0.000 0.000 0.000 0.000 0.000 0.000 0.000
MET01A0088_019 0.000 0.000 0.000 0.000 0.000 0.000 0.000 0.000 0.000 0.000 0.000 0.000 0.000 0.000 0.000
MET01A0088_020 0.000 0.000 0.000 0.000 0.000 0.000 0.000 0.000 0.000 0.000 0.000 0.000 0.000 0.000 0.000
