 ph              0.0   1.0   2.0   3.0   4.0   5.0   6.0   7.0   8.0   9.0  10.0  11.0  12.0  13.0  14.0
ASN01A0173_001 0.171 0.170 0.170 0.170 0.169 0.170 0.169 0.171 0.170 0.169 0.170 0.170 0.170 0.170 0.170
ASN01A0173_002 0.200 0.199 0.199 0.199 0.200 0.199 0.198 0.199 0.199 0.200 0.199 0.199 0.199 0.199 0.199
ASN01A0173_003 0.001 0.001 0.001 0.001 0.001 0.001 0.001 0.001 0.001 0.001 0.001 0.001 0.001 0.001 0.001
ASN01A0173_004 0.000 0.001 0.000 0.001 0.000 0.000 0.000 0.001 0.000 0.001 0.001 0.000 0.000 0.000 0.001
ASN01A0173_005 0.004 0.003 0.004 0.003 0.003 0.003 0.004 0.004 0.003 0.004 0.003 0.004 0.004 0.004 0.003
ASN01A0173_006 0.137 0.137 0.138 0.139 0.139 0.138 0.138 0.138 0.137 0.138 0.138 0.139 0.138 0.138 0.138
ASN01A0173_007 0.000 0.001 0.001 0.000 0.001 0.001 0.001 0.001 0.001 0.001 0.001 0.001 0.000 0.000 0.001
ASN01A0173_008 0.003 0.003 0.003 0.003 0.003 0.003 0.003 0.003 0.003 0.003 0.003 0.003 0.003 0.003 0.003
ASN01A0173_009 0.138 0.138 0.136 0.135 0.136 0.137 0.138 0.136 0.136 0.137 0.137 0.136 0.137 0.136 0.137
ASN01A0173_010 0.030 0.029 0.029 0.029 0.029 0.029 0.029 0.029 0.029 0.030 0.029 0.029 0.029 0.029 0.030
ASN01A0173_011 0.316 0.317 0.317 0.318 0.317 0.318 0.319 0.316 0.318 0.317 0.318 0.317 0.318 0.320 0.317
ASN01A0173_012 0.000 0.000 0.000 0.000 0.000 0.000 0.000 0.000 0.000 0.000 0.000 0.000 0.000 0.000 0.000
