 ph              0.0   1.0   2.0   3.0   4.0   5.0   6.0   7.0   8.0   9.0  10.0  11.0  12.0  13.0  14.0
LEU01A0287_001 0.000 0.000 0.000 0.000 0.000 0.000 0.000 0.000 0.000 0.000 0.000 0.000 0.000 0.000 0.000
LEU01A0287_002 0.849 0.848 0.848 0.846 0.848 0.846 0.845 0.845 0.850 0.844 0.843 0.848 0.849 0.848 0.847
LEU01A0287_003 0.002 0.002 0.002 0.002 0.002 0.002 0.002 0.002 0.002 0.002 0.002 0.002 0.002 0.002 0.002
LEU01A0287_004 0.005 0.005 0.005 0.005 0.005 0.006 0.005 0.006 0.006 0.005 0.005 0.005 0.005 0.005 0.005
LEU01A0287_005 0.121 0.121 0.122 0.123 0.122 0.123 0.125 0.124 0.119 0.125 0.126 0.121 0.121 0.122 0.122
LEU01A0287_006 0.000 0.000 0.000 0.000 0.000 0.000 0.000 0.000 0.000 0.000 0.000 0.000 0.000 0.000 0.000
LEU01A0287_007 0.015 0.014 0.014 0.014 0.014 0.014 0.014 0.015 0.014 0.015 0.015 0.014 0.014 0.014 0.014
LEU01A0287_008 0.000 0.000 0.000 0.000 0.000 0.000 0.000 0.000 0.000 0.000 0.000 0.000 0.000 0.000 0.000
LEU01A0287_009 0.009 0.009 0.009 0.009 0.009 0.009 0.010 0.009 0.009 0.009 0.009 0.009 0.009 0.009 0.009
LEU01A0287_010 0.000 0.000 0.000 0.000 0.000 0.000 0.000 0.000 0.000 0.000 0.000 0.000 0.000 0.000 0.000
