 ph              0.0   1.0   2.0   3.0   4.0   5.0   6.0   7.0   8.0   9.0  10.0  11.0  12.0  13.0  14.0
PHE01A0084_001 0.709 0.705 0.706 0.703 0.707 0.705 0.707 0.710 0.704 0.709 0.708 0.708 0.705 0.704 0.707
PHE01A0084_002 0.200 0.202 0.202 0.205 0.202 0.202 0.201 0.198 0.203 0.200 0.199 0.201 0.202 0.203 0.201
PHE01A0084_003 0.000 0.000 0.000 0.000 0.000 0.000 0.000 0.000 0.000 0.000 0.000 0.000 0.000 0.000 0.000
PHE01A0084_004 0.079 0.079 0.078 0.078 0.078 0.079 0.078 0.078 0.079 0.077 0.079 0.077 0.079 0.078 0.078
PHE01A0084_005 0.003 0.003 0.003 0.003 0.003 0.003 0.003 0.003 0.003 0.003 0.003 0.003 0.003 0.003 0.003
PHE01A0084_006 0.010 0.011 0.011 0.011 0.010 0.011 0.011 0.011 0.011 0.010 0.011 0.011 0.011 0.011 0.011
PHE01A0084_007 0.000 0.000 0.000 0.000 0.000 0.000 0.000 0.000 0.000 0.000 0.000 0.000 0.000 0.000 0.000
PHE01A0084_008 0.000 0.000 0.000 0.000 0.000 0.000 0.000 0.000 0.000 0.000 0.000 0.000 0.000 0.000 0.000
PHE01A0084_009 0.000 0.000 0.000 0.000 0.000 0.000 0.000 0.000 0.000 0.000 0.000 0.000 0.000 0.000 0.000
