 ph              0.0   1.0   2.0   3.0   4.0   5.0   6.0   7.0   8.0   9.0  10.0  11.0  12.0  13.0  14.0
ASP01A0170_001 0.000 0.000 0.000 0.000 0.000 0.000 0.000 0.000 0.000 0.000 0.000 0.000 0.000 0.000 0.000
ASP01A0170_002 0.000 0.000 0.000 0.000 0.000 0.000 0.000 0.000 0.000 0.000 0.000 0.000 0.000 0.000 0.000
ASP01A0170_003 0.056 0.056 0.056 0.051 0.029 0.006 0.000 0.000 0.000 0.000 0.000 0.000 0.000 0.000 0.000
ASP01A0170_004 0.054 0.055 0.054 0.050 0.028 0.006 0.000 0.000 0.000 0.000 0.000 0.000 0.000 0.000 0.000
ASP01A0170_005 0.020 0.020 0.020 0.018 0.010 0.002 0.000 0.000 0.000 0.000 0.000 0.000 0.000 0.000 0.000
ASP01A0170_006 0.000 0.000 0.000 0.000 0.000 0.000 0.000 0.000 0.000 0.000 0.000 0.000 0.000 0.000 0.000
ASP01A0170_007 0.000 0.000 0.000 0.000 0.000 0.000 0.000 0.000 0.000 0.000 0.000 0.000 0.000 0.000 0.000
ASP01A0170_008 0.004 0.004 0.004 0.003 0.002 0.000 0.000 0.000 0.000 0.000 0.000 0.000 0.000 0.000 0.000
ASP01A0170_009 0.002 0.002 0.002 0.002 0.001 0.000 0.000 0.000 0.000 0.000 0.000 0.000 0.000 0.000 0.000
ASP01A0170_010 0.010 0.010 0.010 0.009 0.005 0.000 0.000 0.000 0.000 0.000 0.000 0.000 0.000 0.000 0.000
ASP01A0170_011 0.090 0.089 0.089 0.081 0.046 0.009 0.000 0.000 0.000 0.000 0.000 0.000 0.000 0.000 0.000
ASP01A0170_012 0.406 0.407 0.404 0.374 0.211 0.043 0.011 0.000 0.000 0.000 0.000 0.000 0.000 0.000 0.000
ASP02A0170_013 0.000 0.000 0.000 0.000 0.000 0.000 0.000 0.000 0.000 0.000 0.000 0.000 0.000 0.000 0.000
ASP02A0170_014 0.012 0.012 0.012 0.011 0.006 0.001 0.000 0.000 0.000 0.000 0.000 0.000 0.000 0.000 0.000
ASP02A0170_015 0.000 0.000 0.000 0.000 0.000 0.000 0.000 0.000 0.000 0.000 0.000 0.000 0.000 0.000 0.000
ASP02A0170_016 0.024 0.024 0.023 0.021 0.012 0.002 0.000 0.000 0.000 0.000 0.000 0.000 0.000 0.000 0.000
ASP02A0170_017 0.000 0.000 0.000 0.000 0.000 0.000 0.000 0.000 0.000 0.000 0.000 0.000 0.000 0.000 0.000
ASP02A0170_018 0.003 0.003 0.003 0.003 0.002 0.000 0.000 0.000 0.000 0.000 0.000 0.000 0.000 0.000 0.000
ASP02A0170_019 0.003 0.003 0.003 0.003 0.002 0.000 0.000 0.000 0.000 0.000 0.000 0.000 0.000 0.000 0.000
ASP02A0170_020 0.061 0.062 0.061 0.057 0.032 0.006 0.000 0.000 0.000 0.000 0.000 0.000 0.000 0.000 0.000
ASP02A0170_021 0.123 0.122 0.121 0.112 0.063 0.013 0.003 0.000 0.000 0.000 0.000 0.000 0.000 0.000 0.000
ASP02A0170_022 0.130 0.130 0.127 0.118 0.067 0.014 0.003 0.000 0.000 0.000 0.000 0.000 0.000 0.000 0.000
ASP-1A0170_023 0.000 0.000 0.000 0.000 0.000 0.001 0.001 0.002 0.002 0.002 0.002 0.002 0.002 0.001 0.002
ASP-1A0170_024 0.000 0.000 0.004 0.039 0.218 0.403 0.443 0.450 0.449 0.447 0.452 0.452 0.451 0.449 0.449
ASP-1A0170_025 0.000 0.000 0.002 0.019 0.107 0.196 0.216 0.220 0.220 0.221 0.217 0.220 0.219 0.222 0.221
ASP-1A0170_026 0.000 0.000 0.003 0.028 0.159 0.296 0.322 0.328 0.329 0.330 0.330 0.327 0.329 0.328 0.328
