 ph              0.0   1.0   2.0   3.0   4.0   5.0   6.0   7.0   8.0   9.0  10.0  11.0  12.0  13.0  14.0
HIS01A0078_001 0.000 0.000 0.000 0.000 0.000 0.000 0.004 0.021 0.055 0.066 0.069 0.068 0.069 0.068 0.067
HIS01A0078_002 0.000 0.000 0.000 0.000 0.000 0.000 0.006 0.035 0.092 0.112 0.116 0.115 0.117 0.116 0.116
HIS01A0078_003 0.000 0.000 0.000 0.000 0.000 0.000 0.000 0.002 0.005 0.007 0.007 0.007 0.006 0.007 0.006
HIS01A0078_004 0.000 0.000 0.000 0.000 0.000 0.000 0.000 0.000 0.000 0.000 0.000 0.000 0.000 0.000 0.000
HIS01A0078_005 0.000 0.000 0.000 0.000 0.000 0.000 0.000 0.000 0.000 0.000 0.000 0.000 0.000 0.000 0.000
HIS01A0078_006 0.000 0.000 0.000 0.000 0.000 0.000 0.000 0.000 0.002 0.003 0.003 0.003 0.003 0.003 0.003
HIS01A0078_007 0.000 0.000 0.000 0.000 0.000 0.000 0.003 0.019 0.053 0.065 0.065 0.065 0.065 0.066 0.066
HIS01A0078_008 0.000 0.000 0.000 0.000 0.000 0.000 0.000 0.000 0.000 0.000 0.000 0.000 0.000 0.000 0.000
HIS01A0078_009 0.000 0.000 0.000 0.000 0.000 0.000 0.000 0.000 0.000 0.000 0.000 0.000 0.000 0.000 0.000
HIS01A0078_010 0.000 0.000 0.000 0.000 0.000 0.000 0.003 0.018 0.048 0.058 0.060 0.059 0.059 0.059 0.061
HIS01A0078_011 0.000 0.000 0.000 0.000 0.000 0.000 0.000 0.000 0.000 0.000 0.000 0.000 0.000 0.000 0.000
HIS01A0078_012 0.000 0.000 0.000 0.000 0.000 0.000 0.000 0.003 0.009 0.011 0.011 0.011 0.011 0.011 0.011
HIS01A0078_013 0.000 0.000 0.000 0.000 0.000 0.000 0.000 0.003 0.008 0.009 0.010 0.010 0.010 0.010 0.010
HIS01A0078_014 0.000 0.000 0.000 0.000 0.000 0.000 0.000 0.007 0.018 0.022 0.023 0.023 0.022 0.023 0.022
HIS01A0078_015 0.000 0.000 0.000 0.000 0.000 0.000 0.002 0.010 0.026 0.031 0.032 0.032 0.032 0.032 0.032
HIS01A0078_016 0.000 0.000 0.000 0.000 0.000 0.000 0.000 0.000 0.000 0.000 0.000 0.000 0.000 0.000 0.000
HIS01A0078_017 0.000 0.000 0.000 0.000 0.000 0.000 0.000 0.000 0.000 0.000 0.000 0.000 0.000 0.000 0.000
HIS01A0078_018 0.000 0.000 0.000 0.000 0.000 0.000 0.000 0.008 0.022 0.027 0.028 0.028 0.028 0.028 0.027
HIS01A0078_019 0.000 0.000 0.000 0.000 0.000 0.000 0.000 0.000 0.000 0.000 0.000 0.000 0.000 0.000 0.000
HIS02A0078_020 0.000 0.000 0.000 0.000 0.000 0.000 0.006 0.034 0.091 0.109 0.112 0.113 0.112 0.112 0.112
HIS02A0078_021 0.000 0.000 0.000 0.000 0.000 0.000 0.000 0.000 0.000 0.000 0.000 0.000 0.000 0.000 0.000
HIS02A0078_022 0.000 0.000 0.000 0.000 0.000 0.000 0.000 0.000 0.000 0.000 0.000 0.000 0.000 0.000 0.000
HIS02A0078_023 0.000 0.000 0.000 0.000 0.000 0.000 0.000 0.003 0.007 0.009 0.009 0.009 0.009 0.009 0.009
HIS02A0078_024 0.000 0.000 0.000 0.000 0.000 0.000 0.002 0.011 0.028 0.035 0.035 0.036 0.035 0.035 0.036
HIS02A0078_025 0.000 0.000 0.000 0.000 0.000 0.000 0.000 0.000 0.000 0.000 0.000 0.000 0.000 0.000 0.000
HIS02A0078_026 0.000 0.000 0.000 0.000 0.000 0.000 0.000 0.000 0.000 0.000 0.000 0.000 0.000 0.000 0.000
HIS02A0078_027 0.000 0.000 0.000 0.000 0.000 0.000 0.000 0.000 0.000 0.000 0.000 0.000 0.000 0.000 0.000
HIS02A0078_028 0.000 0.000 0.000 0.000 0.000 0.000 0.005 0.026 0.069 0.085 0.087 0.087 0.086 0.086 0.086
HIS02A0078_029 0.000 0.000 0.000 0.000 0.000 0.000 0.000 0.000 0.000 0.000 0.000 0.000 0.000 0.000 0.000
HIS02A0078_030 0.000 0.000 0.000 0.000 0.000 0.000 0.005 0.027 0.071 0.086 0.089 0.088 0.089 0.089 0.091
HIS02A0078_031 0.000 0.000 0.000 0.000 0.000 0.000 0.000 0.002 0.006 0.007 0.007 0.007 0.008 0.007 0.007
HIS02A0078_032 0.000 0.000 0.000 0.000 0.000 0.000 0.008 0.045 0.122 0.148 0.151 0.152 0.151 0.153 0.151
HIS02A0078_033 0.000 0.000 0.000 0.000 0.000 0.000 0.000 0.003 0.009 0.011 0.011 0.011 0.011 0.011 0.011
HIS02A0078_034 0.000 0.000 0.000 0.000 0.000 0.000 0.002 0.010 0.027 0.032 0.033 0.033 0.033 0.033 0.033
HIS02A0078_035 0.000 0.000 0.000 0.000 0.000 0.000 0.000 0.000 0.000 0.000 0.000 0.000 0.000 0.000 0.000
HIS02A0078_036 0.000 0.000 0.000 0.000 0.000 0.000 0.000 0.000 0.002 0.003 0.003 0.003 0.003 0.003 0.003
HIS02A0078_037 0.000 0.000 0.000 0.000 0.000 0.000 0.002 0.012 0.032 0.038 0.039 0.040 0.039 0.039 0.039
HIS02A0078_038 0.000 0.000 0.000 0.000 0.000 0.000 0.000 0.000 0.000 0.000 0.000 0.000 0.000 0.000 0.000
HIS+1A0078_039 0.137 0.138 0.137 0.136 0.136 0.137 0.130 0.097 0.027 0.004 0.000 0.000 0.000 0.000 0.000
HIS+1A0078_040 0.171 0.171 0.173 0.172 0.174 0.171 0.164 0.120 0.034 0.005 0.000 0.000 0.000 0.000 0.000
HIS+1A0078_041 0.000 0.000 0.000 0.000 0.000 0.000 0.000 0.000 0.000 0.000 0.000 0.000 0.000 0.000 0.000
HIS+1A0078_042 0.005 0.005 0.005 0.005 0.005 0.005 0.005 0.004 0.000 0.000 0.000 0.000 0.000 0.000 0.000
HIS+1A0078_043 0.096 0.095 0.096 0.095 0.095 0.096 0.091 0.067 0.019 0.002 0.000 0.000 0.000 0.000 0.000
HIS+1A0078_044 0.000 0.000 0.000 0.000 0.000 0.000 0.000 0.000 0.000 0.000 0.000 0.000 0.000 0.000 0.000
HIS+1A0078_045 0.000 0.000 0.000 0.000 0.000 0.000 0.000 0.000 0.000 0.000 0.000 0.000 0.000 0.000 0.000
HIS+1A0078_046 0.000 0.000 0.000 0.000 0.000 0.000 0.000 0.000 0.000 0.000 0.000 0.000 0.000 0.000 0.000
HIS+1A0078_047 0.003 0.003 0.003 0.003 0.003 0.003 0.003 0.002 0.000 0.000 0.000 0.000 0.000 0.000 0.000
HIS+1A0078_048 0.064 0.064 0.064 0.063 0.064 0.064 0.060 0.045 0.013 0.002 0.000 0.000 0.000 0.000 0.000
HIS+1A0078_049 0.000 0.000 0.000 0.000 0.000 0.000 0.000 0.000 0.000 0.000 0.000 0.000 0.000 0.000 0.000
HIS+1A0078_050 0.000 0.000 0.000 0.000 0.000 0.000 0.000 0.000 0.000 0.000 0.000 0.000 0.000 0.000 0.000
HIS+1A0078_051 0.000 0.000 0.000 0.000 0.000 0.000 0.000 0.000 0.000 0.000 0.000 0.000 0.000 0.000 0.000
HIS+1A0078_052 0.009 0.009 0.009 0.009 0.009 0.009 0.009 0.007 0.002 0.000 0.000 0.000 0.000 0.000 0.000
HIS+1A0078_053 0.250 0.247 0.246 0.250 0.247 0.246 0.234 0.174 0.049 0.006 0.000 0.000 0.000 0.000 0.000
HIS+1A0078_054 0.011 0.011 0.011 0.011 0.011 0.011 0.010 0.008 0.002 0.000 0.000 0.000 0.000 0.000 0.000
HIS+1A0078_055 0.109 0.110 0.110 0.110 0.110 0.111 0.106 0.078 0.022 0.003 0.000 0.000 0.000 0.000 0.000
HIS+1A0078_056 0.000 0.000 0.000 0.000 0.000 0.000 0.000 0.000 0.000 0.000 0.000 0.000 0.000 0.000 0.000
HIS+1A0078_057 0.145 0.146 0.145 0.144 0.145 0.145 0.139 0.101 0.029 0.004 0.000 0.000 0.000 0.000 0.000
