 ph              0.0   1.0   2.0   3.0   4.0   5.0   6.0   7.0   8.0   9.0  10.0  11.0  12.0  13.0  14.0
ASP01A0037_001 0.000 0.000 0.000 0.000 0.000 0.000 0.000 0.000 0.000 0.000 0.000 0.000 0.000 0.000 0.000
ASP01A0037_002 0.008 0.008 0.008 0.008 0.005 0.001 0.000 0.000 0.000 0.000 0.000 0.000 0.000 0.000 0.000
ASP01A0037_003 0.006 0.006 0.006 0.006 0.004 0.000 0.000 0.000 0.000 0.000 0.000 0.000 0.000 0.000 0.000
ASP01A0037_004 0.329 0.330 0.327 0.309 0.210 0.050 0.007 0.000 0.000 0.000 0.000 0.000 0.000 0.000 0.000
ASP01A0037_005 0.000 0.000 0.000 0.000 0.000 0.000 0.000 0.000 0.000 0.000 0.000 0.000 0.000 0.000 0.000
ASP01A0037_006 0.024 0.024 0.024 0.023 0.015 0.004 0.000 0.000 0.000 0.000 0.000 0.000 0.000 0.000 0.000
ASP01A0037_007 0.340 0.339 0.338 0.324 0.219 0.051 0.008 0.000 0.000 0.000 0.000 0.000 0.000 0.000 0.000
ASP02A0037_008 0.001 0.001 0.001 0.001 0.000 0.000 0.000 0.000 0.000 0.000 0.000 0.000 0.000 0.000 0.000
ASP02A0037_009 0.018 0.018 0.017 0.017 0.011 0.003 0.000 0.000 0.000 0.000 0.000 0.000 0.000 0.000 0.000
ASP02A0037_010 0.262 0.261 0.260 0.248 0.165 0.041 0.006 0.000 0.000 0.000 0.000 0.000 0.000 0.000 0.000
ASP02A0037_011 0.002 0.002 0.002 0.002 0.001 0.000 0.000 0.000 0.000 0.000 0.000 0.000 0.000 0.000 0.000
ASP02A0037_012 0.010 0.011 0.010 0.010 0.007 0.002 0.000 0.000 0.000 0.000 0.000 0.000 0.000 0.000 0.000
ASP-1A0037_013 0.000 0.000 0.000 0.008 0.053 0.124 0.141 0.143 0.147 0.142 0.148 0.145 0.147 0.144 0.144
ASP-1A0037_014 0.000 0.000 0.007 0.046 0.311 0.725 0.838 0.857 0.853 0.858 0.852 0.855 0.853 0.856 0.856
