 ph              0.0   1.0   2.0   3.0   4.0   5.0   6.0   7.0   8.0   9.0  10.0  11.0  12.0  13.0  14.0
HIS01A0172_001 0.000 0.000 0.000 0.000 0.000 0.000 0.003 0.020 0.047 0.054 0.055 0.055 0.056 0.056 0.055
HIS01A0172_002 0.000 0.000 0.000 0.000 0.000 0.000 0.007 0.044 0.103 0.119 0.121 0.122 0.122 0.121 0.121
HIS01A0172_003 0.000 0.000 0.000 0.000 0.000 0.000 0.000 0.000 0.002 0.002 0.002 0.002 0.002 0.002 0.002
HIS01A0172_004 0.000 0.000 0.000 0.000 0.000 0.000 0.000 0.000 0.000 0.000 0.000 0.000 0.000 0.000 0.000
HIS01A0172_005 0.000 0.000 0.000 0.000 0.000 0.000 0.000 0.007 0.016 0.018 0.018 0.019 0.018 0.018 0.019
HIS01A0172_006 0.000 0.000 0.000 0.000 0.000 0.000 0.000 0.000 0.000 0.000 0.000 0.000 0.000 0.000 0.000
HIS01A0172_007 0.000 0.000 0.000 0.000 0.000 0.000 0.000 0.000 0.000 0.000 0.000 0.000 0.000 0.000 0.000
HIS01A0172_008 0.000 0.000 0.000 0.000 0.000 0.000 0.006 0.039 0.090 0.106 0.108 0.106 0.107 0.107 0.107
HIS01A0172_009 0.000 0.000 0.000 0.000 0.000 0.000 0.000 0.000 0.000 0.000 0.000 0.000 0.000 0.000 0.000
HIS01A0172_010 0.000 0.000 0.000 0.000 0.000 0.000 0.000 0.000 0.000 0.000 0.000 0.000 0.000 0.000 0.000
HIS01A0172_011 0.000 0.000 0.000 0.000 0.000 0.000 0.000 0.000 0.000 0.000 0.000 0.000 0.000 0.000 0.000
HIS01A0172_012 0.000 0.000 0.000 0.000 0.000 0.000 0.000 0.003 0.006 0.007 0.007 0.008 0.008 0.007 0.008
HIS01A0172_013 0.000 0.000 0.000 0.000 0.000 0.000 0.002 0.014 0.033 0.038 0.038 0.038 0.038 0.039 0.039
HIS01A0172_014 0.000 0.000 0.000 0.000 0.000 0.000 0.000 0.000 0.000 0.000 0.000 0.000 0.000 0.000 0.000
HIS01A0172_015 0.000 0.000 0.000 0.000 0.000 0.000 0.000 0.000 0.000 0.001 0.001 0.000 0.001 0.001 0.000
HIS01A0172_016 0.000 0.000 0.000 0.000 0.000 0.000 0.000 0.000 0.001 0.001 0.001 0.001 0.001 0.002 0.001
HIS01A0172_017 0.000 0.000 0.000 0.000 0.000 0.000 0.003 0.018 0.042 0.049 0.049 0.050 0.051 0.051 0.050
HIS01A0172_018 0.000 0.000 0.000 0.000 0.000 0.000 0.000 0.000 0.000 0.000 0.000 0.000 0.000 0.000 0.000
HIS02A0172_019 0.000 0.000 0.000 0.000 0.000 0.000 0.007 0.043 0.099 0.112 0.115 0.116 0.114 0.114 0.115
HIS02A0172_020 0.000 0.000 0.000 0.000 0.000 0.000 0.009 0.054 0.125 0.144 0.149 0.148 0.148 0.148 0.149
HIS02A0172_021 0.000 0.000 0.000 0.000 0.000 0.000 0.000 0.000 0.000 0.000 0.000 0.000 0.000 0.000 0.000
HIS02A0172_022 0.000 0.000 0.000 0.000 0.000 0.000 0.000 0.000 0.002 0.002 0.002 0.002 0.002 0.002 0.002
HIS02A0172_023 0.000 0.000 0.000 0.000 0.000 0.000 0.004 0.027 0.061 0.070 0.072 0.072 0.071 0.072 0.072
HIS02A0172_024 0.000 0.000 0.000 0.000 0.000 0.000 0.000 0.000 0.000 0.000 0.000 0.000 0.000 0.000 0.000
HIS02A0172_025 0.000 0.000 0.000 0.000 0.000 0.000 0.000 0.000 0.000 0.000 0.000 0.000 0.000 0.000 0.000
HIS02A0172_026 0.000 0.000 0.000 0.000 0.000 0.000 0.000 0.001 0.003 0.003 0.003 0.003 0.003 0.003 0.004
HIS02A0172_027 0.000 0.000 0.000 0.000 0.000 0.000 0.002 0.010 0.023 0.027 0.028 0.028 0.027 0.027 0.028
HIS02A0172_028 0.000 0.000 0.000 0.000 0.000 0.000 0.002 0.014 0.032 0.037 0.038 0.038 0.038 0.037 0.038
HIS02A0172_029 0.000 0.000 0.000 0.000 0.000 0.000 0.001 0.009 0.021 0.024 0.024 0.025 0.024 0.024 0.025
HIS02A0172_030 0.000 0.000 0.000 0.000 0.000 0.000 0.000 0.000 0.000 0.000 0.000 0.000 0.000 0.000 0.000
HIS02A0172_031 0.000 0.000 0.000 0.000 0.000 0.000 0.000 0.000 0.000 0.000 0.000 0.000 0.000 0.000 0.000
HIS02A0172_032 0.000 0.000 0.000 0.000 0.000 0.000 0.000 0.000 0.000 0.000 0.000 0.000 0.000 0.000 0.000
HIS02A0172_033 0.000 0.000 0.000 0.000 0.000 0.000 0.000 0.000 0.000 0.000 0.000 0.000 0.000 0.000 0.000
HIS02A0172_034 0.000 0.000 0.000 0.000 0.000 0.000 0.010 0.061 0.139 0.160 0.166 0.165 0.166 0.165 0.164
HIS02A0172_035 0.000 0.000 0.000 0.000 0.000 0.000 0.000 0.000 0.002 0.002 0.002 0.002 0.002 0.002 0.002
HIS02A0172_036 0.000 0.000 0.000 0.000 0.000 0.000 0.000 0.000 0.000 0.000 0.000 0.000 0.000 0.000 0.000
HIS02A0172_037 0.000 0.000 0.000 0.000 0.000 0.000 0.000 0.000 0.000 0.000 0.000 0.000 0.000 0.000 0.000
HIS+1A0172_038 0.165 0.164 0.166 0.165 0.166 0.165 0.158 0.106 0.026 0.004 0.000 0.000 0.000 0.000 0.000
HIS+1A0172_039 0.331 0.331 0.330 0.330 0.333 0.331 0.311 0.209 0.050 0.008 0.000 0.000 0.000 0.000 0.000
HIS+1A0172_040 0.030 0.030 0.031 0.031 0.030 0.031 0.028 0.019 0.005 0.000 0.000 0.000 0.000 0.000 0.000
HIS+1A0172_041 0.061 0.061 0.060 0.060 0.062 0.061 0.058 0.039 0.009 0.000 0.000 0.000 0.000 0.000 0.000
HIS+1A0172_042 0.000 0.000 0.000 0.000 0.000 0.000 0.000 0.000 0.000 0.000 0.000 0.000 0.000 0.000 0.000
HIS+1A0172_043 0.000 0.000 0.000 0.000 0.000 0.000 0.000 0.000 0.000 0.000 0.000 0.000 0.000 0.000 0.000
HIS+1A0172_044 0.204 0.205 0.205 0.204 0.201 0.204 0.191 0.129 0.031 0.005 0.000 0.000 0.000 0.000 0.000
HIS+1A0172_045 0.128 0.129 0.128 0.129 0.128 0.128 0.122 0.082 0.020 0.003 0.000 0.000 0.000 0.000 0.000
HIS+1A0172_046 0.000 0.000 0.000 0.000 0.000 0.000 0.000 0.000 0.000 0.000 0.000 0.000 0.000 0.000 0.000
HIS+1A0172_047 0.015 0.016 0.016 0.016 0.017 0.016 0.015 0.010 0.003 0.000 0.000 0.000 0.000 0.000 0.000
HIS+1A0172_048 0.000 0.000 0.000 0.000 0.000 0.000 0.000 0.000 0.000 0.000 0.000 0.000 0.000 0.000 0.000
HIS+1A0172_049 0.052 0.050 0.051 0.051 0.050 0.050 0.047 0.032 0.008 0.001 0.000 0.000 0.000 0.000 0.000
HIS+1A0172_050 0.000 0.000 0.000 0.000 0.000 0.000 0.000 0.000 0.000 0.000 0.000 0.000 0.000 0.000 0.000
HIS+1A0172_051 0.000 0.000 0.000 0.000 0.000 0.000 0.000 0.000 0.000 0.000 0.000 0.000 0.000 0.000 0.000
HIS+1A0172_052 0.010 0.010 0.010 0.010 0.010 0.010 0.009 0.006 0.002 0.000 0.000 0.000 0.000 0.000 0.000
HIS+1A0172_053 0.003 0.003 0.003 0.003 0.003 0.003 0.003 0.002 0.000 0.000 0.000 0.000 0.000 0.000 0.000
HIS+1A0172_054 0.000 0.000 0.000 0.000 0.000 0.000 0.000 0.000 0.000 0.000 0.000 0.000 0.000 0.000 0.000
HIS+1A0172_055 0.000 0.000 0.000 0.000 0.000 0.000 0.000 0.000 0.000 0.000 0.000 0.000 0.000 0.000 0.000
HIS+1A0172_056 0.000 0.000 0.000 0.000 0.000 0.000 0.000 0.000 0.000 0.000 0.000 0.000 0.000 0.000 0.000
