 ph              0.0   1.0   2.0   3.0   4.0   5.0   6.0   7.0   8.0   9.0  10.0  11.0  12.0  13.0  14.0
LEU01A0065_001 0.788 0.790 0.790 0.788 0.790 0.788 0.790 0.787 0.790 0.792 0.790 0.786 0.791 0.790 0.787
LEU01A0065_002 0.000 0.000 0.000 0.001 0.000 0.000 0.000 0.000 0.000 0.000 0.000 0.001 0.000 0.000 0.000
LEU01A0065_003 0.160 0.159 0.159 0.159 0.158 0.160 0.159 0.162 0.159 0.158 0.161 0.160 0.158 0.159 0.161
LEU01A0065_004 0.039 0.038 0.039 0.040 0.039 0.039 0.039 0.039 0.039 0.039 0.038 0.040 0.039 0.039 0.040
LEU01A0065_005 0.012 0.012 0.012 0.012 0.012 0.012 0.012 0.012 0.012 0.011 0.012 0.013 0.012 0.012 0.012
LEU01A0065_006 0.000 0.000 0.000 0.000 0.000 0.000 0.000 0.000 0.000 0.000 0.000 0.000 0.000 0.000 0.000
LEU01A0065_007 0.000 0.000 0.000 0.000 0.000 0.000 0.000 0.000 0.000 0.000 0.000 0.000 0.000 0.000 0.000
LEU01A0065_008 0.000 0.000 0.000 0.000 0.000 0.000 0.000 0.000 0.000 0.000 0.000 0.000 0.000 0.000 0.000
LEU01A0065_009 0.000 0.000 0.000 0.000 0.000 0.000 0.000 0.000 0.000 0.000 0.000 0.000 0.000 0.000 0.000
LEU01A0065_010 0.000 0.000 0.000 0.000 0.000 0.000 0.000 0.000 0.000 0.000 0.000 0.000 0.000 0.000 0.000
LEU01A0065_011 0.000 0.000 0.000 0.000 0.000 0.000 0.000 0.000 0.000 0.000 0.000 0.000 0.000 0.000 0.000
