 ph              0.0   1.0   2.0   3.0   4.0   5.0   6.0   7.0   8.0   9.0  10.0  11.0  12.0  13.0  14.0
LEU01A0210_001 0.292 0.292 0.291 0.290 0.292 0.292 0.289 0.292 0.291 0.292 0.290 0.291 0.290 0.290 0.292
LEU01A0210_002 0.000 0.000 0.000 0.000 0.000 0.000 0.000 0.000 0.000 0.000 0.000 0.000 0.000 0.000 0.000
LEU01A0210_003 0.033 0.034 0.033 0.034 0.034 0.034 0.033 0.033 0.034 0.034 0.033 0.034 0.034 0.033 0.033
LEU01A0210_004 0.005 0.005 0.004 0.005 0.004 0.005 0.005 0.005 0.004 0.005 0.004 0.005 0.004 0.005 0.005
LEU01A0210_005 0.594 0.593 0.595 0.593 0.594 0.592 0.596 0.593 0.592 0.594 0.596 0.592 0.596 0.594 0.595
LEU01A0210_006 0.076 0.077 0.076 0.077 0.075 0.077 0.077 0.078 0.077 0.076 0.076 0.077 0.076 0.077 0.075
LEU01A0210_007 0.000 0.000 0.000 0.001 0.001 0.000 0.001 0.000 0.001 0.001 0.001 0.001 0.000 0.001 0.000
LEU01A0210_008 0.000 0.000 0.000 0.000 0.000 0.000 0.000 0.000 0.000 0.000 0.000 0.000 0.000 0.000 0.000
LEU01A0210_009 0.000 0.000 0.000 0.000 0.000 0.000 0.000 0.000 0.000 0.000 0.000 0.000 0.000 0.000 0.000
