 ph              0.0   1.0   2.0   3.0   4.0   5.0   6.0   7.0   8.0   9.0  10.0  11.0  12.0  13.0  14.0
PHE01A0148_001 0.453 0.457 0.453 0.456 0.454 0.455 0.457 0.455 0.456 0.458 0.454 0.455 0.457 0.454 0.455
PHE01A0148_002 0.221 0.219 0.219 0.219 0.219 0.219 0.218 0.219 0.219 0.219 0.218 0.219 0.218 0.219 0.219
PHE01A0148_003 0.112 0.111 0.113 0.111 0.112 0.112 0.112 0.112 0.111 0.111 0.113 0.111 0.111 0.112 0.112
PHE01A0148_004 0.061 0.061 0.062 0.062 0.062 0.062 0.062 0.061 0.062 0.061 0.062 0.062 0.062 0.062 0.062
PHE01A0148_005 0.040 0.040 0.041 0.041 0.041 0.041 0.041 0.041 0.040 0.041 0.041 0.041 0.041 0.041 0.041
PHE01A0148_006 0.045 0.045 0.045 0.044 0.045 0.045 0.045 0.044 0.044 0.044 0.045 0.045 0.045 0.045 0.045
PHE01A0148_007 0.013 0.013 0.013 0.013 0.013 0.013 0.013 0.013 0.013 0.013 0.013 0.013 0.013 0.013 0.013
PHE01A0148_008 0.032 0.032 0.033 0.032 0.032 0.032 0.032 0.032 0.032 0.032 0.032 0.032 0.032 0.033 0.032
PHE01A0148_009 0.006 0.006 0.006 0.006 0.006 0.006 0.006 0.006 0.006 0.006 0.006 0.006 0.006 0.006 0.006
PHE01A0148_010 0.009 0.009 0.009 0.009 0.009 0.009 0.009 0.009 0.009 0.008 0.008 0.009 0.009 0.008 0.009
PHE01A0148_011 0.008 0.008 0.008 0.008 0.007 0.008 0.008 0.008 0.008 0.007 0.007 0.008 0.008 0.008 0.008
