 ph              0.0   1.0   2.0   3.0   4.0   5.0   6.0   7.0   8.0   9.0  10.0  11.0  12.0  13.0  14.0
ASN01A0173_001 0.137 0.136 0.136 0.136 0.136 0.135 0.136 0.136 0.137 0.137 0.137 0.137 0.136 0.137 0.137
ASN01A0173_002 0.161 0.160 0.159 0.160 0.159 0.159 0.160 0.159 0.159 0.161 0.160 0.159 0.160 0.159 0.158
ASN01A0173_003 0.001 0.000 0.000 0.000 0.000 0.001 0.001 0.000 0.000 0.001 0.000 0.000 0.000 0.000 0.001
ASN01A0173_004 0.020 0.020 0.020 0.021 0.020 0.020 0.020 0.020 0.021 0.021 0.021 0.020 0.021 0.021 0.020
ASN01A0173_005 0.111 0.111 0.110 0.111 0.111 0.110 0.110 0.111 0.110 0.110 0.111 0.111 0.111 0.111 0.112
ASN01A0173_006 0.000 0.000 0.000 0.000 0.000 0.000 0.000 0.000 0.000 0.000 0.000 0.000 0.000 0.000 0.000
ASN01A0173_007 0.000 0.000 0.000 0.000 0.000 0.000 0.000 0.000 0.000 0.000 0.000 0.000 0.000 0.000 0.000
ASN01A0173_008 0.018 0.017 0.017 0.018 0.018 0.018 0.018 0.018 0.018 0.018 0.018 0.018 0.018 0.018 0.018
ASN01A0173_009 0.109 0.110 0.110 0.109 0.110 0.109 0.110 0.110 0.109 0.110 0.109 0.109 0.110 0.110 0.109
ASN01A0173_010 0.440 0.443 0.445 0.442 0.444 0.445 0.442 0.444 0.444 0.440 0.441 0.442 0.441 0.442 0.442
ASN01A0173_011 0.000 0.000 0.000 0.001 0.000 0.000 0.000 0.001 0.000 0.000 0.000 0.000 0.001 0.000 0.000
ASN01A0173_012 0.002 0.003 0.003 0.003 0.003 0.003 0.003 0.003 0.002 0.002 0.002 0.003 0.003 0.003 0.003
