 ph              0.0   1.0   2.0   3.0   4.0   5.0   6.0   7.0   8.0   9.0  10.0  11.0  12.0  13.0  14.0
GLN01A0317_001 0.185 0.182 0.181 0.181 0.183 0.181 0.183 0.181 0.183 0.182 0.185 0.182 0.182 0.185 0.183
GLN01A0317_002 0.000 0.000 0.000 0.000 0.000 0.000 0.000 0.000 0.000 0.000 0.000 0.000 0.000 0.000 0.000
GLN01A0317_003 0.033 0.034 0.033 0.034 0.033 0.033 0.034 0.033 0.034 0.034 0.033 0.034 0.034 0.033 0.034
GLN01A0317_004 0.027 0.027 0.027 0.027 0.027 0.027 0.027 0.028 0.027 0.027 0.027 0.027 0.027 0.027 0.027
GLN01A0317_005 0.579 0.579 0.581 0.582 0.580 0.579 0.579 0.582 0.578 0.580 0.577 0.577 0.579 0.577 0.579
GLN01A0317_006 0.029 0.029 0.029 0.028 0.028 0.029 0.029 0.029 0.029 0.029 0.029 0.029 0.029 0.028 0.029
GLN01A0317_007 0.002 0.002 0.002 0.002 0.002 0.002 0.002 0.002 0.002 0.002 0.002 0.002 0.002 0.002 0.002
GLN01A0317_008 0.001 0.001 0.001 0.001 0.001 0.001 0.001 0.001 0.001 0.001 0.001 0.001 0.001 0.001 0.001
GLN01A0317_009 0.006 0.007 0.006 0.006 0.006 0.007 0.007 0.007 0.006 0.006 0.007 0.007 0.007 0.006 0.007
GLN01A0317_010 0.002 0.002 0.002 0.002 0.002 0.002 0.002 0.002 0.002 0.002 0.002 0.002 0.002 0.002 0.002
GLN01A0317_011 0.001 0.001 0.001 0.001 0.001 0.001 0.002 0.001 0.001 0.001 0.002 0.001 0.001 0.001 0.001
GLN01A0317_012 0.002 0.002 0.002 0.002 0.002 0.002 0.002 0.002 0.002 0.002 0.002 0.002 0.002 0.002 0.002
GLN01A0317_013 0.062 0.063 0.063 0.063 0.063 0.063 0.063 0.062 0.063 0.063 0.063 0.064 0.063 0.063 0.062
GLN01A0317_014 0.002 0.002 0.002 0.002 0.002 0.002 0.002 0.002 0.002 0.002 0.002 0.002 0.002 0.002 0.002
GLN01A0317_015 0.001 0.001 0.001 0.001 0.001 0.001 0.001 0.001 0.001 0.001 0.001 0.001 0.001 0.001 0.002
GLN01A0317_016 0.002 0.002 0.002 0.002 0.002 0.002 0.002 0.002 0.002 0.002 0.002 0.002 0.002 0.002 0.002
GLN01A0317_017 0.030 0.030 0.030 0.030 0.030 0.031 0.030 0.030 0.031 0.030 0.030 0.030 0.031 0.030 0.029
GLN01A0317_018 0.032 0.032 0.032 0.032 0.032 0.031 0.031 0.031 0.032 0.031 0.031 0.032 0.032 0.032 0.032
GLN01A0317_019 0.004 0.004 0.004 0.004 0.004 0.004 0.004 0.004 0.004 0.004 0.004 0.004 0.004 0.004 0.004
