 ph              0.0   1.0   2.0   3.0   4.0   5.0   6.0   7.0   8.0   9.0  10.0  11.0  12.0  13.0  14.0
PHE01A0083_001 0.059 0.059 0.060 0.060 0.059 0.060 0.059 0.059 0.060 0.059 0.059 0.059 0.060 0.059 0.059
PHE01A0083_002 0.091 0.091 0.091 0.091 0.090 0.091 0.092 0.091 0.091 0.091 0.091 0.092 0.091 0.093 0.093
PHE01A0083_003 0.801 0.802 0.800 0.800 0.800 0.800 0.800 0.801 0.800 0.801 0.801 0.800 0.800 0.799 0.799
PHE01A0083_004 0.041 0.039 0.041 0.041 0.042 0.041 0.041 0.041 0.041 0.041 0.041 0.041 0.041 0.041 0.041
PHE01A0083_005 0.003 0.003 0.003 0.004 0.004 0.003 0.003 0.004 0.004 0.003 0.003 0.003 0.003 0.003 0.003
PHE01A0083_006 0.000 0.000 0.000 0.000 0.000 0.000 0.000 0.000 0.000 0.000 0.000 0.000 0.000 0.000 0.000
PHE01A0083_007 0.000 0.000 0.000 0.000 0.000 0.000 0.000 0.000 0.000 0.000 0.000 0.000 0.000 0.000 0.000
PHE01A0083_008 0.000 0.000 0.000 0.000 0.000 0.000 0.000 0.000 0.000 0.000 0.000 0.000 0.000 0.000 0.000
PHE01A0083_009 0.005 0.005 0.005 0.004 0.005 0.005 0.004 0.005 0.004 0.005 0.005 0.004 0.004 0.004 0.004
PHE01A0083_010 0.000 0.000 0.000 0.000 0.000 0.000 0.000 0.000 0.000 0.000 0.000 0.000 0.000 0.000 0.000
PHE01A0083_011 0.000 0.000 0.000 0.000 0.000 0.000 0.000 0.000 0.000 0.000 0.000 0.000 0.000 0.000 0.000
