 ph              0.0   1.0   2.0   3.0   4.0   5.0   6.0   7.0   8.0   9.0  10.0  11.0  12.0  13.0  14.0
TYR01A0146_001 0.318 0.317 0.313 0.317 0.318 0.315 0.315 0.314 0.307 0.238 0.074 0.010 0.002 0.000 0.000
TYR01A0146_002 0.000 0.000 0.000 0.000 0.000 0.000 0.000 0.000 0.000 0.000 0.000 0.000 0.000 0.000 0.000
TYR01A0146_003 0.000 0.000 0.000 0.000 0.000 0.000 0.000 0.000 0.000 0.000 0.000 0.000 0.000 0.000 0.000
TYR01A0146_004 0.000 0.000 0.000 0.000 0.000 0.000 0.000 0.000 0.000 0.000 0.000 0.000 0.000 0.000 0.000
TYR01A0146_005 0.000 0.000 0.000 0.000 0.000 0.000 0.000 0.000 0.000 0.000 0.000 0.000 0.000 0.000 0.000
TYR01A0146_006 0.000 0.000 0.000 0.000 0.000 0.000 0.000 0.000 0.000 0.000 0.000 0.000 0.000 0.000 0.000
TYR01A0146_007 0.074 0.075 0.075 0.075 0.075 0.075 0.075 0.074 0.072 0.056 0.018 0.002 0.000 0.000 0.000
TYR01A0146_008 0.010 0.010 0.010 0.010 0.010 0.010 0.010 0.010 0.009 0.007 0.002 0.000 0.000 0.000 0.000
TYR01A0146_009 0.129 0.130 0.129 0.130 0.130 0.130 0.127 0.128 0.126 0.098 0.031 0.004 0.000 0.000 0.000
TYR01A0146_010 0.000 0.000 0.000 0.000 0.000 0.000 0.000 0.000 0.000 0.000 0.000 0.000 0.000 0.000 0.000
TYR01A0146_011 0.009 0.009 0.009 0.009 0.009 0.009 0.009 0.009 0.009 0.007 0.002 0.000 0.000 0.000 0.000
TYR01A0146_012 0.460 0.459 0.464 0.459 0.459 0.461 0.463 0.461 0.443 0.351 0.109 0.015 0.003 0.000 0.000
TYR01A0146_013 0.000 0.000 0.000 0.000 0.000 0.000 0.000 0.000 0.000 0.000 0.000 0.000 0.000 0.000 0.000
TYR01A0146_014 0.000 0.000 0.000 0.000 0.000 0.000 0.000 0.000 0.000 0.000 0.000 0.000 0.000 0.000 0.000
TYR-1A0146_015 0.000 0.000 0.000 0.000 0.000 0.000 0.000 0.002 0.013 0.091 0.287 0.364 0.372 0.374 0.373
TYR-1A0146_016 0.000 0.000 0.000 0.000 0.000 0.000 0.000 0.000 0.000 0.003 0.010 0.013 0.013 0.013 0.013
TYR-1A0146_017 0.000 0.000 0.000 0.000 0.000 0.000 0.000 0.000 0.000 0.000 0.000 0.000 0.000 0.000 0.000
TYR-1A0146_018 0.000 0.000 0.000 0.000 0.000 0.000 0.000 0.000 0.000 0.000 0.000 0.000 0.000 0.000 0.000
TYR-1A0146_019 0.000 0.000 0.000 0.000 0.000 0.000 0.000 0.002 0.012 0.085 0.267 0.336 0.348 0.347 0.350
TYR-1A0146_020 0.000 0.000 0.000 0.000 0.000 0.000 0.000 0.000 0.000 0.000 0.000 0.000 0.000 0.000 0.000
TYR-1A0146_021 0.000 0.000 0.000 0.000 0.000 0.000 0.000 0.000 0.000 0.000 0.000 0.000 0.000 0.000 0.000
TYR-1A0146_022 0.000 0.000 0.000 0.000 0.000 0.000 0.000 0.000 0.000 0.003 0.008 0.011 0.011 0.011 0.011
TYR-1A0146_023 0.000 0.000 0.000 0.000 0.000 0.000 0.000 0.000 0.006 0.042 0.131 0.165 0.170 0.173 0.171
TYR-1A0146_024 0.000 0.000 0.000 0.000 0.000 0.000 0.000 0.000 0.000 0.000 0.000 0.000 0.000 0.000 0.000
TYR-1A0146_025 0.000 0.000 0.000 0.000 0.000 0.000 0.000 0.000 0.000 0.000 0.000 0.000 0.000 0.000 0.000
TYR-1A0146_026 0.000 0.000 0.000 0.000 0.000 0.000 0.000 0.000 0.000 0.000 0.000 0.000 0.000 0.000 0.000
TYR-1A0146_027 0.000 0.000 0.000 0.000 0.000 0.000 0.000 0.000 0.000 0.000 0.000 0.000 0.000 0.000 0.000
TYR-1A0146_028 0.000 0.000 0.000 0.000 0.000 0.000 0.000 0.000 0.003 0.020 0.061 0.079 0.083 0.082 0.082
