 ph              0.0   1.0   2.0   3.0   4.0   5.0   6.0   7.0   8.0   9.0  10.0  11.0  12.0  13.0  14.0
HIS01A0202_001 0.000 0.000 0.000 0.000 0.000 0.000 0.002 0.013 0.025 0.028 0.029 0.028 0.029 0.028 0.028
HIS01A0202_002 0.000 0.000 0.000 0.000 0.000 0.000 0.004 0.026 0.050 0.056 0.057 0.056 0.057 0.057 0.057
HIS01A0202_003 0.000 0.000 0.000 0.000 0.000 0.000 0.000 0.000 0.000 0.000 0.000 0.000 0.000 0.000 0.000
HIS01A0202_004 0.000 0.000 0.000 0.000 0.000 0.000 0.000 0.000 0.002 0.002 0.002 0.002 0.002 0.002 0.002
HIS01A0202_005 0.000 0.000 0.000 0.000 0.000 0.000 0.007 0.040 0.081 0.089 0.089 0.091 0.090 0.091 0.091
HIS01A0202_006 0.000 0.000 0.000 0.000 0.000 0.000 0.002 0.010 0.020 0.022 0.022 0.022 0.022 0.022 0.022
HIS01A0202_007 0.000 0.000 0.000 0.000 0.000 0.000 0.000 0.000 0.001 0.002 0.002 0.001 0.002 0.002 0.002
HIS01A0202_008 0.000 0.000 0.000 0.000 0.000 0.000 0.002 0.011 0.021 0.024 0.024 0.024 0.024 0.024 0.023
HIS01A0202_009 0.000 0.000 0.000 0.000 0.000 0.000 0.000 0.000 0.000 0.000 0.000 0.000 0.000 0.000 0.000
HIS01A0202_010 0.000 0.000 0.000 0.000 0.000 0.000 0.000 0.000 0.000 0.000 0.000 0.000 0.000 0.000 0.000
HIS01A0202_011 0.000 0.000 0.000 0.000 0.000 0.000 0.003 0.018 0.036 0.040 0.040 0.041 0.040 0.040 0.040
HIS01A0202_012 0.000 0.000 0.000 0.000 0.000 0.000 0.003 0.016 0.031 0.035 0.035 0.035 0.035 0.035 0.035
HIS01A0202_013 0.000 0.000 0.000 0.000 0.000 0.000 0.000 0.001 0.003 0.003 0.003 0.003 0.003 0.003 0.003
HIS01A0202_014 0.000 0.000 0.000 0.000 0.000 0.000 0.000 0.000 0.000 0.000 0.000 0.000 0.000 0.000 0.000
HIS01A0202_015 0.000 0.000 0.000 0.000 0.000 0.000 0.000 0.000 0.000 0.000 0.000 0.000 0.000 0.000 0.000
HIS01A0202_016 0.000 0.000 0.000 0.000 0.000 0.000 0.000 0.003 0.005 0.006 0.006 0.006 0.006 0.006 0.006
HIS01A0202_017 0.000 0.000 0.000 0.000 0.000 0.000 0.005 0.026 0.050 0.056 0.057 0.057 0.057 0.057 0.057
HIS01A0202_018 0.000 0.000 0.000 0.000 0.000 0.000 0.000 0.000 0.000 0.000 0.000 0.000 0.000 0.000 0.000
HIS02A0202_019 0.000 0.000 0.000 0.000 0.000 0.000 0.005 0.030 0.061 0.068 0.069 0.069 0.069 0.069 0.069
HIS02A0202_020 0.000 0.000 0.000 0.000 0.000 0.000 0.004 0.024 0.048 0.054 0.054 0.054 0.054 0.054 0.054
HIS02A0202_021 0.000 0.000 0.000 0.000 0.000 0.000 0.000 0.000 0.000 0.000 0.000 0.000 0.000 0.000 0.000
HIS02A0202_022 0.000 0.000 0.000 0.000 0.000 0.000 0.000 0.002 0.005 0.005 0.006 0.005 0.006 0.006 0.005
HIS02A0202_023 0.000 0.000 0.000 0.000 0.000 0.000 0.000 0.000 0.000 0.000 0.000 0.000 0.000 0.000 0.000
HIS02A0202_024 0.000 0.000 0.000 0.000 0.000 0.000 0.000 0.000 0.000 0.000 0.001 0.001 0.001 0.001 0.001
HIS02A0202_025 0.000 0.000 0.000 0.000 0.000 0.008 0.012 0.066 0.132 0.144 0.147 0.146 0.147 0.147 0.147
HIS02A0202_026 0.000 0.000 0.000 0.000 0.000 0.007 0.010 0.057 0.113 0.125 0.126 0.126 0.127 0.127 0.127
HIS02A0202_027 0.000 0.000 0.000 0.000 0.000 0.000 0.000 0.000 0.000 0.000 0.000 0.000 0.000 0.000 0.000
HIS02A0202_028 0.000 0.000 0.000 0.000 0.000 0.000 0.000 0.000 0.000 0.000 0.000 0.000 0.000 0.000 0.000
HIS02A0202_029 0.000 0.000 0.000 0.000 0.000 0.000 0.003 0.018 0.036 0.040 0.041 0.041 0.042 0.041 0.041
HIS02A0202_030 0.000 0.000 0.000 0.000 0.000 0.000 0.000 0.000 0.000 0.000 0.000 0.000 0.000 0.000 0.000
HIS02A0202_031 0.000 0.000 0.000 0.000 0.000 0.000 0.006 0.031 0.061 0.069 0.071 0.070 0.069 0.069 0.069
HIS02A0202_032 0.000 0.000 0.000 0.000 0.000 0.000 0.006 0.034 0.069 0.077 0.078 0.079 0.078 0.079 0.078
HIS02A0202_033 0.000 0.000 0.000 0.000 0.000 0.000 0.000 0.000 0.000 0.000 0.000 0.000 0.000 0.000 0.000
HIS02A0202_034 0.000 0.000 0.000 0.000 0.000 0.000 0.000 0.000 0.000 0.000 0.000 0.000 0.000 0.000 0.000
HIS02A0202_035 0.000 0.000 0.000 0.000 0.000 0.000 0.003 0.015 0.029 0.033 0.033 0.033 0.033 0.033 0.033
HIS02A0202_036 0.000 0.000 0.000 0.000 0.000 0.000 0.000 0.004 0.007 0.008 0.008 0.008 0.008 0.008 0.008
HIS02A0202_037 0.000 0.000 0.000 0.000 0.000 0.000 0.000 0.000 0.000 0.000 0.000 0.000 0.000 0.000 0.000
HIS+1A0202_038 0.131 0.131 0.130 0.129 0.131 0.127 0.121 0.072 0.015 0.002 0.000 0.000 0.000 0.000 0.000
HIS+1A0202_039 0.002 0.002 0.002 0.001 0.001 0.001 0.001 0.000 0.000 0.000 0.000 0.000 0.000 0.000 0.000
HIS+1A0202_040 0.001 0.000 0.001 0.000 0.000 0.000 0.000 0.000 0.000 0.000 0.000 0.000 0.000 0.000 0.000
HIS+1A0202_041 0.145 0.148 0.145 0.146 0.146 0.143 0.137 0.081 0.017 0.002 0.000 0.000 0.000 0.000 0.000
HIS+1A0202_042 0.000 0.000 0.000 0.000 0.000 0.000 0.000 0.000 0.000 0.000 0.000 0.000 0.000 0.000 0.000
HIS+1A0202_043 0.000 0.000 0.000 0.000 0.000 0.000 0.000 0.000 0.000 0.000 0.000 0.000 0.000 0.000 0.000
HIS+1A0202_044 0.060 0.059 0.059 0.060 0.060 0.059 0.055 0.034 0.007 0.000 0.000 0.000 0.000 0.000 0.000
HIS+1A0202_045 0.176 0.174 0.176 0.176 0.175 0.174 0.161 0.097 0.020 0.003 0.000 0.000 0.000 0.000 0.000
HIS+1A0202_046 0.092 0.092 0.092 0.092 0.091 0.090 0.085 0.051 0.010 0.001 0.000 0.000 0.000 0.000 0.000
HIS+1A0202_047 0.011 0.012 0.012 0.011 0.012 0.011 0.010 0.006 0.001 0.000 0.000 0.000 0.000 0.000 0.000
HIS+1A0202_048 0.000 0.000 0.000 0.000 0.000 0.000 0.000 0.000 0.000 0.000 0.000 0.000 0.000 0.000 0.000
HIS+1A0202_049 0.208 0.210 0.210 0.210 0.210 0.206 0.193 0.117 0.024 0.003 0.000 0.000 0.000 0.000 0.000
HIS+1A0202_050 0.038 0.038 0.038 0.039 0.037 0.038 0.035 0.021 0.004 0.000 0.000 0.000 0.000 0.000 0.000
HIS+1A0202_051 0.013 0.013 0.013 0.013 0.013 0.013 0.012 0.007 0.001 0.000 0.000 0.000 0.000 0.000 0.000
HIS+1A0202_052 0.000 0.000 0.000 0.000 0.000 0.000 0.000 0.000 0.000 0.000 0.000 0.000 0.000 0.000 0.000
HIS+1A0202_053 0.123 0.123 0.122 0.123 0.124 0.121 0.112 0.068 0.014 0.002 0.000 0.000 0.000 0.000 0.000
HIS+1A0202_054 0.000 0.000 0.000 0.000 0.000 0.000 0.000 0.000 0.000 0.000 0.000 0.000 0.000 0.000 0.000
HIS+1A0202_055 0.000 0.000 0.000 0.000 0.000 0.000 0.000 0.000 0.000 0.000 0.000 0.000 0.000 0.000 0.000
