 ph              0.0   1.0   2.0   3.0   4.0   5.0   6.0   7.0   8.0   9.0  10.0  11.0  12.0  13.0  14.0
ILE01A0167_001 0.178 0.179 0.181 0.179 0.179 0.182 0.178 0.180 0.181 0.180 0.179 0.180 0.178 0.179 0.178
ILE01A0167_002 0.012 0.012 0.012 0.011 0.012 0.012 0.012 0.012 0.012 0.012 0.012 0.012 0.012 0.011 0.012
ILE01A0167_003 0.142 0.141 0.141 0.141 0.141 0.141 0.141 0.141 0.141 0.141 0.141 0.139 0.140 0.141 0.140
ILE01A0167_004 0.000 0.000 0.000 0.000 0.000 0.000 0.000 0.000 0.000 0.000 0.000 0.000 0.000 0.000 0.000
ILE01A0167_005 0.000 0.000 0.000 0.000 0.000 0.000 0.000 0.000 0.000 0.000 0.000 0.000 0.000 0.000 0.000
ILE01A0167_006 0.668 0.668 0.665 0.668 0.668 0.664 0.669 0.667 0.667 0.668 0.667 0.668 0.670 0.668 0.670
ILE01A0167_007 0.000 0.000 0.000 0.000 0.000 0.000 0.000 0.000 0.000 0.000 0.000 0.000 0.000 0.000 0.000
ILE01A0167_008 0.000 0.000 0.000 0.000 0.000 0.001 0.000 0.000 0.000 0.000 0.001 0.000 0.000 0.001 0.001
ILE01A0167_009 0.000 0.000 0.000 0.000 0.000 0.000 0.000 0.000 0.000 0.000 0.000 0.000 0.000 0.000 0.000
