 ph              0.0   1.0   2.0   3.0   4.0   5.0   6.0   7.0   8.0   9.0  10.0  11.0  12.0  13.0  14.0
GLU01A0115_001 0.000 0.000 0.000 0.000 0.000 0.000 0.000 0.000 0.000 0.000 0.000 0.000 0.000 0.000 0.000
GLU01A0115_002 0.009 0.010 0.009 0.009 0.006 0.001 0.000 0.000 0.000 0.000 0.000 0.000 0.000 0.000 0.000
GLU01A0115_003 0.018 0.018 0.018 0.017 0.011 0.003 0.000 0.000 0.000 0.000 0.000 0.000 0.000 0.000 0.000
GLU01A0115_004 0.059 0.059 0.059 0.055 0.036 0.009 0.000 0.000 0.000 0.000 0.000 0.000 0.000 0.000 0.000
GLU01A0115_005 0.005 0.005 0.005 0.005 0.003 0.000 0.000 0.000 0.000 0.000 0.000 0.000 0.000 0.000 0.000
GLU01A0115_006 0.006 0.006 0.006 0.006 0.004 0.000 0.000 0.000 0.000 0.000 0.000 0.000 0.000 0.000 0.000
GLU01A0115_007 0.009 0.009 0.009 0.009 0.006 0.001 0.000 0.000 0.000 0.000 0.000 0.000 0.000 0.000 0.000
GLU01A0115_008 0.005 0.005 0.005 0.005 0.003 0.000 0.000 0.000 0.000 0.000 0.000 0.000 0.000 0.000 0.000
GLU01A0115_009 0.098 0.099 0.097 0.093 0.059 0.014 0.003 0.000 0.000 0.000 0.000 0.000 0.000 0.000 0.000
GLU01A0115_010 0.182 0.183 0.180 0.171 0.108 0.027 0.005 0.000 0.000 0.000 0.000 0.000 0.000 0.000 0.000
GLU01A0115_011 0.086 0.085 0.085 0.081 0.052 0.012 0.003 0.000 0.000 0.000 0.000 0.000 0.000 0.000 0.000
GLU02A0115_012 0.003 0.003 0.003 0.003 0.002 0.000 0.000 0.000 0.000 0.000 0.000 0.000 0.000 0.000 0.000
GLU02A0115_013 0.019 0.019 0.019 0.018 0.011 0.003 0.000 0.000 0.000 0.000 0.000 0.000 0.000 0.000 0.000
GLU02A0115_014 0.033 0.033 0.033 0.031 0.020 0.005 0.000 0.000 0.000 0.000 0.000 0.000 0.000 0.000 0.000
GLU02A0115_015 0.034 0.033 0.034 0.031 0.020 0.005 0.000 0.000 0.000 0.000 0.000 0.000 0.000 0.000 0.000
GLU02A0115_016 0.011 0.011 0.011 0.011 0.007 0.002 0.000 0.000 0.000 0.000 0.000 0.000 0.000 0.000 0.000
GLU02A0115_017 0.007 0.006 0.006 0.006 0.004 0.000 0.000 0.000 0.000 0.000 0.000 0.000 0.000 0.000 0.000
GLU02A0115_018 0.003 0.003 0.003 0.003 0.002 0.000 0.000 0.000 0.000 0.000 0.000 0.000 0.000 0.000 0.000
GLU02A0115_019 0.003 0.002 0.003 0.002 0.002 0.000 0.000 0.000 0.000 0.000 0.000 0.000 0.000 0.000 0.000
GLU02A0115_020 0.140 0.140 0.139 0.131 0.084 0.021 0.004 0.000 0.000 0.000 0.000 0.000 0.000 0.000 0.000
GLU02A0115_021 0.227 0.225 0.226 0.211 0.136 0.033 0.007 0.000 0.000 0.000 0.000 0.000 0.000 0.000 0.000
GLU02A0115_022 0.043 0.043 0.043 0.041 0.026 0.006 0.000 0.000 0.000 0.000 0.000 0.000 0.000 0.000 0.000
GLU-1A0115_023 0.000 0.000 0.001 0.011 0.071 0.149 0.170 0.172 0.174 0.174 0.175 0.175 0.175 0.176 0.175
GLU-1A0115_024 0.000 0.000 0.002 0.023 0.148 0.315 0.358 0.366 0.367 0.368 0.368 0.368 0.370 0.368 0.367
GLU-1A0115_025 0.000 0.000 0.003 0.029 0.183 0.394 0.449 0.462 0.459 0.458 0.456 0.457 0.455 0.456 0.458
