 ph              0.0   1.0   2.0   3.0   4.0   5.0   6.0   7.0   8.0   9.0  10.0  11.0  12.0  13.0  14.0
PHE01A0099_001 0.361 0.362 0.360 0.364 0.364 0.362 0.362 0.364 0.364 0.361 0.362 0.363 0.362 0.365 0.362
PHE01A0099_002 0.038 0.037 0.038 0.038 0.038 0.038 0.038 0.037 0.038 0.038 0.038 0.038 0.037 0.037 0.037
PHE01A0099_003 0.000 0.000 0.000 0.000 0.000 0.000 0.000 0.000 0.000 0.000 0.000 0.000 0.000 0.000 0.000
PHE01A0099_004 0.027 0.026 0.027 0.027 0.027 0.027 0.026 0.026 0.027 0.026 0.027 0.027 0.026 0.026 0.026
PHE01A0099_005 0.466 0.466 0.467 0.462 0.463 0.467 0.468 0.466 0.464 0.469 0.468 0.465 0.468 0.465 0.469
PHE01A0099_006 0.017 0.018 0.018 0.017 0.017 0.018 0.017 0.018 0.017 0.017 0.017 0.018 0.017 0.017 0.017
PHE01A0099_007 0.000 0.000 0.000 0.000 0.000 0.000 0.000 0.000 0.000 0.000 0.000 0.000 0.000 0.000 0.000
PHE01A0099_008 0.011 0.011 0.012 0.011 0.012 0.011 0.011 0.011 0.011 0.011 0.011 0.011 0.011 0.011 0.011
PHE01A0099_009 0.071 0.069 0.069 0.071 0.071 0.070 0.068 0.070 0.069 0.069 0.069 0.069 0.070 0.070 0.069
PHE01A0099_010 0.009 0.009 0.009 0.009 0.009 0.009 0.009 0.008 0.009 0.008 0.009 0.009 0.009 0.009 0.009
PHE01A0099_011 0.000 0.000 0.000 0.000 0.000 0.000 0.000 0.000 0.000 0.000 0.000 0.000 0.000 0.000 0.000
PHE01A0099_012 0.000 0.000 0.000 0.000 0.000 0.000 0.000 0.000 0.000 0.000 0.000 0.000 0.000 0.000 0.000
PHE01A0099_013 0.000 0.000 0.000 0.000 0.000 0.000 0.000 0.000 0.000 0.000 0.000 0.000 0.000 0.000 0.000
PHE01A0099_014 0.000 0.000 0.000 0.000 0.000 0.000 0.000 0.000 0.000 0.000 0.000 0.000 0.000 0.000 0.000
PHE01A0099_015 0.000 0.000 0.000 0.000 0.000 0.000 0.000 0.000 0.000 0.000 0.000 0.000 0.000 0.000 0.000
PHE01A0099_016 0.000 0.000 0.000 0.000 0.000 0.000 0.000 0.000 0.000 0.000 0.000 0.000 0.000 0.000 0.000
