 ph              0.0   1.0   2.0   3.0   4.0   5.0   6.0   7.0   8.0   9.0  10.0  11.0  12.0  13.0  14.0
LEU01A0119_001 0.042 0.042 0.041 0.042 0.042 0.043 0.042 0.042 0.041 0.042 0.042 0.042 0.042 0.042 0.042
LEU01A0119_002 0.000 0.000 0.000 0.000 0.000 0.000 0.000 0.000 0.000 0.000 0.000 0.000 0.000 0.000 0.000
LEU01A0119_003 0.251 0.249 0.252 0.248 0.249 0.249 0.250 0.250 0.251 0.250 0.251 0.250 0.250 0.250 0.248
LEU01A0119_004 0.187 0.188 0.186 0.186 0.189 0.189 0.189 0.187 0.185 0.187 0.189 0.186 0.187 0.187 0.187
LEU01A0119_005 0.040 0.040 0.039 0.039 0.039 0.040 0.040 0.039 0.039 0.040 0.040 0.040 0.040 0.039 0.040
LEU01A0119_006 0.000 0.000 0.000 0.000 0.000 0.000 0.000 0.000 0.000 0.000 0.000 0.000 0.000 0.000 0.000
LEU01A0119_007 0.003 0.003 0.003 0.003 0.003 0.003 0.003 0.003 0.003 0.003 0.003 0.003 0.003 0.003 0.003
LEU01A0119_008 0.000 0.000 0.000 0.000 0.000 0.000 0.000 0.000 0.000 0.000 0.000 0.000 0.000 0.000 0.000
LEU01A0119_009 0.110 0.110 0.109 0.109 0.108 0.108 0.109 0.108 0.109 0.108 0.108 0.109 0.109 0.108 0.108
LEU01A0119_010 0.368 0.368 0.371 0.373 0.370 0.369 0.368 0.371 0.372 0.370 0.368 0.370 0.369 0.371 0.371
LEU01A0119_011 0.000 0.000 0.000 0.000 0.000 0.000 0.000 0.000 0.000 0.000 0.000 0.000 0.000 0.000 0.000
LEU01A0119_012 0.000 0.000 0.000 0.000 0.000 0.000 0.000 0.000 0.000 0.000 0.000 0.000 0.000 0.000 0.000
LEU01A0119_013 0.000 0.000 0.000 0.000 0.000 0.000 0.000 0.000 0.000 0.000 0.000 0.000 0.000 0.000 0.000
LEU01A0119_014 0.000 0.000 0.000 0.000 0.000 0.000 0.000 0.000 0.000 0.000 0.000 0.000 0.000 0.000 0.000
LEU01A0119_015 0.000 0.000 0.000 0.000 0.000 0.000 0.000 0.000 0.000 0.000 0.000 0.000 0.000 0.000 0.000
LEU01A0119_016 0.000 0.000 0.000 0.000 0.000 0.000 0.000 0.000 0.000 0.000 0.000 0.000 0.000 0.000 0.000
