 ph              0.0   1.0   2.0   3.0   4.0   5.0   6.0   7.0   8.0   9.0  10.0  11.0  12.0  13.0  14.0
TYR01A0142_001 0.741 0.747 0.739 0.741 0.742 0.741 0.743 0.742 0.727 0.598 0.220 0.029 0.003 0.000 0.000
TYR01A0142_002 0.003 0.002 0.002 0.002 0.002 0.002 0.002 0.002 0.002 0.002 0.000 0.000 0.000 0.000 0.000
TYR01A0142_003 0.255 0.251 0.259 0.257 0.255 0.257 0.254 0.253 0.248 0.205 0.076 0.011 0.001 0.000 0.000
TYR01A0142_004 0.000 0.000 0.000 0.000 0.000 0.000 0.000 0.000 0.000 0.000 0.000 0.000 0.000 0.000 0.000
TYR01A0142_005 0.001 0.000 0.000 0.001 0.001 0.000 0.001 0.000 0.000 0.000 0.000 0.000 0.000 0.000 0.000
TYR01A0142_006 0.000 0.000 0.000 0.000 0.000 0.000 0.000 0.000 0.000 0.000 0.000 0.000 0.000 0.000 0.000
TYR01A0142_007 0.000 0.000 0.000 0.000 0.000 0.000 0.000 0.000 0.000 0.000 0.000 0.000 0.000 0.000 0.000
TYR-1A0142_008 0.000 0.000 0.000 0.000 0.000 0.000 0.000 0.003 0.015 0.126 0.456 0.621 0.646 0.647 0.648
TYR-1A0142_009 0.000 0.000 0.000 0.000 0.000 0.000 0.000 0.000 0.000 0.000 0.001 0.002 0.002 0.002 0.002
TYR-1A0142_010 0.000 0.000 0.000 0.000 0.000 0.000 0.000 0.000 0.008 0.068 0.246 0.337 0.347 0.351 0.350
TYR-1A0142_011 0.000 0.000 0.000 0.000 0.000 0.000 0.000 0.000 0.000 0.000 0.000 0.000 0.000 0.000 0.000
TYR-1A0142_012 0.000 0.000 0.000 0.000 0.000 0.000 0.000 0.000 0.000 0.000 0.000 0.000 0.000 0.000 0.000
TYR-1A0142_013 0.000 0.000 0.000 0.000 0.000 0.000 0.000 0.000 0.000 0.000 0.000 0.000 0.000 0.000 0.000
TYR-1A0142_014 0.000 0.000 0.000 0.000 0.000 0.000 0.000 0.000 0.000 0.000 0.000 0.000 0.000 0.000 0.000
