 ph              0.0   1.0   2.0   3.0   4.0   5.0   6.0   7.0   8.0   9.0  10.0  11.0  12.0  13.0  14.0
GLN01A0070_001 0.230 0.230 0.229 0.230 0.231 0.228 0.231 0.230 0.230 0.229 0.230 0.231 0.229 0.230 0.229
GLN01A0070_002 0.161 0.160 0.161 0.161 0.160 0.160 0.157 0.161 0.160 0.160 0.160 0.159 0.161 0.160 0.161
GLN01A0070_003 0.066 0.066 0.066 0.065 0.066 0.066 0.066 0.066 0.065 0.066 0.066 0.066 0.066 0.065 0.066
GLN01A0070_004 0.034 0.033 0.033 0.033 0.033 0.033 0.034 0.033 0.033 0.033 0.033 0.033 0.033 0.033 0.033
GLN01A0070_005 0.002 0.002 0.002 0.002 0.002 0.002 0.002 0.002 0.002 0.002 0.002 0.002 0.002 0.002 0.002
GLN01A0070_006 0.017 0.017 0.017 0.017 0.017 0.017 0.017 0.017 0.017 0.017 0.017 0.017 0.017 0.017 0.017
GLN01A0070_007 0.005 0.005 0.005 0.005 0.005 0.005 0.005 0.005 0.005 0.005 0.005 0.005 0.005 0.005 0.005
GLN01A0070_008 0.108 0.108 0.107 0.109 0.108 0.108 0.109 0.107 0.108 0.108 0.108 0.108 0.108 0.108 0.109
GLN01A0070_009 0.008 0.008 0.008 0.008 0.008 0.008 0.008 0.008 0.008 0.007 0.008 0.008 0.008 0.008 0.008
GLN01A0070_010 0.113 0.114 0.113 0.113 0.114 0.114 0.114 0.113 0.114 0.114 0.113 0.114 0.114 0.114 0.112
GLN01A0070_011 0.138 0.140 0.140 0.139 0.139 0.141 0.140 0.140 0.139 0.141 0.140 0.140 0.139 0.141 0.141
GLN01A0070_012 0.002 0.002 0.002 0.002 0.002 0.002 0.002 0.002 0.002 0.002 0.002 0.002 0.002 0.002 0.002
GLN01A0070_013 0.002 0.002 0.002 0.002 0.002 0.002 0.002 0.002 0.002 0.002 0.002 0.002 0.002 0.002 0.002
GLN01A0070_014 0.002 0.002 0.002 0.002 0.002 0.002 0.002 0.002 0.002 0.002 0.002 0.002 0.002 0.002 0.002
GLN01A0070_015 0.108 0.108 0.108 0.108 0.108 0.107 0.107 0.108 0.108 0.107 0.109 0.107 0.109 0.108 0.107
GLN01A0070_016 0.004 0.004 0.004 0.004 0.004 0.004 0.004 0.004 0.004 0.004 0.004 0.004 0.004 0.004 0.004
