 ph              0.0   1.0   2.0   3.0   4.0   5.0   6.0   7.0   8.0   9.0  10.0  11.0  12.0  13.0  14.0
GLN01A0186_001 0.043 0.043 0.043 0.043 0.043 0.042 0.043 0.042 0.042 0.043 0.043 0.042 0.042 0.042 0.043
GLN01A0186_002 0.075 0.075 0.074 0.075 0.075 0.075 0.074 0.075 0.074 0.075 0.075 0.075 0.075 0.075 0.075
GLN01A0186_003 0.021 0.022 0.021 0.022 0.021 0.021 0.021 0.021 0.021 0.021 0.022 0.021 0.022 0.021 0.021
GLN01A0186_004 0.107 0.107 0.107 0.107 0.107 0.107 0.107 0.107 0.108 0.107 0.108 0.107 0.108 0.107 0.107
GLN01A0186_005 0.094 0.095 0.095 0.094 0.094 0.094 0.093 0.093 0.094 0.095 0.093 0.094 0.094 0.094 0.095
GLN01A0186_006 0.081 0.081 0.081 0.081 0.081 0.081 0.081 0.082 0.082 0.081 0.081 0.081 0.081 0.081 0.081
GLN01A0186_007 0.040 0.039 0.039 0.039 0.040 0.039 0.039 0.040 0.039 0.039 0.039 0.039 0.039 0.039 0.039
GLN01A0186_008 0.046 0.046 0.045 0.046 0.045 0.045 0.046 0.046 0.045 0.046 0.046 0.046 0.046 0.046 0.046
GLN01A0186_009 0.000 0.000 0.000 0.000 0.000 0.000 0.000 0.000 0.000 0.000 0.000 0.000 0.000 0.000 0.000
GLN01A0186_010 0.000 0.000 0.000 0.000 0.000 0.000 0.000 0.000 0.000 0.000 0.000 0.000 0.000 0.000 0.000
GLN01A0186_011 0.240 0.240 0.242 0.239 0.239 0.241 0.243 0.241 0.240 0.239 0.240 0.240 0.240 0.241 0.239
GLN01A0186_012 0.001 0.002 0.001 0.001 0.001 0.001 0.001 0.001 0.001 0.001 0.001 0.001 0.001 0.001 0.001
GLN01A0186_013 0.107 0.107 0.108 0.108 0.107 0.107 0.107 0.107 0.108 0.107 0.108 0.107 0.108 0.107 0.108
GLN01A0186_014 0.012 0.012 0.012 0.012 0.012 0.012 0.012 0.012 0.012 0.012 0.012 0.012 0.012 0.012 0.012
GLN01A0186_015 0.121 0.121 0.121 0.120 0.122 0.121 0.121 0.121 0.121 0.121 0.121 0.122 0.121 0.121 0.121
GLN01A0186_016 0.012 0.012 0.012 0.012 0.012 0.012 0.012 0.012 0.012 0.012 0.012 0.012 0.012 0.012 0.012
GLN01A0186_017 0.000 0.000 0.000 0.000 0.000 0.000 0.000 0.000 0.000 0.000 0.000 0.000 0.000 0.000 0.000
