 ph              0.0   1.0   2.0   3.0   4.0   5.0   6.0   7.0   8.0   9.0  10.0  11.0  12.0  13.0  14.0
LEU01A0128_001 0.003 0.003 0.003 0.003 0.003 0.003 0.003 0.003 0.003 0.003 0.003 0.003 0.003 0.003 0.003
LEU01A0128_002 0.000 0.000 0.000 0.000 0.000 0.000 0.000 0.000 0.000 0.000 0.000 0.000 0.000 0.000 0.000
LEU01A0128_003 0.642 0.647 0.639 0.640 0.642 0.643 0.642 0.642 0.643 0.645 0.641 0.643 0.641 0.644 0.640
LEU01A0128_004 0.000 0.000 0.000 0.000 0.000 0.000 0.000 0.000 0.000 0.000 0.000 0.000 0.000 0.000 0.000
LEU01A0128_005 0.169 0.165 0.172 0.171 0.169 0.168 0.170 0.170 0.169 0.169 0.170 0.168 0.169 0.168 0.171
LEU01A0128_006 0.000 0.000 0.000 0.000 0.000 0.000 0.000 0.000 0.000 0.000 0.000 0.000 0.000 0.000 0.000
LEU01A0128_007 0.041 0.041 0.040 0.040 0.041 0.041 0.041 0.040 0.040 0.039 0.040 0.041 0.041 0.040 0.041
LEU01A0128_008 0.130 0.128 0.131 0.131 0.130 0.130 0.129 0.129 0.130 0.128 0.131 0.130 0.131 0.129 0.130
LEU01A0128_009 0.000 0.000 0.000 0.000 0.000 0.000 0.000 0.000 0.000 0.000 0.000 0.000 0.000 0.000 0.000
LEU01A0128_010 0.000 0.000 0.000 0.000 0.000 0.000 0.000 0.000 0.000 0.000 0.000 0.000 0.000 0.000 0.000
LEU01A0128_011 0.009 0.009 0.009 0.009 0.009 0.009 0.009 0.009 0.009 0.009 0.009 0.009 0.009 0.009 0.009
LEU01A0128_012 0.006 0.006 0.006 0.006 0.006 0.006 0.006 0.006 0.006 0.006 0.006 0.006 0.006 0.006 0.006
LEU01A0128_013 0.000 0.000 0.000 0.000 0.000 0.000 0.000 0.000 0.000 0.000 0.000 0.000 0.000 0.000 0.000
