 ph              0.0   1.0   2.0   3.0   4.0   5.0   6.0   7.0   8.0   9.0  10.0  11.0  12.0  13.0  14.0
GLU01A0132_001 0.002 0.002 0.002 0.002 0.002 0.000 0.000 0.000 0.000 0.000 0.000 0.000 0.000 0.000 0.000
GLU01A0132_002 0.001 0.001 0.001 0.001 0.000 0.000 0.000 0.000 0.000 0.000 0.000 0.000 0.000 0.000 0.000
GLU01A0132_003 0.031 0.032 0.031 0.031 0.023 0.007 0.000 0.000 0.000 0.000 0.000 0.000 0.000 0.000 0.000
GLU01A0132_004 0.030 0.029 0.029 0.028 0.021 0.006 0.000 0.000 0.000 0.000 0.000 0.000 0.000 0.000 0.000
GLU01A0132_005 0.017 0.016 0.017 0.016 0.012 0.004 0.000 0.000 0.000 0.000 0.000 0.000 0.000 0.000 0.000
GLU01A0132_006 0.000 0.000 0.000 0.000 0.000 0.000 0.000 0.000 0.000 0.000 0.000 0.000 0.000 0.000 0.000
GLU01A0132_007 0.002 0.002 0.002 0.002 0.002 0.000 0.000 0.000 0.000 0.000 0.000 0.000 0.000 0.000 0.000
GLU01A0132_008 0.011 0.010 0.010 0.010 0.007 0.002 0.000 0.000 0.000 0.000 0.000 0.000 0.000 0.000 0.000
GLU01A0132_009 0.000 0.000 0.000 0.000 0.000 0.000 0.000 0.000 0.000 0.000 0.000 0.000 0.000 0.000 0.000
GLU01A0132_010 0.009 0.009 0.009 0.009 0.007 0.002 0.000 0.000 0.000 0.000 0.000 0.000 0.000 0.000 0.000
GLU01A0132_011 0.015 0.015 0.015 0.014 0.010 0.003 0.000 0.000 0.000 0.000 0.000 0.000 0.000 0.000 0.000
GLU01A0132_012 0.002 0.002 0.002 0.002 0.002 0.000 0.000 0.000 0.000 0.000 0.000 0.000 0.000 0.000 0.000
GLU01A0132_013 0.166 0.166 0.168 0.161 0.120 0.035 0.008 0.000 0.000 0.000 0.000 0.000 0.000 0.000 0.000
GLU01A0132_014 0.002 0.002 0.002 0.002 0.000 0.000 0.000 0.000 0.000 0.000 0.000 0.000 0.000 0.000 0.000
GLU01A0132_015 0.193 0.193 0.191 0.183 0.137 0.041 0.009 0.000 0.000 0.000 0.000 0.000 0.000 0.000 0.000
GLU02A0132_016 0.000 0.001 0.001 0.000 0.000 0.000 0.000 0.000 0.000 0.000 0.000 0.000 0.000 0.000 0.000
GLU02A0132_017 0.000 0.000 0.000 0.000 0.000 0.000 0.000 0.000 0.000 0.000 0.000 0.000 0.000 0.000 0.000
GLU02A0132_018 0.005 0.005 0.005 0.005 0.003 0.000 0.000 0.000 0.000 0.000 0.000 0.000 0.000 0.000 0.000
GLU02A0132_019 0.021 0.021 0.021 0.020 0.015 0.004 0.000 0.000 0.000 0.000 0.000 0.000 0.000 0.000 0.000
GLU02A0132_020 0.019 0.018 0.018 0.018 0.013 0.004 0.000 0.000 0.000 0.000 0.000 0.000 0.000 0.000 0.000
GLU02A0132_021 0.003 0.003 0.003 0.003 0.002 0.000 0.000 0.000 0.000 0.000 0.000 0.000 0.000 0.000 0.000
GLU02A0132_022 0.166 0.166 0.165 0.161 0.118 0.036 0.008 0.000 0.000 0.000 0.000 0.000 0.000 0.000 0.000
GLU02A0132_023 0.000 0.000 0.000 0.000 0.000 0.000 0.000 0.000 0.000 0.000 0.000 0.000 0.000 0.000 0.000
GLU02A0132_024 0.008 0.008 0.008 0.008 0.006 0.002 0.000 0.000 0.000 0.000 0.000 0.000 0.000 0.000 0.000
GLU02A0132_025 0.010 0.009 0.009 0.009 0.007 0.002 0.000 0.000 0.000 0.000 0.000 0.000 0.000 0.000 0.000
GLU02A0132_026 0.000 0.000 0.000 0.000 0.000 0.000 0.000 0.000 0.000 0.000 0.000 0.000 0.000 0.000 0.000
GLU02A0132_027 0.000 0.000 0.000 0.000 0.000 0.000 0.000 0.000 0.000 0.000 0.000 0.000 0.000 0.000 0.000
GLU02A0132_028 0.010 0.010 0.010 0.010 0.007 0.002 0.000 0.000 0.000 0.000 0.000 0.000 0.000 0.000 0.000
GLU02A0132_029 0.029 0.029 0.029 0.028 0.021 0.006 0.000 0.000 0.000 0.000 0.000 0.000 0.000 0.000 0.000
GLU02A0132_030 0.248 0.250 0.246 0.237 0.177 0.053 0.013 0.004 0.000 0.000 0.000 0.000 0.000 0.000 0.000
GLU-1A0132_031 0.000 0.000 0.000 0.002 0.014 0.040 0.048 0.050 0.049 0.049 0.051 0.049 0.051 0.049 0.050
GLU-1A0132_032 0.000 0.000 0.000 0.000 0.000 0.002 0.003 0.003 0.003 0.003 0.003 0.003 0.003 0.003 0.003
GLU-1A0132_033 0.000 0.000 0.003 0.019 0.138 0.380 0.455 0.472 0.478 0.479 0.475 0.477 0.474 0.478 0.480
GLU-1A0132_034 0.000 0.000 0.000 0.002 0.017 0.045 0.056 0.057 0.057 0.057 0.057 0.056 0.058 0.057 0.057
GLU-1A0132_035 0.000 0.000 0.000 0.001 0.009 0.024 0.030 0.030 0.031 0.032 0.032 0.031 0.031 0.031 0.031
GLU-1A0132_036 0.000 0.000 0.000 0.000 0.001 0.003 0.004 0.004 0.004 0.004 0.004 0.004 0.004 0.004 0.004
GLU-1A0132_037 0.000 0.000 0.002 0.015 0.109 0.298 0.365 0.380 0.377 0.377 0.379 0.381 0.379 0.379 0.376
