 ph              0.0   1.0   2.0   3.0   4.0   5.0   6.0   7.0   8.0   9.0  10.0  11.0  12.0  13.0  14.0
ASP01A0176_001 0.008 0.008 0.007 0.006 0.003 0.000 0.000 0.000 0.000 0.000 0.000 0.000 0.000 0.000 0.000
ASP01A0176_002 0.006 0.006 0.006 0.005 0.002 0.000 0.000 0.000 0.000 0.000 0.000 0.000 0.000 0.000 0.000
ASP01A0176_003 0.248 0.247 0.244 0.205 0.080 0.013 0.003 0.000 0.000 0.000 0.000 0.000 0.000 0.000 0.000
ASP01A0176_004 0.000 0.000 0.000 0.000 0.000 0.000 0.000 0.000 0.000 0.000 0.000 0.000 0.000 0.000 0.000
ASP01A0176_005 0.007 0.007 0.006 0.005 0.002 0.000 0.000 0.000 0.000 0.000 0.000 0.000 0.000 0.000 0.000
ASP01A0176_006 0.005 0.005 0.004 0.004 0.001 0.000 0.000 0.000 0.000 0.000 0.000 0.000 0.000 0.000 0.000
ASP01A0176_007 0.247 0.247 0.241 0.204 0.079 0.013 0.000 0.000 0.000 0.000 0.000 0.000 0.000 0.000 0.000
ASP02A0176_008 0.022 0.022 0.021 0.018 0.007 0.001 0.000 0.000 0.000 0.000 0.000 0.000 0.000 0.000 0.000
ASP02A0176_009 0.014 0.014 0.013 0.011 0.004 0.000 0.000 0.000 0.000 0.000 0.000 0.000 0.000 0.000 0.000
ASP02A0176_010 0.237 0.236 0.232 0.196 0.077 0.012 0.003 0.000 0.000 0.000 0.000 0.000 0.000 0.000 0.000
ASP02A0176_011 0.010 0.011 0.010 0.009 0.003 0.000 0.000 0.000 0.000 0.000 0.000 0.000 0.000 0.000 0.000
ASP02A0176_012 0.197 0.196 0.193 0.163 0.063 0.010 0.000 0.000 0.000 0.000 0.000 0.000 0.000 0.000 0.000
ASP-1A0176_013 0.000 0.002 0.011 0.097 0.378 0.528 0.548 0.555 0.555 0.557 0.549 0.557 0.549 0.554 0.559
ASP-1A0176_014 0.000 0.000 0.009 0.077 0.301 0.422 0.446 0.445 0.445 0.443 0.451 0.443 0.451 0.446 0.441
