 ph              0.0   1.0   2.0   3.0   4.0   5.0   6.0   7.0   8.0   9.0  10.0  11.0  12.0  13.0  14.0
ASN01A0147_001 0.081 0.080 0.081 0.081 0.081 0.081 0.080 0.080 0.080 0.080 0.080 0.080 0.080 0.080 0.080
ASN01A0147_002 0.023 0.024 0.024 0.023 0.024 0.024 0.023 0.024 0.024 0.024 0.024 0.023 0.023 0.024 0.024
ASN01A0147_003 0.262 0.261 0.263 0.262 0.260 0.262 0.263 0.262 0.262 0.262 0.261 0.261 0.263 0.261 0.263
ASN01A0147_004 0.154 0.154 0.153 0.153 0.154 0.154 0.153 0.153 0.154 0.153 0.154 0.155 0.153 0.153 0.153
ASN01A0147_005 0.040 0.040 0.040 0.041 0.041 0.040 0.041 0.040 0.041 0.041 0.040 0.041 0.041 0.041 0.041
ASN01A0147_006 0.052 0.052 0.052 0.052 0.053 0.052 0.053 0.053 0.052 0.052 0.052 0.052 0.052 0.053 0.052
ASN01A0147_007 0.137 0.137 0.138 0.138 0.138 0.137 0.137 0.137 0.136 0.138 0.138 0.137 0.137 0.137 0.137
ASN01A0147_008 0.080 0.079 0.079 0.079 0.079 0.079 0.079 0.079 0.079 0.079 0.079 0.080 0.079 0.079 0.079
ASN01A0147_009 0.038 0.038 0.038 0.038 0.038 0.038 0.038 0.038 0.039 0.038 0.038 0.038 0.038 0.038 0.038
ASN01A0147_010 0.089 0.090 0.089 0.089 0.089 0.089 0.089 0.089 0.089 0.090 0.089 0.090 0.089 0.090 0.089
ASN01A0147_011 0.023 0.024 0.024 0.023 0.024 0.024 0.024 0.024 0.024 0.024 0.024 0.023 0.024 0.024 0.024
ASN01A0147_012 0.020 0.020 0.020 0.020 0.020 0.020 0.020 0.020 0.020 0.020 0.019 0.020 0.020 0.020 0.020
