 ph              0.0   1.0   2.0   3.0   4.0   5.0   6.0   7.0   8.0   9.0  10.0  11.0  12.0  13.0  14.0
LYS01A0041_001 0.000 0.000 0.000 0.000 0.000 0.000 0.000 0.000 0.000 0.000 0.001 0.004 0.005 0.005 0.005
LYS01A0041_002 0.000 0.000 0.000 0.000 0.000 0.000 0.000 0.000 0.007 0.040 0.226 0.621 0.765 0.783 0.787
LYS01A0041_003 0.000 0.000 0.000 0.000 0.000 0.000 0.000 0.000 0.000 0.000 0.006 0.017 0.020 0.020 0.021
LYS01A0041_004 0.000 0.000 0.000 0.000 0.000 0.000 0.000 0.000 0.000 0.000 0.000 0.000 0.000 0.000 0.000
LYS01A0041_005 0.000 0.000 0.000 0.000 0.000 0.000 0.000 0.000 0.000 0.000 0.000 0.000 0.000 0.000 0.000
LYS01A0041_006 0.000 0.000 0.000 0.000 0.000 0.000 0.000 0.000 0.000 0.000 0.000 0.001 0.001 0.001 0.001
LYS01A0041_007 0.000 0.000 0.000 0.000 0.000 0.000 0.000 0.000 0.000 0.000 0.001 0.004 0.005 0.005 0.005
LYS01A0041_008 0.000 0.000 0.000 0.000 0.000 0.000 0.000 0.000 0.000 0.000 0.000 0.000 0.000 0.000 0.000
LYS01A0041_009 0.000 0.000 0.000 0.000 0.000 0.000 0.000 0.000 0.000 0.000 0.000 0.000 0.000 0.000 0.000
LYS01A0041_010 0.000 0.000 0.000 0.000 0.000 0.000 0.000 0.000 0.000 0.003 0.017 0.048 0.057 0.058 0.060
LYS01A0041_011 0.000 0.000 0.000 0.000 0.000 0.000 0.000 0.000 0.000 0.004 0.026 0.072 0.088 0.089 0.089
LYS01A0041_012 0.000 0.000 0.000 0.000 0.000 0.000 0.000 0.000 0.000 0.000 0.000 0.001 0.001 0.001 0.001
LYS01A0041_013 0.000 0.000 0.000 0.000 0.000 0.000 0.000 0.000 0.000 0.000 0.000 0.000 0.000 0.000 0.000
LYS01A0041_014 0.000 0.000 0.000 0.000 0.000 0.000 0.000 0.000 0.000 0.000 0.002 0.007 0.008 0.009 0.008
LYS01A0041_015 0.000 0.000 0.000 0.000 0.000 0.000 0.000 0.000 0.000 0.000 0.006 0.017 0.020 0.021 0.021
LYS01A0041_016 0.000 0.000 0.000 0.000 0.000 0.000 0.000 0.000 0.000 0.000 0.000 0.001 0.001 0.001 0.001
LYS01A0041_017 0.000 0.000 0.000 0.000 0.000 0.000 0.000 0.000 0.000 0.000 0.000 0.000 0.000 0.000 0.000
LYS01A0041_018 0.000 0.000 0.000 0.000 0.000 0.000 0.000 0.000 0.000 0.000 0.000 0.000 0.000 0.000 0.000
LYS01A0041_019 0.000 0.000 0.000 0.000 0.000 0.000 0.000 0.000 0.000 0.000 0.000 0.000 0.000 0.000 0.000
LYS+1A0041_020 0.009 0.008 0.008 0.009 0.009 0.008 0.009 0.009 0.009 0.008 0.006 0.002 0.000 0.000 0.000
LYS+1A0041_021 0.060 0.061 0.060 0.059 0.059 0.059 0.057 0.061 0.060 0.056 0.043 0.012 0.002 0.000 0.000
LYS+1A0041_022 0.000 0.000 0.000 0.000 0.000 0.000 0.000 0.000 0.000 0.000 0.000 0.000 0.000 0.000 0.000
LYS+1A0041_023 0.001 0.001 0.001 0.001 0.001 0.002 0.001 0.000 0.000 0.001 0.000 0.000 0.000 0.000 0.000
LYS+1A0041_024 0.000 0.000 0.000 0.000 0.000 0.000 0.000 0.000 0.000 0.000 0.000 0.000 0.000 0.000 0.000
LYS+1A0041_025 0.017 0.017 0.016 0.017 0.017 0.018 0.016 0.017 0.017 0.016 0.012 0.003 0.000 0.000 0.000
LYS+1A0041_026 0.001 0.001 0.001 0.001 0.000 0.000 0.000 0.000 0.001 0.001 0.000 0.000 0.000 0.000 0.000
LYS+1A0041_027 0.000 0.000 0.000 0.000 0.000 0.000 0.000 0.000 0.000 0.000 0.000 0.000 0.000 0.000 0.000
LYS+1A0041_028 0.745 0.747 0.745 0.744 0.745 0.747 0.755 0.751 0.742 0.712 0.538 0.156 0.021 0.005 0.000
LYS+1A0041_029 0.076 0.075 0.077 0.077 0.077 0.076 0.073 0.074 0.075 0.072 0.053 0.016 0.002 0.000 0.000
LYS+1A0041_030 0.000 0.000 0.000 0.000 0.000 0.000 0.000 0.000 0.000 0.000 0.000 0.000 0.000 0.000 0.000
LYS+1A0041_031 0.000 0.000 0.000 0.000 0.000 0.000 0.000 0.000 0.000 0.000 0.000 0.000 0.000 0.000 0.000
LYS+1A0041_032 0.075 0.075 0.074 0.076 0.077 0.075 0.073 0.074 0.074 0.072 0.052 0.016 0.002 0.000 0.000
LYS+1A0041_033 0.013 0.012 0.012 0.012 0.012 0.012 0.012 0.012 0.012 0.011 0.008 0.002 0.000 0.000 0.000
LYS+1A0041_034 0.000 0.000 0.001 0.000 0.000 0.000 0.000 0.001 0.000 0.000 0.000 0.000 0.000 0.000 0.000
LYS+1A0041_035 0.000 0.000 0.000 0.000 0.000 0.000 0.000 0.000 0.000 0.000 0.000 0.000 0.000 0.000 0.000
LYS+1A0041_036 0.000 0.000 0.000 0.000 0.000 0.000 0.000 0.000 0.000 0.000 0.000 0.000 0.000 0.000 0.000
LYS+1A0041_037 0.003 0.003 0.003 0.003 0.003 0.003 0.003 0.003 0.003 0.003 0.002 0.000 0.000 0.000 0.000
LYS+1A0041_038 0.000 0.000 0.000 0.000 0.000 0.000 0.000 0.000 0.000 0.000 0.000 0.000 0.000 0.000 0.000
