 ph              0.0   1.0   2.0   3.0   4.0   5.0   6.0   7.0   8.0   9.0  10.0  11.0  12.0  13.0  14.0
GLN01A0204_001 0.069 0.069 0.068 0.068 0.069 0.069 0.068 0.068 0.068 0.068 0.067 0.069 0.069 0.068 0.069
GLN01A0204_002 0.302 0.301 0.301 0.301 0.298 0.298 0.302 0.300 0.301 0.300 0.301 0.299 0.302 0.297 0.300
GLN01A0204_003 0.003 0.003 0.003 0.003 0.003 0.003 0.003 0.003 0.003 0.003 0.003 0.003 0.003 0.003 0.003
GLN01A0204_004 0.002 0.002 0.002 0.002 0.002 0.002 0.002 0.002 0.002 0.002 0.002 0.002 0.002 0.002 0.002
GLN01A0204_005 0.005 0.005 0.005 0.005 0.005 0.005 0.005 0.005 0.005 0.005 0.005 0.005 0.005 0.005 0.005
GLN01A0204_006 0.003 0.003 0.003 0.003 0.003 0.003 0.003 0.003 0.003 0.003 0.003 0.003 0.003 0.003 0.003
GLN01A0204_007 0.041 0.042 0.041 0.041 0.042 0.042 0.042 0.041 0.042 0.041 0.041 0.042 0.041 0.042 0.041
GLN01A0204_008 0.000 0.000 0.000 0.000 0.000 0.000 0.000 0.000 0.000 0.000 0.000 0.000 0.000 0.000 0.000
GLN01A0204_009 0.002 0.002 0.002 0.002 0.002 0.002 0.002 0.002 0.002 0.002 0.002 0.002 0.002 0.002 0.002
GLN01A0204_010 0.057 0.056 0.057 0.057 0.057 0.057 0.056 0.057 0.057 0.057 0.056 0.057 0.056 0.056 0.057
GLN01A0204_011 0.003 0.003 0.003 0.003 0.003 0.003 0.003 0.003 0.003 0.003 0.003 0.003 0.003 0.003 0.003
GLN01A0204_012 0.044 0.043 0.044 0.043 0.043 0.044 0.044 0.043 0.044 0.043 0.044 0.044 0.043 0.043 0.044
GLN01A0204_013 0.000 0.000 0.000 0.000 0.000 0.000 0.000 0.000 0.000 0.000 0.000 0.000 0.000 0.000 0.000
GLN01A0204_014 0.021 0.021 0.021 0.021 0.021 0.022 0.021 0.020 0.021 0.021 0.021 0.021 0.021 0.021 0.021
GLN01A0204_015 0.001 0.001 0.001 0.001 0.001 0.001 0.001 0.001 0.001 0.001 0.001 0.001 0.001 0.001 0.001
GLN01A0204_016 0.075 0.074 0.074 0.074 0.075 0.075 0.074 0.074 0.075 0.074 0.073 0.074 0.073 0.073 0.074
GLN01A0204_017 0.009 0.009 0.009 0.010 0.009 0.009 0.009 0.009 0.009 0.009 0.009 0.009 0.009 0.009 0.009
GLN01A0204_018 0.068 0.068 0.068 0.069 0.068 0.068 0.068 0.068 0.069 0.069 0.069 0.068 0.068 0.069 0.069
GLN01A0204_019 0.292 0.295 0.296 0.294 0.296 0.292 0.293 0.298 0.292 0.296 0.296 0.296 0.296 0.299 0.294
GLN01A0204_020 0.002 0.002 0.002 0.002 0.002 0.002 0.002 0.002 0.002 0.002 0.002 0.002 0.002 0.002 0.002
