 ph              0.0   1.0   2.0   3.0   4.0   5.0   6.0   7.0   8.0   9.0  10.0  11.0  12.0  13.0  14.0
LEU01A0053_001 0.699 0.703 0.703 0.703 0.697 0.699 0.704 0.701 0.702 0.700 0.697 0.695 0.703 0.698 0.700
LEU01A0053_002 0.008 0.009 0.008 0.008 0.008 0.008 0.008 0.008 0.008 0.009 0.008 0.008 0.008 0.009 0.008
LEU01A0053_003 0.257 0.253 0.254 0.256 0.261 0.258 0.253 0.256 0.256 0.255 0.259 0.263 0.255 0.258 0.257
LEU01A0053_004 0.000 0.000 0.000 0.000 0.000 0.000 0.000 0.000 0.000 0.000 0.000 0.000 0.000 0.000 0.000
LEU01A0053_005 0.006 0.006 0.006 0.006 0.006 0.006 0.006 0.005 0.006 0.006 0.006 0.006 0.005 0.006 0.006
LEU01A0053_006 0.000 0.000 0.000 0.000 0.000 0.000 0.000 0.000 0.000 0.000 0.000 0.000 0.000 0.000 0.000
LEU01A0053_007 0.002 0.002 0.001 0.001 0.001 0.001 0.002 0.001 0.001 0.001 0.001 0.001 0.001 0.002 0.001
LEU01A0053_008 0.000 0.000 0.000 0.000 0.000 0.000 0.000 0.000 0.000 0.000 0.000 0.000 0.000 0.000 0.000
LEU01A0053_009 0.014 0.014 0.014 0.014 0.014 0.014 0.014 0.014 0.014 0.015 0.014 0.014 0.014 0.014 0.014
LEU01A0053_010 0.013 0.013 0.013 0.012 0.012 0.013 0.012 0.013 0.013 0.012 0.013 0.013 0.013 0.013 0.013
LEU01A0053_011 0.000 0.000 0.000 0.000 0.000 0.000 0.000 0.000 0.000 0.000 0.000 0.000 0.000 0.000 0.000
LEU01A0053_012 0.000 0.000 0.000 0.000 0.000 0.000 0.000 0.000 0.000 0.000 0.000 0.000 0.000 0.000 0.000
LEU01A0053_013 0.000 0.000 0.000 0.000 0.000 0.000 0.000 0.000 0.000 0.000 0.000 0.000 0.000 0.000 0.000
LEU01A0053_014 0.001 0.000 0.001 0.000 0.000 0.000 0.001 0.001 0.000 0.001 0.001 0.001 0.001 0.001 0.001
LEU01A0053_015 0.000 0.000 0.000 0.000 0.000 0.000 0.000 0.000 0.000 0.000 0.000 0.000 0.000 0.000 0.000
LEU01A0053_016 0.000 0.000 0.000 0.000 0.000 0.000 0.000 0.000 0.000 0.000 0.000 0.000 0.000 0.000 0.000
