 ph              0.0   1.0   2.0   3.0   4.0   5.0   6.0   7.0   8.0   9.0  10.0  11.0  12.0  13.0  14.0
GLU01A0216_001 0.006 0.006 0.006 0.005 0.003 0.000 0.000 0.000 0.000 0.000 0.000 0.000 0.000 0.000 0.000
GLU01A0216_002 0.006 0.006 0.005 0.005 0.002 0.000 0.000 0.000 0.000 0.000 0.000 0.000 0.000 0.000 0.000
GLU01A0216_003 0.000 0.000 0.000 0.000 0.000 0.000 0.000 0.000 0.000 0.000 0.000 0.000 0.000 0.000 0.000
GLU01A0216_004 0.018 0.018 0.018 0.016 0.008 0.002 0.000 0.000 0.000 0.000 0.000 0.000 0.000 0.000 0.000
GLU01A0216_005 0.107 0.106 0.106 0.093 0.044 0.009 0.000 0.000 0.000 0.000 0.000 0.000 0.000 0.000 0.000
GLU01A0216_006 0.000 0.000 0.000 0.000 0.000 0.000 0.000 0.000 0.000 0.000 0.000 0.000 0.000 0.000 0.000
GLU01A0216_007 0.002 0.002 0.002 0.002 0.000 0.000 0.000 0.000 0.000 0.000 0.000 0.000 0.000 0.000 0.000
GLU01A0216_008 0.000 0.000 0.000 0.000 0.000 0.000 0.000 0.000 0.000 0.000 0.000 0.000 0.000 0.000 0.000
GLU01A0216_009 0.008 0.008 0.008 0.007 0.003 0.000 0.000 0.000 0.000 0.000 0.000 0.000 0.000 0.000 0.000
GLU01A0216_010 0.007 0.007 0.007 0.006 0.003 0.000 0.000 0.000 0.000 0.000 0.000 0.000 0.000 0.000 0.000
GLU01A0216_011 0.000 0.000 0.000 0.000 0.000 0.000 0.000 0.000 0.000 0.000 0.000 0.000 0.000 0.000 0.000
GLU01A0216_012 0.006 0.007 0.006 0.006 0.003 0.000 0.000 0.000 0.000 0.000 0.000 0.000 0.000 0.000 0.000
GLU01A0216_013 0.029 0.029 0.029 0.025 0.012 0.002 0.000 0.000 0.000 0.000 0.000 0.000 0.000 0.000 0.000
GLU01A0216_014 0.262 0.262 0.259 0.229 0.107 0.022 0.017 0.000 0.000 0.000 0.000 0.000 0.000 0.000 0.000
GLU01A0216_015 0.101 0.100 0.100 0.088 0.041 0.009 0.000 0.000 0.000 0.000 0.000 0.000 0.000 0.000 0.000
GLU01A0216_016 0.009 0.009 0.010 0.008 0.004 0.000 0.000 0.000 0.000 0.000 0.000 0.000 0.000 0.000 0.000
GLU02A0216_017 0.003 0.004 0.004 0.003 0.001 0.000 0.000 0.000 0.000 0.000 0.000 0.000 0.000 0.000 0.000
GLU02A0216_018 0.002 0.002 0.002 0.002 0.000 0.000 0.000 0.000 0.000 0.000 0.000 0.000 0.000 0.000 0.000
GLU02A0216_019 0.003 0.003 0.003 0.003 0.001 0.000 0.000 0.000 0.000 0.000 0.000 0.000 0.000 0.000 0.000
GLU02A0216_020 0.108 0.109 0.104 0.093 0.045 0.009 0.000 0.000 0.000 0.000 0.000 0.000 0.000 0.000 0.000
GLU02A0216_021 0.007 0.006 0.006 0.006 0.003 0.000 0.000 0.000 0.000 0.000 0.000 0.000 0.000 0.000 0.000
GLU02A0216_022 0.072 0.073 0.071 0.064 0.030 0.006 0.000 0.000 0.000 0.000 0.000 0.000 0.000 0.000 0.000
GLU02A0216_023 0.012 0.012 0.012 0.011 0.005 0.000 0.000 0.000 0.000 0.000 0.000 0.000 0.000 0.000 0.000
GLU02A0216_024 0.000 0.000 0.000 0.000 0.000 0.000 0.000 0.000 0.000 0.000 0.000 0.000 0.000 0.000 0.000
GLU02A0216_025 0.000 0.000 0.000 0.000 0.000 0.000 0.000 0.000 0.000 0.000 0.000 0.000 0.000 0.000 0.000
GLU02A0216_026 0.007 0.007 0.007 0.006 0.003 0.000 0.000 0.000 0.000 0.000 0.000 0.000 0.000 0.000 0.000
GLU02A0216_027 0.000 0.000 0.000 0.000 0.000 0.000 0.000 0.000 0.000 0.000 0.000 0.000 0.000 0.000 0.000
GLU02A0216_028 0.000 0.000 0.000 0.000 0.000 0.000 0.000 0.000 0.000 0.000 0.000 0.000 0.000 0.000 0.000
GLU02A0216_029 0.007 0.008 0.008 0.007 0.003 0.000 0.000 0.000 0.000 0.000 0.000 0.000 0.000 0.000 0.000
GLU02A0216_030 0.098 0.097 0.096 0.085 0.040 0.009 0.000 0.000 0.000 0.000 0.000 0.000 0.000 0.000 0.000
GLU02A0216_031 0.001 0.001 0.001 0.001 0.000 0.000 0.000 0.000 0.000 0.000 0.000 0.000 0.000 0.000 0.000
GLU02A0216_032 0.116 0.116 0.113 0.102 0.047 0.010 0.000 0.000 0.000 0.000 0.000 0.000 0.000 0.000 0.000
GLU-1A0216_033 0.000 0.000 0.006 0.041 0.191 0.298 0.317 0.323 0.323 0.323 0.322 0.323 0.322 0.322 0.323
GLU-1A0216_034 0.000 0.000 0.000 0.003 0.016 0.024 0.026 0.026 0.027 0.026 0.026 0.026 0.026 0.026 0.026
GLU-1A0216_035 0.000 0.000 0.006 0.042 0.196 0.302 0.324 0.329 0.331 0.331 0.333 0.330 0.332 0.332 0.331
GLU-1A0216_036 0.000 0.000 0.000 0.001 0.006 0.010 0.010 0.010 0.010 0.010 0.010 0.010 0.010 0.010 0.011
GLU-1A0216_037 0.000 0.000 0.000 0.006 0.029 0.046 0.048 0.049 0.050 0.049 0.048 0.049 0.050 0.049 0.050
GLU-1A0216_038 0.000 0.000 0.005 0.034 0.153 0.241 0.258 0.262 0.259 0.262 0.260 0.262 0.260 0.261 0.259
