 ph              0.0   1.0   2.0   3.0   4.0   5.0   6.0   7.0   8.0   9.0  10.0  11.0  12.0  13.0  14.0
LEU01A0100_001 0.000 0.000 0.000 0.000 0.000 0.000 0.000 0.000 0.000 0.000 0.000 0.000 0.000 0.000 0.000
LEU01A0100_002 0.001 0.001 0.000 0.001 0.000 0.000 0.000 0.000 0.001 0.001 0.000 0.000 0.000 0.000 0.000
LEU01A0100_003 0.201 0.201 0.202 0.201 0.201 0.203 0.202 0.203 0.202 0.201 0.202 0.203 0.204 0.202 0.202
LEU01A0100_004 0.170 0.170 0.172 0.172 0.170 0.171 0.171 0.171 0.169 0.171 0.169 0.170 0.171 0.170 0.172
LEU01A0100_005 0.000 0.000 0.000 0.000 0.000 0.000 0.000 0.000 0.000 0.000 0.000 0.000 0.000 0.000 0.000
LEU01A0100_006 0.002 0.002 0.002 0.002 0.002 0.002 0.002 0.002 0.002 0.002 0.002 0.002 0.002 0.002 0.002
LEU01A0100_007 0.000 0.000 0.000 0.000 0.000 0.000 0.000 0.000 0.000 0.000 0.000 0.000 0.000 0.000 0.000
LEU01A0100_008 0.440 0.440 0.435 0.436 0.439 0.436 0.436 0.435 0.436 0.436 0.438 0.437 0.433 0.436 0.436
LEU01A0100_009 0.187 0.187 0.190 0.189 0.187 0.187 0.188 0.188 0.190 0.189 0.189 0.188 0.190 0.190 0.188
LEU01A0100_010 0.000 0.000 0.000 0.000 0.000 0.000 0.000 0.000 0.000 0.000 0.000 0.000 0.000 0.000 0.000
LEU01A0100_011 0.000 0.000 0.000 0.000 0.000 0.000 0.000 0.000 0.000 0.000 0.000 0.000 0.000 0.000 0.000
LEU01A0100_012 0.000 0.000 0.000 0.000 0.000 0.000 0.000 0.000 0.000 0.000 0.000 0.000 0.000 0.000 0.000
