 ph              0.0   1.0   2.0   3.0   4.0   5.0   6.0   7.0   8.0   9.0  10.0  11.0  12.0  13.0  14.0
ASP01A0083_001 0.000 0.000 0.000 0.000 0.000 0.000 0.000 0.000 0.000 0.000 0.000 0.000 0.000 0.000 0.000
ASP01A0083_002 0.002 0.002 0.002 0.002 0.000 0.000 0.000 0.000 0.000 0.000 0.000 0.000 0.000 0.000 0.000
ASP01A0083_003 0.002 0.001 0.002 0.001 0.000 0.000 0.000 0.000 0.000 0.000 0.000 0.000 0.000 0.000 0.000
ASP01A0083_004 0.000 0.000 0.000 0.000 0.000 0.000 0.000 0.000 0.000 0.000 0.000 0.000 0.000 0.000 0.000
ASP01A0083_005 0.007 0.007 0.007 0.006 0.003 0.000 0.000 0.000 0.000 0.000 0.000 0.000 0.000 0.000 0.000
ASP01A0083_006 0.018 0.018 0.018 0.016 0.008 0.000 0.000 0.000 0.000 0.000 0.000 0.000 0.000 0.000 0.000
ASP01A0083_007 0.247 0.247 0.244 0.215 0.103 0.021 0.003 0.000 0.000 0.000 0.000 0.000 0.000 0.000 0.000
ASP01A0083_008 0.236 0.236 0.233 0.206 0.098 0.020 0.003 0.000 0.000 0.000 0.000 0.000 0.000 0.000 0.000
ASP02A0083_009 0.000 0.000 0.000 0.000 0.000 0.000 0.000 0.000 0.000 0.000 0.000 0.000 0.000 0.000 0.000
ASP02A0083_010 0.010 0.010 0.009 0.008 0.004 0.000 0.000 0.000 0.000 0.000 0.000 0.000 0.000 0.000 0.000
ASP02A0083_011 0.004 0.004 0.004 0.004 0.002 0.000 0.000 0.000 0.000 0.000 0.000 0.000 0.000 0.000 0.000
ASP02A0083_012 0.223 0.222 0.218 0.196 0.092 0.019 0.000 0.000 0.000 0.000 0.000 0.000 0.000 0.000 0.000
ASP02A0083_013 0.000 0.000 0.000 0.000 0.000 0.000 0.000 0.000 0.000 0.000 0.000 0.000 0.000 0.000 0.000
ASP02A0083_014 0.017 0.017 0.017 0.015 0.007 0.000 0.000 0.000 0.000 0.000 0.000 0.000 0.000 0.000 0.000
ASP02A0083_015 0.014 0.014 0.014 0.012 0.006 0.000 0.000 0.000 0.000 0.000 0.000 0.000 0.000 0.000 0.000
ASP02A0083_016 0.221 0.219 0.217 0.194 0.092 0.019 0.003 0.000 0.000 0.000 0.000 0.000 0.000 0.000 0.000
ASP-1A0083_017 0.000 0.000 0.000 0.002 0.008 0.013 0.014 0.013 0.014 0.014 0.014 0.013 0.013 0.014 0.014
ASP-1A0083_018 0.000 0.000 0.004 0.031 0.148 0.233 0.253 0.254 0.254 0.253 0.251 0.253 0.255 0.253 0.254
ASP-1A0083_019 0.000 0.002 0.011 0.091 0.429 0.676 0.723 0.733 0.732 0.733 0.735 0.734 0.732 0.733 0.732
