 ph              0.0   1.0   2.0   3.0   4.0   5.0   6.0   7.0   8.0   9.0  10.0  11.0  12.0  13.0  14.0
TYR01A0250_001 0.193 0.194 0.192 0.194 0.194 0.193 0.195 0.193 0.186 0.125 0.031 0.004 0.000 0.000 0.000
TYR01A0250_002 0.289 0.285 0.289 0.291 0.289 0.287 0.287 0.287 0.270 0.188 0.047 0.006 0.000 0.000 0.000
TYR01A0250_003 0.000 0.000 0.000 0.000 0.000 0.000 0.000 0.000 0.000 0.000 0.000 0.000 0.000 0.000 0.000
TYR01A0250_004 0.171 0.171 0.170 0.170 0.169 0.172 0.171 0.168 0.160 0.110 0.028 0.004 0.000 0.000 0.000
TYR01A0250_005 0.153 0.153 0.153 0.152 0.152 0.151 0.152 0.151 0.144 0.099 0.024 0.003 0.000 0.000 0.000
TYR01A0250_006 0.000 0.000 0.000 0.000 0.000 0.000 0.000 0.000 0.000 0.000 0.000 0.000 0.000 0.000 0.000
TYR01A0250_007 0.000 0.000 0.000 0.000 0.000 0.000 0.000 0.000 0.000 0.000 0.000 0.000 0.000 0.000 0.000
TYR01A0250_008 0.000 0.000 0.000 0.000 0.000 0.000 0.000 0.000 0.000 0.000 0.000 0.000 0.000 0.000 0.000
TYR01A0250_009 0.002 0.002 0.002 0.002 0.002 0.002 0.002 0.002 0.002 0.001 0.000 0.000 0.000 0.000 0.000
TYR01A0250_010 0.012 0.013 0.012 0.012 0.012 0.012 0.012 0.012 0.012 0.008 0.002 0.000 0.000 0.000 0.000
TYR01A0250_011 0.000 0.000 0.000 0.000 0.000 0.000 0.000 0.000 0.000 0.000 0.000 0.000 0.000 0.000 0.000
TYR01A0250_012 0.005 0.005 0.005 0.005 0.005 0.005 0.005 0.005 0.005 0.003 0.000 0.000 0.000 0.000 0.000
TYR01A0250_013 0.012 0.012 0.012 0.011 0.012 0.012 0.011 0.012 0.011 0.007 0.002 0.000 0.000 0.000 0.000
TYR01A0250_014 0.000 0.000 0.000 0.000 0.000 0.000 0.000 0.000 0.000 0.000 0.000 0.000 0.000 0.000 0.000
TYR01A0250_015 0.164 0.166 0.165 0.163 0.164 0.166 0.164 0.163 0.155 0.107 0.027 0.003 0.000 0.000 0.000
TYR-1A0250_016 0.000 0.000 0.000 0.000 0.000 0.000 0.000 0.002 0.012 0.073 0.173 0.202 0.203 0.204 0.206
TYR-1A0250_017 0.000 0.000 0.000 0.000 0.000 0.000 0.000 0.000 0.000 0.000 0.000 0.000 0.000 0.000 0.000
TYR-1A0250_018 0.000 0.000 0.000 0.000 0.000 0.000 0.000 0.000 0.008 0.050 0.117 0.136 0.138 0.138 0.140
TYR-1A0250_019 0.000 0.000 0.000 0.000 0.000 0.000 0.000 0.000 0.000 0.000 0.000 0.000 0.000 0.000 0.000
TYR-1A0250_020 0.000 0.000 0.000 0.000 0.000 0.000 0.000 0.000 0.000 0.000 0.000 0.000 0.000 0.000 0.000
TYR-1A0250_021 0.000 0.000 0.000 0.000 0.000 0.000 0.000 0.000 0.000 0.000 0.000 0.000 0.000 0.000 0.000
TYR-1A0250_022 0.000 0.000 0.000 0.000 0.000 0.000 0.000 0.000 0.000 0.000 0.000 0.000 0.000 0.000 0.000
TYR-1A0250_023 0.000 0.000 0.000 0.000 0.000 0.000 0.000 0.000 0.000 0.000 0.002 0.002 0.003 0.002 0.003
TYR-1A0250_024 0.000 0.000 0.000 0.000 0.000 0.000 0.000 0.000 0.000 0.000 0.000 0.000 0.000 0.000 0.000
TYR-1A0250_025 0.000 0.000 0.000 0.000 0.000 0.000 0.000 0.000 0.000 0.003 0.008 0.009 0.010 0.010 0.009
TYR-1A0250_026 0.000 0.000 0.000 0.000 0.000 0.000 0.000 0.005 0.027 0.166 0.398 0.464 0.477 0.475 0.474
TYR-1A0250_027 0.000 0.000 0.000 0.000 0.000 0.000 0.000 0.000 0.000 0.000 0.001 0.002 0.002 0.002 0.002
TYR-1A0250_028 0.000 0.000 0.000 0.000 0.000 0.000 0.000 0.000 0.000 0.003 0.007 0.008 0.008 0.009 0.008
TYR-1A0250_029 0.000 0.000 0.000 0.000 0.000 0.000 0.000 0.000 0.009 0.057 0.133 0.156 0.159 0.162 0.158
