 ph              0.0   1.0   2.0   3.0   4.0   5.0   6.0   7.0   8.0   9.0  10.0  11.0  12.0  13.0  14.0
PHE01A0181_001 0.129 0.129 0.128 0.129 0.128 0.130 0.129 0.129 0.128 0.131 0.129 0.129 0.130 0.130 0.128
PHE01A0181_002 0.085 0.086 0.086 0.087 0.086 0.085 0.085 0.085 0.085 0.086 0.086 0.086 0.085 0.086 0.086
PHE01A0181_003 0.686 0.684 0.684 0.681 0.686 0.683 0.683 0.684 0.685 0.681 0.683 0.684 0.684 0.683 0.685
PHE01A0181_004 0.000 0.000 0.000 0.000 0.000 0.000 0.000 0.000 0.000 0.000 0.000 0.000 0.000 0.000 0.000
PHE01A0181_005 0.098 0.099 0.099 0.100 0.099 0.100 0.101 0.100 0.100 0.100 0.100 0.099 0.099 0.100 0.099
PHE01A0181_006 0.002 0.002 0.001 0.002 0.002 0.002 0.001 0.002 0.002 0.002 0.002 0.002 0.002 0.002 0.002
PHE01A0181_007 0.000 0.000 0.000 0.000 0.000 0.000 0.000 0.000 0.000 0.000 0.000 0.000 0.000 0.000 0.000
PHE01A0181_008 0.000 0.000 0.000 0.000 0.000 0.000 0.000 0.000 0.000 0.000 0.000 0.000 0.001 0.000 0.000
PHE01A0181_009 0.000 0.000 0.000 0.000 0.000 0.000 0.000 0.000 0.000 0.000 0.000 0.000 0.000 0.000 0.000
