 ph              0.0   1.0   2.0   3.0   4.0   5.0   6.0   7.0   8.0   9.0  10.0  11.0  12.0  13.0  14.0
TYR01A0200_001 0.782 0.777 0.780 0.782 0.782 0.780 0.779 0.777 0.754 0.580 0.184 0.023 0.004 0.000 0.000
TYR01A0200_002 0.001 0.002 0.001 0.000 0.002 0.001 0.002 0.001 0.001 0.001 0.000 0.000 0.000 0.000 0.000
TYR01A0200_003 0.067 0.070 0.068 0.067 0.069 0.068 0.069 0.068 0.065 0.051 0.016 0.002 0.000 0.000 0.000
TYR01A0200_004 0.002 0.002 0.002 0.002 0.002 0.002 0.002 0.002 0.002 0.001 0.000 0.000 0.000 0.000 0.000
TYR01A0200_005 0.000 0.000 0.000 0.000 0.000 0.000 0.000 0.000 0.000 0.000 0.000 0.000 0.000 0.000 0.000
TYR01A0200_006 0.000 0.000 0.000 0.000 0.000 0.000 0.000 0.000 0.000 0.000 0.000 0.000 0.000 0.000 0.000
TYR01A0200_007 0.148 0.151 0.149 0.149 0.146 0.148 0.148 0.148 0.144 0.110 0.034 0.004 0.000 0.000 0.000
TYR01A0200_008 0.000 0.000 0.000 0.000 0.000 0.000 0.000 0.000 0.000 0.000 0.000 0.000 0.000 0.000 0.000
TYR-1A0200_009 0.000 0.000 0.000 0.000 0.000 0.000 0.000 0.004 0.022 0.175 0.523 0.663 0.682 0.681 0.680
TYR-1A0200_010 0.000 0.000 0.000 0.000 0.000 0.000 0.000 0.000 0.000 0.000 0.000 0.000 0.000 0.000 0.000
TYR-1A0200_011 0.000 0.000 0.000 0.000 0.000 0.000 0.000 0.000 0.000 0.000 0.000 0.000 0.000 0.000 0.000
TYR-1A0200_012 0.000 0.000 0.000 0.000 0.000 0.000 0.000 0.000 0.008 0.063 0.187 0.237 0.241 0.244 0.245
TYR-1A0200_013 0.000 0.000 0.000 0.000 0.000 0.000 0.000 0.000 0.000 0.000 0.001 0.001 0.002 0.002 0.002
TYR-1A0200_014 0.000 0.000 0.000 0.000 0.000 0.000 0.000 0.000 0.002 0.018 0.053 0.069 0.068 0.070 0.071
TYR-1A0200_015 0.000 0.000 0.000 0.000 0.000 0.000 0.000 0.000 0.000 0.000 0.000 0.000 0.000 0.000 0.000
TYR-1A0200_016 0.000 0.000 0.000 0.000 0.000 0.000 0.000 0.000 0.000 0.000 0.002 0.002 0.002 0.003 0.002
