 ph              0.0   1.0   2.0   3.0   4.0   5.0   6.0   7.0   8.0   9.0  10.0  11.0  12.0  13.0  14.0
HIS01A0285_001 0.000 0.000 0.000 0.000 0.000 0.000 0.003 0.016 0.035 0.040 0.040 0.041 0.040 0.040 0.040
HIS01A0285_002 0.000 0.000 0.000 0.000 0.000 0.000 0.007 0.042 0.094 0.107 0.110 0.110 0.109 0.110 0.110
HIS01A0285_003 0.000 0.000 0.000 0.000 0.000 0.000 0.000 0.000 0.000 0.000 0.000 0.000 0.000 0.000 0.000
HIS01A0285_004 0.000 0.000 0.000 0.000 0.000 0.000 0.004 0.023 0.052 0.059 0.060 0.060 0.060 0.059 0.060
HIS01A0285_005 0.000 0.000 0.000 0.000 0.000 0.000 0.000 0.000 0.000 0.000 0.000 0.000 0.000 0.000 0.000
HIS01A0285_006 0.000 0.000 0.000 0.000 0.000 0.000 0.000 0.000 0.000 0.000 0.000 0.000 0.000 0.000 0.000
HIS01A0285_007 0.000 0.000 0.000 0.000 0.000 0.000 0.005 0.029 0.064 0.074 0.074 0.075 0.075 0.075 0.075
HIS01A0285_008 0.000 0.000 0.000 0.000 0.000 0.000 0.000 0.006 0.014 0.016 0.016 0.016 0.016 0.016 0.017
HIS01A0285_009 0.000 0.000 0.000 0.000 0.000 0.000 0.002 0.009 0.021 0.024 0.024 0.024 0.024 0.024 0.023
HIS01A0285_010 0.000 0.000 0.000 0.000 0.000 0.000 0.001 0.007 0.015 0.017 0.018 0.018 0.018 0.018 0.018
HIS01A0285_011 0.000 0.000 0.000 0.000 0.000 0.000 0.000 0.003 0.006 0.007 0.007 0.007 0.007 0.007 0.007
HIS01A0285_012 0.000 0.000 0.000 0.000 0.000 0.000 0.000 0.000 0.000 0.000 0.000 0.000 0.000 0.000 0.000
HIS01A0285_013 0.000 0.000 0.000 0.000 0.000 0.000 0.000 0.000 0.000 0.000 0.000 0.000 0.000 0.000 0.000
HIS01A0285_014 0.000 0.000 0.000 0.000 0.000 0.000 0.002 0.010 0.022 0.024 0.025 0.025 0.025 0.025 0.025
HIS01A0285_015 0.000 0.000 0.000 0.000 0.000 0.000 0.000 0.000 0.000 0.000 0.000 0.000 0.000 0.000 0.000
HIS01A0285_016 0.000 0.000 0.000 0.000 0.000 0.000 0.000 0.000 0.000 0.000 0.000 0.000 0.000 0.000 0.000
HIS01A0285_017 0.000 0.000 0.000 0.000 0.000 0.000 0.000 0.003 0.007 0.009 0.009 0.009 0.009 0.009 0.009
HIS01A0285_018 0.000 0.000 0.000 0.000 0.000 0.000 0.000 0.000 0.000 0.000 0.000 0.000 0.000 0.000 0.000
HIS02A0285_019 0.000 0.000 0.000 0.000 0.000 0.000 0.008 0.045 0.102 0.118 0.119 0.120 0.119 0.119 0.120
HIS02A0285_020 0.000 0.000 0.000 0.000 0.000 0.000 0.000 0.000 0.000 0.000 0.000 0.000 0.000 0.000 0.000
HIS02A0285_021 0.000 0.000 0.000 0.000 0.000 0.000 0.005 0.030 0.066 0.077 0.077 0.077 0.078 0.078 0.077
HIS02A0285_022 0.000 0.000 0.000 0.000 0.000 0.000 0.002 0.009 0.020 0.023 0.023 0.023 0.023 0.023 0.023
HIS02A0285_023 0.000 0.000 0.000 0.000 0.000 0.000 0.007 0.041 0.092 0.105 0.108 0.107 0.107 0.108 0.108
HIS02A0285_024 0.000 0.000 0.000 0.000 0.000 0.000 0.001 0.006 0.015 0.017 0.017 0.017 0.017 0.016 0.017
HIS02A0285_025 0.000 0.000 0.000 0.000 0.000 0.000 0.000 0.000 0.000 0.000 0.000 0.000 0.000 0.000 0.000
HIS02A0285_026 0.000 0.000 0.000 0.000 0.000 0.000 0.005 0.029 0.065 0.073 0.075 0.075 0.075 0.075 0.075
HIS02A0285_027 0.000 0.000 0.000 0.000 0.000 0.000 0.002 0.010 0.023 0.026 0.027 0.027 0.027 0.027 0.026
HIS02A0285_028 0.000 0.000 0.000 0.000 0.000 0.000 0.000 0.000 0.000 0.000 0.000 0.000 0.000 0.000 0.000
HIS02A0285_029 0.000 0.000 0.000 0.000 0.000 0.000 0.000 0.000 0.000 0.000 0.000 0.000 0.000 0.000 0.000
HIS02A0285_030 0.000 0.000 0.000 0.000 0.000 0.000 0.000 0.000 0.000 0.000 0.000 0.000 0.000 0.000 0.000
HIS02A0285_031 0.000 0.000 0.000 0.000 0.000 0.000 0.000 0.002 0.004 0.004 0.004 0.004 0.004 0.004 0.004
HIS02A0285_032 0.000 0.000 0.000 0.000 0.000 0.000 0.000 0.000 0.000 0.000 0.000 0.000 0.000 0.000 0.000
HIS02A0285_033 0.000 0.000 0.000 0.000 0.000 0.000 0.000 0.000 0.000 0.000 0.000 0.000 0.000 0.000 0.000
HIS02A0285_034 0.000 0.000 0.000 0.000 0.000 0.000 0.010 0.059 0.132 0.148 0.152 0.151 0.154 0.152 0.151
HIS02A0285_035 0.000 0.000 0.000 0.000 0.000 0.000 0.000 0.000 0.000 0.000 0.000 0.000 0.000 0.000 0.000
HIS02A0285_036 0.000 0.000 0.000 0.000 0.000 0.000 0.000 0.000 0.000 0.000 0.000 0.000 0.000 0.000 0.000
HIS02A0285_037 0.000 0.000 0.000 0.000 0.000 0.000 0.000 0.006 0.013 0.014 0.015 0.015 0.015 0.015 0.015
HIS+1A0285_038 0.155 0.158 0.156 0.157 0.154 0.154 0.146 0.095 0.022 0.003 0.000 0.000 0.000 0.000 0.000
HIS+1A0285_039 0.200 0.196 0.200 0.199 0.199 0.199 0.184 0.123 0.028 0.004 0.000 0.000 0.000 0.000 0.000
HIS+1A0285_040 0.000 0.000 0.000 0.000 0.000 0.000 0.000 0.000 0.000 0.000 0.000 0.000 0.000 0.000 0.000
HIS+1A0285_041 0.000 0.000 0.000 0.000 0.000 0.000 0.000 0.000 0.000 0.000 0.000 0.000 0.000 0.000 0.000
HIS+1A0285_042 0.128 0.129 0.130 0.130 0.129 0.129 0.122 0.080 0.018 0.003 0.000 0.000 0.000 0.000 0.000
HIS+1A0285_043 0.000 0.000 0.000 0.000 0.000 0.000 0.000 0.000 0.000 0.000 0.000 0.000 0.000 0.000 0.000
HIS+1A0285_044 0.000 0.000 0.000 0.000 0.000 0.000 0.000 0.000 0.000 0.000 0.000 0.000 0.000 0.000 0.000
HIS+1A0285_045 0.016 0.016 0.015 0.015 0.016 0.016 0.015 0.010 0.002 0.000 0.000 0.000 0.000 0.000 0.000
HIS+1A0285_046 0.036 0.037 0.037 0.037 0.037 0.037 0.034 0.023 0.005 0.000 0.000 0.000 0.000 0.000 0.000
HIS+1A0285_047 0.004 0.004 0.004 0.004 0.004 0.004 0.004 0.003 0.000 0.000 0.000 0.000 0.000 0.000 0.000
HIS+1A0285_048 0.000 0.000 0.000 0.000 0.000 0.000 0.000 0.000 0.000 0.000 0.000 0.000 0.000 0.000 0.000
HIS+1A0285_049 0.000 0.000 0.000 0.000 0.000 0.000 0.000 0.000 0.000 0.000 0.000 0.000 0.000 0.000 0.000
HIS+1A0285_050 0.028 0.027 0.027 0.027 0.027 0.027 0.026 0.017 0.004 0.000 0.000 0.000 0.000 0.000 0.000
HIS+1A0285_051 0.000 0.000 0.000 0.000 0.000 0.000 0.000 0.000 0.000 0.000 0.000 0.000 0.000 0.000 0.000
HIS+1A0285_052 0.278 0.279 0.277 0.278 0.280 0.279 0.261 0.171 0.039 0.006 0.000 0.000 0.000 0.000 0.000
HIS+1A0285_053 0.034 0.034 0.034 0.034 0.034 0.034 0.031 0.021 0.005 0.000 0.000 0.000 0.000 0.000 0.000
HIS+1A0285_054 0.120 0.120 0.119 0.119 0.120 0.119 0.112 0.073 0.017 0.003 0.000 0.000 0.000 0.000 0.000
HIS+1A0285_055 0.000 0.000 0.000 0.000 0.000 0.000 0.000 0.000 0.000 0.000 0.000 0.000 0.000 0.000 0.000
