 ph              0.0   1.0   2.0   3.0   4.0   5.0   6.0   7.0   8.0   9.0  10.0  11.0  12.0  13.0  14.0
GLN01A0069_001 0.022 0.021 0.021 0.021 0.021 0.021 0.021 0.021 0.021 0.021 0.021 0.022 0.021 0.021 0.021
GLN01A0069_002 0.007 0.008 0.007 0.007 0.007 0.008 0.007 0.007 0.007 0.007 0.007 0.007 0.008 0.007 0.007
GLN01A0069_003 0.214 0.216 0.215 0.216 0.217 0.215 0.214 0.215 0.216 0.215 0.215 0.215 0.217 0.214 0.216
GLN01A0069_004 0.014 0.014 0.014 0.014 0.014 0.014 0.014 0.014 0.014 0.014 0.014 0.014 0.014 0.014 0.014
GLN01A0069_005 0.040 0.041 0.040 0.041 0.041 0.040 0.041 0.041 0.041 0.041 0.041 0.041 0.041 0.040 0.040
GLN01A0069_006 0.019 0.019 0.019 0.019 0.019 0.019 0.019 0.019 0.019 0.019 0.019 0.019 0.019 0.019 0.019
GLN01A0069_007 0.021 0.021 0.021 0.021 0.021 0.021 0.021 0.021 0.021 0.021 0.021 0.021 0.021 0.021 0.021
GLN01A0069_008 0.066 0.066 0.065 0.065 0.065 0.066 0.066 0.066 0.066 0.066 0.066 0.066 0.066 0.066 0.066
GLN01A0069_009 0.019 0.019 0.018 0.018 0.018 0.018 0.018 0.019 0.018 0.019 0.018 0.019 0.019 0.018 0.019
GLN01A0069_010 0.165 0.164 0.165 0.164 0.164 0.164 0.165 0.166 0.165 0.164 0.163 0.164 0.164 0.164 0.165
GLN01A0069_011 0.005 0.004 0.004 0.005 0.004 0.004 0.004 0.004 0.004 0.004 0.004 0.004 0.004 0.004 0.004
GLN01A0069_012 0.097 0.097 0.099 0.097 0.098 0.098 0.097 0.097 0.097 0.098 0.098 0.098 0.097 0.097 0.097
GLN01A0069_013 0.276 0.276 0.277 0.277 0.275 0.277 0.277 0.276 0.275 0.275 0.278 0.276 0.275 0.278 0.276
GLN01A0069_014 0.004 0.004 0.004 0.004 0.004 0.004 0.004 0.004 0.004 0.004 0.004 0.004 0.004 0.004 0.004
GLN01A0069_015 0.013 0.014 0.014 0.013 0.013 0.013 0.013 0.013 0.013 0.013 0.013 0.013 0.013 0.013 0.013
GLN01A0069_016 0.017 0.017 0.017 0.017 0.017 0.017 0.017 0.017 0.017 0.017 0.017 0.018 0.017 0.017 0.017
