 ph              0.0   1.0   2.0   3.0   4.0   5.0   6.0   7.0   8.0   9.0  10.0  11.0  12.0  13.0  14.0
TYR01A0143_001 0.489 0.493 0.491 0.491 0.491 0.490 0.493 0.490 0.479 0.387 0.133 0.018 0.002 0.000 0.000
TYR01A0143_002 0.000 0.000 0.000 0.000 0.000 0.000 0.000 0.000 0.000 0.000 0.000 0.000 0.000 0.000 0.000
TYR01A0143_003 0.442 0.441 0.443 0.442 0.443 0.443 0.441 0.440 0.427 0.348 0.119 0.017 0.002 0.000 0.000
TYR01A0143_004 0.000 0.000 0.000 0.000 0.000 0.000 0.000 0.000 0.000 0.000 0.000 0.000 0.000 0.000 0.000
TYR01A0143_005 0.000 0.000 0.000 0.000 0.000 0.000 0.000 0.000 0.000 0.000 0.000 0.000 0.000 0.000 0.000
TYR01A0143_006 0.000 0.000 0.000 0.000 0.000 0.000 0.000 0.000 0.000 0.000 0.000 0.000 0.000 0.000 0.000
TYR01A0143_007 0.056 0.053 0.054 0.055 0.054 0.054 0.053 0.055 0.054 0.043 0.015 0.002 0.000 0.000 0.000
TYR01A0143_008 0.013 0.012 0.013 0.012 0.012 0.013 0.013 0.012 0.012 0.010 0.003 0.000 0.000 0.000 0.000
TYR-1A0143_009 0.000 0.000 0.000 0.000 0.000 0.000 0.000 0.002 0.012 0.091 0.313 0.411 0.429 0.430 0.428
TYR-1A0143_010 0.000 0.000 0.000 0.000 0.000 0.000 0.000 0.000 0.002 0.014 0.047 0.061 0.065 0.064 0.063
TYR-1A0143_011 0.000 0.000 0.000 0.000 0.000 0.000 0.000 0.000 0.000 0.000 0.000 0.000 0.000 0.000 0.000
TYR-1A0143_012 0.000 0.000 0.000 0.000 0.000 0.000 0.000 0.002 0.014 0.105 0.362 0.480 0.492 0.494 0.497
TYR-1A0143_013 0.000 0.000 0.000 0.000 0.000 0.000 0.000 0.000 0.000 0.000 0.000 0.000 0.000 0.000 0.000
TYR-1A0143_014 0.000 0.000 0.000 0.000 0.000 0.000 0.000 0.000 0.000 0.000 0.000 0.000 0.000 0.000 0.000
TYR-1A0143_015 0.000 0.000 0.000 0.000 0.000 0.000 0.000 0.000 0.000 0.000 0.000 0.000 0.000 0.000 0.000
TYR-1A0143_016 0.000 0.000 0.000 0.000 0.000 0.000 0.000 0.000 0.000 0.002 0.008 0.010 0.011 0.011 0.011
