 ph              0.0   1.0   2.0   3.0   4.0   5.0   6.0   7.0   8.0   9.0  10.0  11.0  12.0  13.0  14.0
GLU01A0165_001 0.000 0.000 0.000 0.000 0.000 0.000 0.000 0.000 0.000 0.000 0.000 0.000 0.000 0.000 0.000
GLU01A0165_002 0.004 0.004 0.004 0.004 0.002 0.000 0.000 0.000 0.000 0.000 0.000 0.000 0.000 0.000 0.000
GLU01A0165_003 0.000 0.000 0.000 0.000 0.000 0.000 0.000 0.000 0.000 0.000 0.000 0.000 0.000 0.000 0.000
GLU01A0165_004 0.085 0.084 0.082 0.074 0.036 0.007 0.000 0.000 0.000 0.000 0.000 0.000 0.000 0.000 0.000
GLU01A0165_005 0.005 0.005 0.005 0.005 0.002 0.000 0.000 0.000 0.000 0.000 0.000 0.000 0.000 0.000 0.000
GLU01A0165_006 0.014 0.014 0.014 0.012 0.006 0.000 0.000 0.000 0.000 0.000 0.000 0.000 0.000 0.000 0.000
GLU01A0165_007 0.104 0.103 0.102 0.093 0.044 0.009 0.000 0.000 0.000 0.000 0.000 0.000 0.000 0.000 0.000
GLU01A0165_008 0.192 0.192 0.189 0.170 0.082 0.016 0.003 0.000 0.000 0.000 0.000 0.000 0.000 0.000 0.000
GLU01A0165_009 0.002 0.002 0.002 0.002 0.000 0.000 0.000 0.000 0.000 0.000 0.000 0.000 0.000 0.000 0.000
GLU02A0165_010 0.000 0.000 0.000 0.000 0.000 0.000 0.000 0.000 0.000 0.000 0.000 0.000 0.000 0.000 0.000
GLU02A0165_011 0.010 0.010 0.010 0.009 0.004 0.000 0.000 0.000 0.000 0.000 0.000 0.000 0.000 0.000 0.000
GLU02A0165_012 0.000 0.000 0.000 0.000 0.000 0.000 0.000 0.000 0.000 0.000 0.000 0.000 0.000 0.000 0.000
GLU02A0165_013 0.164 0.165 0.162 0.145 0.071 0.014 0.002 0.000 0.000 0.000 0.000 0.000 0.000 0.000 0.000
GLU02A0165_014 0.008 0.009 0.008 0.008 0.004 0.000 0.000 0.000 0.000 0.000 0.000 0.000 0.000 0.000 0.000
GLU02A0165_015 0.006 0.006 0.006 0.005 0.003 0.000 0.000 0.000 0.000 0.000 0.000 0.000 0.000 0.000 0.000
GLU02A0165_016 0.155 0.155 0.152 0.137 0.067 0.013 0.002 0.000 0.000 0.000 0.000 0.000 0.000 0.000 0.000
GLU02A0165_017 0.237 0.237 0.235 0.210 0.102 0.020 0.003 0.000 0.000 0.000 0.000 0.000 0.000 0.000 0.000
GLU02A0165_018 0.013 0.013 0.012 0.011 0.005 0.000 0.000 0.000 0.000 0.000 0.000 0.000 0.000 0.000 0.000
GLU-1A0165_019 0.000 0.000 0.000 0.000 0.000 0.000 0.000 0.000 0.000 0.000 0.000 0.000 0.000 0.000 0.000
GLU-1A0165_020 0.000 0.000 0.003 0.024 0.116 0.189 0.204 0.206 0.206 0.204 0.205 0.207 0.205 0.206 0.205
GLU-1A0165_021 0.000 0.000 0.006 0.049 0.241 0.391 0.417 0.421 0.422 0.425 0.423 0.422 0.422 0.423 0.421
GLU-1A0165_022 0.000 0.000 0.005 0.042 0.204 0.325 0.354 0.357 0.357 0.356 0.357 0.356 0.359 0.355 0.358
GLU-1A0165_023 0.000 0.000 0.000 0.002 0.009 0.014 0.015 0.015 0.015 0.015 0.015 0.015 0.015 0.016 0.015
