 ph              0.0   1.0   2.0   3.0   4.0   5.0   6.0   7.0   8.0   9.0  10.0  11.0  12.0  13.0  14.0
GLN01A0324_001 0.000 0.000 0.000 0.000 0.000 0.000 0.000 0.000 0.000 0.000 0.000 0.000 0.000 0.000 0.000
GLN01A0324_002 0.027 0.027 0.027 0.027 0.027 0.027 0.027 0.028 0.027 0.027 0.027 0.027 0.027 0.027 0.027
GLN01A0324_003 0.027 0.026 0.026 0.026 0.026 0.026 0.026 0.027 0.027 0.026 0.026 0.027 0.026 0.026 0.027
GLN01A0324_004 0.039 0.039 0.038 0.039 0.039 0.039 0.039 0.039 0.039 0.039 0.039 0.039 0.039 0.038 0.039
GLN01A0324_005 0.110 0.109 0.110 0.109 0.109 0.109 0.110 0.109 0.110 0.109 0.109 0.111 0.109 0.110 0.110
GLN01A0324_006 0.249 0.249 0.250 0.249 0.249 0.249 0.249 0.249 0.249 0.250 0.249 0.247 0.248 0.250 0.251
GLN01A0324_007 0.114 0.115 0.114 0.114 0.115 0.114 0.114 0.113 0.114 0.115 0.115 0.115 0.114 0.114 0.113
GLN01A0324_008 0.017 0.016 0.016 0.016 0.016 0.017 0.016 0.017 0.017 0.017 0.016 0.016 0.016 0.017 0.016
GLN01A0324_009 0.014 0.014 0.014 0.014 0.014 0.014 0.014 0.014 0.014 0.014 0.014 0.014 0.014 0.014 0.014
GLN01A0324_010 0.055 0.055 0.055 0.055 0.055 0.055 0.055 0.055 0.055 0.055 0.055 0.055 0.055 0.055 0.055
GLN01A0324_011 0.164 0.166 0.165 0.165 0.166 0.165 0.166 0.165 0.166 0.164 0.165 0.165 0.165 0.166 0.166
GLN01A0324_012 0.163 0.163 0.163 0.163 0.163 0.164 0.163 0.164 0.162 0.163 0.164 0.164 0.164 0.163 0.162
GLN01A0324_013 0.020 0.020 0.020 0.021 0.020 0.020 0.020 0.020 0.021 0.020 0.020 0.020 0.020 0.020 0.020
