 ph              0.0   1.0   2.0   3.0   4.0   5.0   6.0   7.0   8.0   9.0  10.0  11.0  12.0  13.0  14.0
ASP01A0226_001 0.006 0.006 0.006 0.005 0.002 0.000 0.000 0.000 0.000 0.000 0.000 0.000 0.000 0.000 0.000
ASP01A0226_002 0.000 0.000 0.000 0.000 0.000 0.000 0.000 0.000 0.000 0.000 0.000 0.000 0.000 0.000 0.000
ASP01A0226_003 0.012 0.012 0.012 0.010 0.004 0.000 0.000 0.000 0.000 0.000 0.000 0.000 0.000 0.000 0.000
ASP01A0226_004 0.010 0.009 0.009 0.008 0.003 0.000 0.000 0.000 0.000 0.000 0.000 0.000 0.000 0.000 0.000
ASP01A0226_005 0.006 0.006 0.006 0.005 0.002 0.000 0.000 0.000 0.000 0.000 0.000 0.000 0.000 0.000 0.000
ASP01A0226_006 0.000 0.000 0.000 0.000 0.000 0.000 0.000 0.000 0.000 0.000 0.000 0.000 0.000 0.000 0.000
ASP01A0226_007 0.146 0.145 0.144 0.121 0.046 0.009 0.000 0.000 0.000 0.000 0.000 0.000 0.000 0.000 0.000
ASP01A0226_008 0.025 0.025 0.024 0.020 0.008 0.002 0.000 0.000 0.000 0.000 0.000 0.000 0.000 0.000 0.000
ASP01A0226_009 0.000 0.000 0.000 0.000 0.000 0.000 0.000 0.000 0.000 0.000 0.000 0.000 0.000 0.000 0.000
ASP01A0226_010 0.007 0.008 0.007 0.006 0.002 0.000 0.000 0.000 0.000 0.000 0.000 0.000 0.000 0.000 0.000
ASP01A0226_011 0.000 0.000 0.000 0.000 0.000 0.000 0.000 0.000 0.000 0.000 0.000 0.000 0.000 0.000 0.000
ASP01A0226_012 0.000 0.000 0.000 0.000 0.000 0.000 0.000 0.000 0.000 0.000 0.000 0.000 0.000 0.000 0.000
ASP01A0226_013 0.002 0.003 0.002 0.002 0.000 0.000 0.000 0.000 0.000 0.000 0.000 0.000 0.000 0.000 0.000
ASP01A0226_014 0.001 0.001 0.001 0.000 0.000 0.000 0.000 0.000 0.000 0.000 0.000 0.000 0.000 0.000 0.000
ASP01A0226_015 0.015 0.015 0.015 0.013 0.005 0.000 0.000 0.000 0.000 0.000 0.000 0.000 0.000 0.000 0.000
ASP01A0226_016 0.000 0.000 0.000 0.000 0.000 0.000 0.000 0.000 0.000 0.000 0.000 0.000 0.000 0.000 0.000
ASP01A0226_017 0.151 0.152 0.148 0.126 0.049 0.009 0.000 0.000 0.000 0.000 0.000 0.000 0.000 0.000 0.000
ASP01A0226_018 0.095 0.093 0.092 0.077 0.030 0.006 0.000 0.000 0.000 0.000 0.000 0.000 0.000 0.000 0.000
ASP01A0226_019 0.000 0.000 0.000 0.000 0.000 0.000 0.000 0.000 0.000 0.000 0.000 0.000 0.000 0.000 0.000
ASP01A0226_020 0.000 0.000 0.000 0.000 0.000 0.000 0.000 0.000 0.000 0.000 0.000 0.000 0.000 0.000 0.000
ASP01A0226_021 0.186 0.185 0.182 0.155 0.060 0.012 0.000 0.000 0.000 0.000 0.000 0.000 0.000 0.000 0.000
ASP02A0226_022 0.005 0.005 0.004 0.004 0.001 0.000 0.000 0.000 0.000 0.000 0.000 0.000 0.000 0.000 0.000
ASP02A0226_023 0.003 0.003 0.003 0.003 0.000 0.000 0.000 0.000 0.000 0.000 0.000 0.000 0.000 0.000 0.000
ASP02A0226_024 0.001 0.001 0.001 0.000 0.000 0.000 0.000 0.000 0.000 0.000 0.000 0.000 0.000 0.000 0.000
ASP02A0226_025 0.000 0.000 0.000 0.000 0.000 0.000 0.000 0.000 0.000 0.000 0.000 0.000 0.000 0.000 0.000
ASP02A0226_026 0.076 0.076 0.074 0.062 0.024 0.004 0.000 0.000 0.000 0.000 0.000 0.000 0.000 0.000 0.000
ASP02A0226_027 0.022 0.023 0.022 0.018 0.007 0.000 0.000 0.000 0.000 0.000 0.000 0.000 0.000 0.000 0.000
ASP02A0226_028 0.000 0.000 0.000 0.000 0.000 0.000 0.000 0.000 0.000 0.000 0.000 0.000 0.000 0.000 0.000
ASP02A0226_029 0.000 0.000 0.000 0.000 0.000 0.000 0.000 0.000 0.000 0.000 0.000 0.000 0.000 0.000 0.000
ASP02A0226_030 0.000 0.000 0.000 0.000 0.000 0.000 0.000 0.000 0.000 0.000 0.000 0.000 0.000 0.000 0.000
ASP02A0226_031 0.001 0.001 0.001 0.000 0.000 0.000 0.000 0.000 0.000 0.000 0.000 0.000 0.000 0.000 0.000
ASP02A0226_032 0.000 0.000 0.000 0.000 0.000 0.000 0.000 0.000 0.000 0.000 0.000 0.000 0.000 0.000 0.000
ASP02A0226_033 0.013 0.013 0.012 0.010 0.004 0.000 0.000 0.000 0.000 0.000 0.000 0.000 0.000 0.000 0.000
ASP02A0226_034 0.005 0.005 0.005 0.004 0.002 0.000 0.000 0.000 0.000 0.000 0.000 0.000 0.000 0.000 0.000
ASP02A0226_035 0.000 0.000 0.000 0.000 0.000 0.000 0.000 0.000 0.000 0.000 0.000 0.000 0.000 0.000 0.000
ASP02A0226_036 0.000 0.000 0.000 0.000 0.000 0.000 0.000 0.000 0.000 0.000 0.000 0.000 0.000 0.000 0.000
ASP02A0226_037 0.072 0.071 0.070 0.059 0.023 0.004 0.000 0.000 0.000 0.000 0.000 0.000 0.000 0.000 0.000
ASP02A0226_038 0.000 0.000 0.000 0.000 0.000 0.000 0.000 0.000 0.000 0.000 0.000 0.000 0.000 0.000 0.000
ASP02A0226_039 0.000 0.000 0.000 0.000 0.000 0.000 0.000 0.000 0.000 0.000 0.000 0.000 0.000 0.000 0.000
ASP02A0226_040 0.036 0.035 0.035 0.030 0.012 0.002 0.000 0.000 0.000 0.000 0.000 0.000 0.000 0.000 0.000
ASP02A0226_041 0.102 0.103 0.101 0.085 0.033 0.006 0.000 0.000 0.000 0.000 0.000 0.000 0.000 0.000 0.000
ASP02A0226_042 0.000 0.000 0.000 0.000 0.000 0.000 0.000 0.000 0.000 0.000 0.000 0.000 0.000 0.000 0.000
ASP02A0226_043 0.000 0.000 0.000 0.000 0.000 0.000 0.000 0.000 0.000 0.000 0.000 0.000 0.000 0.000 0.000
ASP-1A0226_044 0.000 0.000 0.003 0.026 0.101 0.140 0.147 0.146 0.149 0.147 0.146 0.148 0.146 0.148 0.147
ASP-1A0226_045 0.000 0.000 0.000 0.000 0.000 0.000 0.000 0.000 0.000 0.000 0.000 0.000 0.000 0.000 0.000
ASP-1A0226_046 0.000 0.000 0.007 0.057 0.218 0.300 0.320 0.317 0.319 0.317 0.317 0.319 0.318 0.317 0.321
ASP-1A0226_047 0.000 0.000 0.000 0.000 0.000 0.000 0.000 0.000 0.000 0.000 0.000 0.000 0.000 0.000 0.000
ASP-1A0226_048 0.000 0.000 0.002 0.015 0.058 0.082 0.086 0.087 0.087 0.087 0.087 0.086 0.086 0.086 0.085
ASP-1A0226_049 0.000 0.003 0.009 0.079 0.306 0.424 0.446 0.449 0.445 0.449 0.450 0.447 0.449 0.449 0.447
ASP-1A0226_050 0.000 0.000 0.000 0.000 0.000 0.000 0.000 0.000 0.000 0.000 0.000 0.000 0.000 0.000 0.000
