 ph              0.0   1.0   2.0   3.0   4.0   5.0   6.0   7.0   8.0   9.0  10.0  11.0  12.0  13.0  14.0
ASP01A0219_001 0.000 0.000 0.000 0.000 0.000 0.000 0.000 0.000 0.000 0.000 0.000 0.000 0.000 0.000 0.000
ASP01A0219_002 0.017 0.017 0.017 0.015 0.008 0.002 0.000 0.000 0.000 0.000 0.000 0.000 0.000 0.000 0.000
ASP01A0219_003 0.000 0.000 0.000 0.000 0.000 0.000 0.000 0.000 0.000 0.000 0.000 0.000 0.000 0.000 0.000
ASP01A0219_004 0.071 0.070 0.068 0.062 0.033 0.007 0.000 0.000 0.000 0.000 0.000 0.000 0.000 0.000 0.000
ASP01A0219_005 0.002 0.002 0.002 0.002 0.001 0.000 0.000 0.000 0.000 0.000 0.000 0.000 0.000 0.000 0.000
ASP01A0219_006 0.418 0.418 0.414 0.374 0.196 0.042 0.007 0.000 0.000 0.000 0.000 0.000 0.000 0.000 0.000
ASP01A0219_007 0.001 0.001 0.001 0.001 0.000 0.000 0.000 0.000 0.000 0.000 0.000 0.000 0.000 0.000 0.000
ASP01A0219_008 0.040 0.041 0.040 0.037 0.019 0.004 0.000 0.000 0.000 0.000 0.000 0.000 0.000 0.000 0.000
ASP01A0219_009 0.008 0.008 0.008 0.008 0.004 0.000 0.000 0.000 0.000 0.000 0.000 0.000 0.000 0.000 0.000
ASP02A0219_010 0.013 0.013 0.013 0.011 0.006 0.000 0.000 0.000 0.000 0.000 0.000 0.000 0.000 0.000 0.000
ASP02A0219_011 0.014 0.014 0.013 0.013 0.007 0.000 0.000 0.000 0.000 0.000 0.000 0.000 0.000 0.000 0.000
ASP02A0219_012 0.142 0.140 0.138 0.126 0.066 0.014 0.002 0.000 0.000 0.000 0.000 0.000 0.000 0.000 0.000
ASP02A0219_013 0.006 0.006 0.006 0.005 0.003 0.000 0.000 0.000 0.000 0.000 0.000 0.000 0.000 0.000 0.000
ASP02A0219_014 0.000 0.000 0.000 0.000 0.000 0.000 0.000 0.000 0.000 0.000 0.000 0.000 0.000 0.000 0.000
ASP02A0219_015 0.000 0.000 0.000 0.000 0.000 0.000 0.000 0.000 0.000 0.000 0.000 0.000 0.000 0.000 0.000
ASP02A0219_016 0.009 0.009 0.009 0.008 0.004 0.000 0.000 0.000 0.000 0.000 0.000 0.000 0.000 0.000 0.000
ASP02A0219_017 0.000 0.000 0.000 0.000 0.000 0.000 0.000 0.000 0.000 0.000 0.000 0.000 0.000 0.000 0.000
ASP02A0219_018 0.002 0.002 0.002 0.002 0.000 0.000 0.000 0.000 0.000 0.000 0.000 0.000 0.000 0.000 0.000
ASP02A0219_019 0.257 0.258 0.257 0.231 0.122 0.026 0.004 0.000 0.000 0.000 0.000 0.000 0.000 0.000 0.000
ASP-1A0219_020 0.000 0.000 0.007 0.062 0.311 0.530 0.578 0.583 0.586 0.589 0.590 0.585 0.588 0.588 0.586
ASP-1A0219_021 0.000 0.000 0.000 0.000 0.005 0.009 0.010 0.010 0.010 0.010 0.010 0.010 0.010 0.011 0.010
ASP-1A0219_022 0.000 0.000 0.005 0.041 0.208 0.353 0.384 0.393 0.391 0.388 0.387 0.391 0.389 0.387 0.390
ASP-1A0219_023 0.000 0.000 0.000 0.001 0.007 0.012 0.014 0.014 0.014 0.014 0.014 0.013 0.014 0.014 0.014
