 ph              0.0   1.0   2.0   3.0   4.0   5.0   6.0   7.0   8.0   9.0  10.0  11.0  12.0  13.0  14.0
TYR01A0092_001 0.138 0.138 0.139 0.137 0.139 0.139 0.139 0.137 0.131 0.097 0.028 0.003 0.000 0.000 0.000
TYR01A0092_002 0.000 0.000 0.000 0.000 0.000 0.000 0.000 0.000 0.000 0.000 0.000 0.000 0.000 0.000 0.000
TYR01A0092_003 0.151 0.151 0.152 0.151 0.151 0.152 0.153 0.150 0.146 0.107 0.030 0.004 0.000 0.000 0.000
TYR01A0092_004 0.000 0.000 0.000 0.000 0.000 0.000 0.000 0.000 0.000 0.000 0.000 0.000 0.000 0.000 0.000
TYR01A0092_005 0.094 0.093 0.094 0.094 0.094 0.092 0.093 0.093 0.089 0.066 0.019 0.002 0.000 0.000 0.000
TYR01A0092_006 0.001 0.001 0.001 0.001 0.001 0.001 0.001 0.001 0.001 0.000 0.000 0.000 0.000 0.000 0.000
TYR01A0092_007 0.000 0.000 0.000 0.000 0.000 0.000 0.000 0.000 0.000 0.000 0.000 0.000 0.000 0.000 0.000
TYR01A0092_008 0.000 0.000 0.000 0.000 0.000 0.000 0.000 0.000 0.000 0.000 0.000 0.000 0.000 0.000 0.000
TYR01A0092_009 0.000 0.000 0.000 0.000 0.000 0.000 0.000 0.000 0.000 0.000 0.000 0.000 0.000 0.000 0.000
TYR01A0092_010 0.000 0.000 0.000 0.000 0.000 0.000 0.000 0.000 0.000 0.000 0.000 0.000 0.000 0.000 0.000
TYR01A0092_011 0.149 0.149 0.148 0.149 0.149 0.149 0.148 0.149 0.143 0.106 0.030 0.004 0.000 0.000 0.000
TYR01A0092_012 0.000 0.000 0.000 0.000 0.000 0.000 0.000 0.000 0.000 0.000 0.000 0.000 0.000 0.000 0.000
TYR01A0092_013 0.209 0.209 0.209 0.209 0.209 0.208 0.208 0.206 0.202 0.147 0.042 0.006 0.000 0.000 0.000
TYR01A0092_014 0.075 0.076 0.075 0.076 0.076 0.076 0.074 0.075 0.073 0.053 0.015 0.002 0.000 0.000 0.000
TYR01A0092_015 0.000 0.000 0.000 0.000 0.000 0.000 0.000 0.000 0.000 0.000 0.000 0.000 0.000 0.000 0.000
TYR01A0092_016 0.000 0.000 0.000 0.000 0.000 0.000 0.000 0.000 0.000 0.000 0.000 0.000 0.000 0.000 0.000
TYR01A0092_017 0.003 0.003 0.003 0.003 0.003 0.003 0.003 0.003 0.003 0.002 0.000 0.000 0.000 0.000 0.000
TYR01A0092_018 0.005 0.005 0.005 0.005 0.005 0.005 0.004 0.005 0.004 0.003 0.001 0.000 0.000 0.000 0.000
TYR01A0092_019 0.123 0.122 0.123 0.122 0.121 0.123 0.122 0.122 0.117 0.086 0.025 0.003 0.000 0.000 0.000
TYR01A0092_020 0.052 0.052 0.052 0.053 0.052 0.052 0.053 0.052 0.050 0.036 0.011 0.001 0.000 0.000 0.000
TYR-1A0092_021 0.000 0.000 0.000 0.000 0.000 0.000 0.000 0.000 0.003 0.023 0.061 0.075 0.076 0.076 0.076
TYR-1A0092_022 0.000 0.000 0.000 0.000 0.000 0.000 0.000 0.000 0.000 0.000 0.000 0.000 0.000 0.000 0.000
TYR-1A0092_023 0.000 0.000 0.000 0.000 0.000 0.000 0.000 0.000 0.004 0.025 0.069 0.083 0.086 0.086 0.087
TYR-1A0092_024 0.000 0.000 0.000 0.000 0.000 0.000 0.000 0.000 0.000 0.000 0.000 0.000 0.000 0.000 0.000
TYR-1A0092_025 0.000 0.000 0.000 0.000 0.000 0.000 0.000 0.000 0.000 0.000 0.003 0.003 0.003 0.003 0.003
TYR-1A0092_026 0.000 0.000 0.000 0.000 0.000 0.000 0.000 0.000 0.000 0.000 0.000 0.000 0.000 0.000 0.000
TYR-1A0092_027 0.000 0.000 0.000 0.000 0.000 0.000 0.000 0.006 0.009 0.066 0.178 0.219 0.222 0.223 0.222
TYR-1A0092_028 0.000 0.000 0.000 0.000 0.000 0.000 0.000 0.000 0.000 0.000 0.001 0.002 0.002 0.002 0.002
TYR-1A0092_029 0.000 0.000 0.000 0.000 0.000 0.000 0.000 0.000 0.000 0.000 0.000 0.000 0.000 0.000 0.000
TYR-1A0092_030 0.000 0.000 0.000 0.000 0.000 0.000 0.000 0.000 0.000 0.000 0.000 0.000 0.000 0.000 0.000
TYR-1A0092_031 0.000 0.000 0.000 0.000 0.000 0.000 0.000 0.000 0.000 0.000 0.000 0.000 0.000 0.000 0.000
TYR-1A0092_032 0.000 0.000 0.000 0.000 0.000 0.000 0.000 0.000 0.003 0.021 0.056 0.068 0.070 0.070 0.070
TYR-1A0092_033 0.000 0.000 0.000 0.000 0.000 0.000 0.000 0.000 0.000 0.000 0.000 0.000 0.000 0.000 0.000
TYR-1A0092_034 0.000 0.000 0.000 0.000 0.000 0.000 0.000 0.000 0.007 0.052 0.140 0.172 0.178 0.176 0.175
TYR-1A0092_035 0.000 0.000 0.000 0.000 0.000 0.000 0.000 0.000 0.000 0.000 0.003 0.004 0.004 0.004 0.003
TYR-1A0092_036 0.000 0.000 0.000 0.000 0.000 0.000 0.000 0.000 0.005 0.036 0.095 0.115 0.118 0.119 0.120
TYR-1A0092_037 0.000 0.000 0.000 0.000 0.000 0.000 0.000 0.000 0.000 0.000 0.000 0.000 0.000 0.000 0.000
TYR-1A0092_038 0.000 0.000 0.000 0.000 0.000 0.000 0.000 0.000 0.000 0.000 0.000 0.000 0.000 0.000 0.000
TYR-1A0092_039 0.000 0.000 0.000 0.000 0.000 0.000 0.000 0.000 0.005 0.037 0.099 0.121 0.124 0.125 0.125
TYR-1A0092_040 0.000 0.000 0.000 0.000 0.000 0.000 0.000 0.000 0.005 0.034 0.093 0.112 0.117 0.116 0.117
