 ph              0.0   1.0   2.0   3.0   4.0   5.0   6.0   7.0   8.0   9.0  10.0  11.0  12.0  13.0  14.0
HIS01A0202_001 0.000 0.000 0.000 0.000 0.000 0.000 0.005 0.027 0.056 0.063 0.063 0.064 0.064 0.064 0.064
HIS01A0202_002 0.000 0.000 0.000 0.000 0.000 0.000 0.000 0.000 0.002 0.002 0.002 0.002 0.002 0.002 0.002
HIS01A0202_003 0.000 0.000 0.000 0.000 0.000 0.000 0.000 0.000 0.002 0.002 0.002 0.002 0.002 0.002 0.002
HIS01A0202_004 0.000 0.000 0.000 0.000 0.000 0.000 0.000 0.003 0.006 0.007 0.007 0.007 0.007 0.007 0.007
HIS01A0202_005 0.000 0.000 0.000 0.000 0.000 0.000 0.000 0.000 0.000 0.000 0.000 0.000 0.000 0.000 0.000
HIS01A0202_006 0.000 0.000 0.000 0.000 0.000 0.003 0.017 0.085 0.174 0.198 0.200 0.201 0.204 0.201 0.200
HIS01A0202_007 0.000 0.000 0.000 0.000 0.000 0.000 0.000 0.006 0.012 0.013 0.014 0.013 0.014 0.014 0.014
HIS01A0202_008 0.000 0.000 0.000 0.000 0.000 0.000 0.000 0.000 0.000 0.000 0.000 0.000 0.000 0.000 0.000
HIS01A0202_009 0.000 0.000 0.000 0.000 0.000 0.000 0.000 0.000 0.000 0.000 0.000 0.000 0.000 0.000 0.000
HIS01A0202_010 0.000 0.000 0.000 0.000 0.000 0.000 0.000 0.000 0.000 0.000 0.000 0.000 0.000 0.000 0.000
HIS01A0202_011 0.000 0.000 0.000 0.000 0.000 0.000 0.000 0.000 0.000 0.000 0.000 0.000 0.000 0.000 0.000
HIS01A0202_012 0.000 0.000 0.000 0.000 0.000 0.000 0.000 0.002 0.003 0.004 0.004 0.004 0.004 0.004 0.004
HIS01A0202_013 0.000 0.000 0.000 0.000 0.000 0.000 0.005 0.023 0.048 0.053 0.055 0.055 0.055 0.054 0.055
HIS01A0202_014 0.000 0.000 0.000 0.000 0.000 0.000 0.000 0.003 0.007 0.008 0.008 0.008 0.008 0.008 0.008
HIS01A0202_015 0.000 0.000 0.000 0.000 0.000 0.000 0.000 0.000 0.000 0.000 0.000 0.000 0.000 0.000 0.000
HIS01A0202_016 0.000 0.000 0.000 0.000 0.000 0.000 0.000 0.000 0.000 0.000 0.000 0.000 0.000 0.000 0.000
HIS01A0202_017 0.000 0.000 0.000 0.000 0.000 0.000 0.000 0.000 0.000 0.000 0.000 0.000 0.000 0.000 0.000
HIS01A0202_018 0.000 0.000 0.000 0.000 0.000 0.000 0.002 0.009 0.018 0.020 0.021 0.021 0.020 0.021 0.021
HIS01A0202_019 0.000 0.000 0.000 0.000 0.000 0.000 0.000 0.000 0.000 0.000 0.000 0.000 0.000 0.000 0.000
HIS02A0202_020 0.000 0.000 0.000 0.000 0.000 0.002 0.013 0.066 0.137 0.154 0.157 0.157 0.156 0.156 0.157
HIS02A0202_021 0.000 0.000 0.000 0.000 0.000 0.000 0.000 0.002 0.005 0.006 0.006 0.005 0.006 0.006 0.005
HIS02A0202_022 0.000 0.000 0.000 0.000 0.000 0.000 0.000 0.000 0.001 0.001 0.001 0.001 0.002 0.002 0.001
HIS02A0202_023 0.000 0.000 0.000 0.000 0.000 0.000 0.000 0.000 0.000 0.000 0.000 0.000 0.000 0.000 0.000
HIS02A0202_024 0.000 0.000 0.000 0.000 0.000 0.000 0.000 0.000 0.000 0.000 0.000 0.000 0.000 0.000 0.000
HIS02A0202_025 0.000 0.000 0.000 0.000 0.000 0.000 0.000 0.000 0.000 0.000 0.000 0.000 0.000 0.000 0.000
HIS02A0202_026 0.000 0.000 0.000 0.000 0.000 0.000 0.000 0.005 0.011 0.012 0.013 0.013 0.013 0.013 0.013
HIS02A0202_027 0.000 0.000 0.000 0.000 0.000 0.000 0.000 0.000 0.000 0.000 0.000 0.000 0.000 0.000 0.000
HIS02A0202_028 0.000 0.000 0.000 0.000 0.000 0.000 0.000 0.000 0.000 0.000 0.000 0.000 0.000 0.000 0.000
HIS02A0202_029 0.000 0.000 0.000 0.000 0.000 0.000 0.000 0.000 0.000 0.000 0.000 0.000 0.000 0.000 0.000
HIS02A0202_030 0.000 0.000 0.000 0.000 0.000 0.000 0.000 0.005 0.010 0.011 0.012 0.012 0.011 0.012 0.011
HIS02A0202_031 0.000 0.000 0.000 0.000 0.000 0.004 0.024 0.123 0.255 0.287 0.292 0.291 0.291 0.292 0.292
HIS02A0202_032 0.000 0.000 0.000 0.000 0.000 0.000 0.002 0.008 0.016 0.017 0.018 0.018 0.018 0.018 0.018
HIS02A0202_033 0.000 0.000 0.000 0.000 0.000 0.000 0.000 0.000 0.000 0.000 0.000 0.000 0.000 0.000 0.000
HIS02A0202_034 0.000 0.000 0.000 0.000 0.000 0.000 0.000 0.000 0.000 0.000 0.000 0.000 0.000 0.000 0.000
HIS02A0202_035 0.000 0.000 0.000 0.000 0.000 0.000 0.000 0.000 0.000 0.000 0.000 0.000 0.000 0.000 0.000
HIS02A0202_036 0.000 0.000 0.000 0.000 0.000 0.000 0.000 0.000 0.000 0.000 0.000 0.000 0.000 0.000 0.000
HIS02A0202_037 0.000 0.000 0.000 0.000 0.000 0.000 0.002 0.009 0.018 0.020 0.021 0.020 0.020 0.020 0.020
HIS02A0202_038 0.000 0.000 0.000 0.000 0.000 0.000 0.000 0.000 0.002 0.002 0.002 0.002 0.002 0.002 0.002
HIS02A0202_039 0.000 0.000 0.000 0.000 0.000 0.002 0.009 0.044 0.092 0.102 0.104 0.104 0.104 0.103 0.105
HIS+1A0202_040 0.250 0.249 0.251 0.254 0.252 0.246 0.230 0.146 0.032 0.005 0.000 0.000 0.000 0.000 0.000
HIS+1A0202_041 0.009 0.009 0.009 0.009 0.009 0.009 0.008 0.005 0.000 0.000 0.000 0.000 0.000 0.000 0.000
HIS+1A0202_042 0.000 0.000 0.000 0.000 0.000 0.000 0.000 0.000 0.000 0.000 0.000 0.000 0.000 0.000 0.000
HIS+1A0202_043 0.000 0.000 0.000 0.000 0.000 0.000 0.000 0.000 0.000 0.000 0.000 0.000 0.000 0.000 0.000
HIS+1A0202_044 0.000 0.000 0.000 0.000 0.000 0.000 0.000 0.000 0.000 0.000 0.000 0.000 0.000 0.000 0.000
HIS+1A0202_045 0.000 0.000 0.000 0.000 0.000 0.000 0.000 0.000 0.000 0.000 0.000 0.000 0.000 0.000 0.000
HIS+1A0202_046 0.040 0.040 0.039 0.040 0.039 0.040 0.036 0.023 0.005 0.000 0.000 0.000 0.000 0.000 0.000
HIS+1A0202_047 0.206 0.202 0.206 0.202 0.206 0.202 0.190 0.119 0.026 0.004 0.000 0.000 0.000 0.000 0.000
HIS+1A0202_048 0.000 0.000 0.000 0.000 0.000 0.000 0.000 0.000 0.000 0.000 0.000 0.000 0.000 0.000 0.000
HIS+1A0202_049 0.025 0.026 0.026 0.025 0.025 0.025 0.023 0.015 0.003 0.000 0.000 0.000 0.000 0.000 0.000
HIS+1A0202_050 0.000 0.000 0.000 0.000 0.000 0.000 0.000 0.000 0.000 0.000 0.000 0.000 0.000 0.000 0.000
HIS+1A0202_051 0.420 0.424 0.418 0.420 0.418 0.418 0.388 0.245 0.054 0.009 0.000 0.000 0.000 0.000 0.000
HIS+1A0202_052 0.026 0.026 0.025 0.025 0.026 0.025 0.023 0.015 0.003 0.000 0.000 0.000 0.000 0.000 0.000
HIS+1A0202_053 0.000 0.000 0.000 0.000 0.000 0.000 0.000 0.000 0.000 0.000 0.000 0.000 0.000 0.000 0.000
HIS+1A0202_054 0.000 0.000 0.000 0.000 0.000 0.000 0.000 0.000 0.000 0.000 0.000 0.000 0.000 0.000 0.000
HIS+1A0202_055 0.000 0.000 0.000 0.000 0.000 0.000 0.000 0.000 0.000 0.000 0.000 0.000 0.000 0.000 0.000
HIS+1A0202_056 0.001 0.001 0.002 0.002 0.002 0.002 0.001 0.000 0.000 0.000 0.000 0.000 0.000 0.000 0.000
HIS+1A0202_057 0.022 0.023 0.023 0.023 0.023 0.022 0.021 0.013 0.003 0.000 0.000 0.000 0.000 0.000 0.000
HIS+1A0202_058 0.000 0.000 0.000 0.000 0.000 0.000 0.000 0.000 0.000 0.000 0.000 0.000 0.000 0.000 0.000
