 ph              0.0   1.0   2.0   3.0   4.0   5.0   6.0   7.0   8.0   9.0  10.0  11.0  12.0  13.0  14.0
ASP01A0219_001 0.000 0.000 0.000 0.000 0.000 0.000 0.000 0.000 0.000 0.000 0.000 0.000 0.000 0.000 0.000
ASP01A0219_002 0.000 0.000 0.000 0.000 0.000 0.000 0.000 0.000 0.000 0.000 0.000 0.000 0.000 0.000 0.000
ASP01A0219_003 0.111 0.112 0.109 0.094 0.039 0.007 0.000 0.000 0.000 0.000 0.000 0.000 0.000 0.000 0.000
ASP01A0219_004 0.028 0.028 0.027 0.024 0.010 0.002 0.000 0.000 0.000 0.000 0.000 0.000 0.000 0.000 0.000
ASP01A0219_005 0.008 0.008 0.008 0.007 0.003 0.000 0.000 0.000 0.000 0.000 0.000 0.000 0.000 0.000 0.000
ASP01A0219_006 0.000 0.000 0.000 0.000 0.000 0.000 0.000 0.000 0.000 0.000 0.000 0.000 0.000 0.000 0.000
ASP01A0219_007 0.004 0.004 0.004 0.003 0.001 0.000 0.000 0.000 0.000 0.000 0.000 0.000 0.000 0.000 0.000
ASP01A0219_008 0.175 0.173 0.171 0.145 0.061 0.012 0.002 0.000 0.000 0.000 0.000 0.000 0.000 0.000 0.000
ASP01A0219_009 0.012 0.013 0.012 0.011 0.004 0.000 0.000 0.000 0.000 0.000 0.000 0.000 0.000 0.000 0.000
ASP02A0219_010 0.020 0.021 0.020 0.018 0.007 0.000 0.000 0.000 0.000 0.000 0.000 0.000 0.000 0.000 0.000
ASP02A0219_011 0.000 0.000 0.000 0.000 0.000 0.000 0.000 0.000 0.000 0.000 0.000 0.000 0.000 0.000 0.000
ASP02A0219_012 0.225 0.222 0.220 0.189 0.079 0.015 0.002 0.000 0.000 0.000 0.000 0.000 0.000 0.000 0.000
ASP02A0219_013 0.009 0.009 0.009 0.007 0.003 0.000 0.000 0.000 0.000 0.000 0.000 0.000 0.000 0.000 0.000
ASP02A0219_014 0.000 0.000 0.000 0.000 0.000 0.000 0.000 0.000 0.000 0.000 0.000 0.000 0.000 0.000 0.000
ASP02A0219_015 0.000 0.000 0.000 0.000 0.000 0.000 0.000 0.000 0.000 0.000 0.000 0.000 0.000 0.000 0.000
ASP02A0219_016 0.015 0.016 0.015 0.013 0.005 0.000 0.000 0.000 0.000 0.000 0.000 0.000 0.000 0.000 0.000
ASP02A0219_017 0.390 0.390 0.383 0.330 0.139 0.026 0.004 0.000 0.000 0.000 0.000 0.000 0.000 0.000 0.000
ASP02A0219_018 0.003 0.003 0.003 0.002 0.000 0.000 0.000 0.000 0.000 0.000 0.000 0.000 0.000 0.000 0.000
ASP-1A0219_019 0.000 0.002 0.012 0.093 0.380 0.549 0.581 0.588 0.584 0.581 0.585 0.583 0.576 0.583 0.586
ASP-1A0219_020 0.000 0.000 0.000 0.002 0.006 0.009 0.010 0.010 0.010 0.010 0.010 0.009 0.010 0.010 0.010
ASP-1A0219_021 0.000 0.000 0.008 0.062 0.252 0.367 0.388 0.388 0.393 0.395 0.391 0.393 0.398 0.393 0.390
ASP-1A0219_022 0.000 0.000 0.000 0.002 0.009 0.013 0.013 0.014 0.014 0.014 0.014 0.014 0.015 0.014 0.014
