 ph              0.0   1.0   2.0   3.0   4.0   5.0   6.0   7.0   8.0   9.0  10.0  11.0  12.0  13.0  14.0
TYR01A0203_001 0.110 0.110 0.111 0.110 0.111 0.110 0.112 0.110 0.106 0.079 0.022 0.003 0.000 0.000 0.000
TYR01A0203_002 0.390 0.391 0.389 0.391 0.390 0.394 0.390 0.388 0.374 0.279 0.078 0.011 0.002 0.000 0.000
TYR01A0203_003 0.000 0.000 0.000 0.000 0.000 0.000 0.000 0.000 0.000 0.000 0.000 0.000 0.000 0.000 0.000
TYR01A0203_004 0.010 0.010 0.011 0.010 0.010 0.010 0.010 0.010 0.010 0.007 0.002 0.000 0.000 0.000 0.000
TYR01A0203_005 0.103 0.103 0.103 0.103 0.102 0.102 0.103 0.101 0.100 0.073 0.021 0.003 0.000 0.000 0.000
TYR01A0203_006 0.001 0.000 0.001 0.001 0.001 0.001 0.001 0.001 0.001 0.000 0.000 0.000 0.000 0.000 0.000
TYR01A0203_007 0.359 0.359 0.359 0.358 0.358 0.356 0.357 0.357 0.341 0.253 0.070 0.010 0.002 0.000 0.000
TYR01A0203_008 0.026 0.027 0.027 0.027 0.027 0.027 0.027 0.027 0.026 0.019 0.005 0.000 0.000 0.000 0.000
TYR01A0203_009 0.000 0.000 0.000 0.000 0.000 0.000 0.000 0.000 0.000 0.000 0.000 0.000 0.000 0.000 0.000
TYR01A0203_010 0.000 0.000 0.000 0.000 0.000 0.000 0.000 0.000 0.000 0.000 0.000 0.000 0.000 0.000 0.000
TYR01A0203_011 0.000 0.000 0.000 0.000 0.000 0.000 0.000 0.000 0.000 0.000 0.000 0.000 0.000 0.000 0.000
TYR-1A0203_012 0.000 0.000 0.000 0.000 0.000 0.000 0.000 0.000 0.003 0.022 0.058 0.071 0.073 0.073 0.073
TYR-1A0203_013 0.000 0.000 0.000 0.000 0.000 0.000 0.000 0.003 0.019 0.129 0.357 0.437 0.443 0.447 0.447
TYR-1A0203_014 0.000 0.000 0.000 0.000 0.000 0.000 0.000 0.000 0.002 0.014 0.038 0.046 0.047 0.047 0.047
TYR-1A0203_015 0.000 0.000 0.000 0.000 0.000 0.000 0.000 0.000 0.000 0.000 0.000 0.000 0.000 0.000 0.000
TYR-1A0203_016 0.000 0.000 0.000 0.000 0.000 0.000 0.000 0.000 0.000 0.000 0.000 0.000 0.000 0.000 0.000
TYR-1A0203_017 0.000 0.000 0.000 0.000 0.000 0.000 0.000 0.000 0.000 0.000 0.000 0.000 0.000 0.000 0.000
TYR-1A0203_018 0.000 0.000 0.000 0.000 0.000 0.000 0.000 0.000 0.000 0.000 0.001 0.002 0.002 0.002 0.002
TYR-1A0203_019 0.000 0.000 0.000 0.000 0.000 0.000 0.000 0.003 0.017 0.120 0.335 0.403 0.416 0.414 0.415
TYR-1A0203_020 0.000 0.000 0.000 0.000 0.000 0.000 0.000 0.000 0.000 0.000 0.000 0.000 0.000 0.000 0.000
TYR-1A0203_021 0.000 0.000 0.000 0.000 0.000 0.000 0.000 0.000 0.000 0.005 0.013 0.015 0.016 0.016 0.016
