 ph              0.0   1.0   2.0   3.0   4.0   5.0   6.0   7.0   8.0   9.0  10.0  11.0  12.0  13.0  14.0
ASP01A0083_001 0.000 0.000 0.000 0.000 0.000 0.000 0.000 0.000 0.000 0.000 0.000 0.000 0.000 0.000 0.000
ASP01A0083_002 0.002 0.002 0.002 0.002 0.000 0.000 0.000 0.000 0.000 0.000 0.000 0.000 0.000 0.000 0.000
ASP01A0083_003 0.010 0.009 0.009 0.008 0.004 0.000 0.000 0.000 0.000 0.000 0.000 0.000 0.000 0.000 0.000
ASP01A0083_004 0.026 0.026 0.025 0.022 0.010 0.002 0.000 0.000 0.000 0.000 0.000 0.000 0.000 0.000 0.000
ASP01A0083_005 0.002 0.002 0.002 0.002 0.000 0.000 0.000 0.000 0.000 0.000 0.000 0.000 0.000 0.000 0.000
ASP01A0083_006 0.282 0.283 0.276 0.245 0.110 0.020 0.003 0.000 0.000 0.000 0.000 0.000 0.000 0.000 0.000
ASP01A0083_007 0.265 0.264 0.263 0.230 0.104 0.019 0.003 0.000 0.000 0.000 0.000 0.000 0.000 0.000 0.000
ASP02A0083_008 0.000 0.000 0.000 0.000 0.000 0.000 0.000 0.000 0.000 0.000 0.000 0.000 0.000 0.000 0.000
ASP02A0083_009 0.005 0.005 0.005 0.004 0.002 0.000 0.000 0.000 0.000 0.000 0.000 0.000 0.000 0.000 0.000
ASP02A0083_010 0.000 0.000 0.000 0.000 0.000 0.000 0.000 0.000 0.000 0.000 0.000 0.000 0.000 0.000 0.000
ASP02A0083_011 0.017 0.017 0.016 0.014 0.007 0.000 0.000 0.000 0.000 0.000 0.000 0.000 0.000 0.000 0.000
ASP02A0083_012 0.008 0.008 0.008 0.007 0.003 0.000 0.000 0.000 0.000 0.000 0.000 0.000 0.000 0.000 0.000
ASP02A0083_013 0.019 0.019 0.018 0.016 0.007 0.001 0.000 0.000 0.000 0.000 0.000 0.000 0.000 0.000 0.000
ASP02A0083_014 0.278 0.277 0.274 0.241 0.109 0.020 0.003 0.000 0.000 0.000 0.000 0.000 0.000 0.000 0.000
ASP02A0083_015 0.086 0.085 0.085 0.074 0.034 0.006 0.000 0.000 0.000 0.000 0.000 0.000 0.000 0.000 0.000
ASP-1A0083_016 0.000 0.000 0.000 0.002 0.009 0.014 0.014 0.014 0.015 0.015 0.015 0.015 0.017 0.014 0.015
ASP-1A0083_017 0.000 0.000 0.004 0.036 0.162 0.249 0.266 0.268 0.265 0.270 0.269 0.273 0.262 0.265 0.269
ASP-1A0083_018 0.000 0.002 0.012 0.096 0.438 0.669 0.711 0.717 0.720 0.714 0.716 0.712 0.721 0.722 0.716
