 ph              0.0   1.0   2.0   3.0   4.0   5.0   6.0   7.0   8.0   9.0  10.0  11.0  12.0  13.0  14.0
HIS01A0169_001 0.000 0.000 0.000 0.000 0.000 0.000 0.003 0.019 0.039 0.044 0.044 0.044 0.044 0.044 0.045
HIS01A0169_002 0.000 0.000 0.000 0.000 0.000 0.000 0.000 0.004 0.007 0.008 0.008 0.008 0.009 0.009 0.009
HIS01A0169_003 0.000 0.000 0.000 0.000 0.000 0.000 0.001 0.007 0.014 0.016 0.015 0.015 0.016 0.016 0.016
HIS01A0169_004 0.000 0.000 0.000 0.000 0.000 0.000 0.003 0.016 0.033 0.036 0.037 0.037 0.037 0.037 0.037
HIS01A0169_005 0.000 0.000 0.000 0.000 0.000 0.000 0.000 0.000 0.000 0.000 0.000 0.000 0.000 0.000 0.000
HIS01A0169_006 0.000 0.000 0.000 0.000 0.000 0.000 0.000 0.005 0.011 0.013 0.013 0.013 0.013 0.013 0.013
HIS01A0169_007 0.000 0.000 0.000 0.000 0.000 0.000 0.000 0.000 0.000 0.000 0.000 0.000 0.000 0.000 0.000
HIS01A0169_008 0.000 0.000 0.000 0.000 0.000 0.000 0.000 0.000 0.000 0.000 0.000 0.000 0.000 0.000 0.000
HIS01A0169_009 0.000 0.000 0.000 0.000 0.000 0.000 0.001 0.007 0.014 0.016 0.016 0.016 0.016 0.016 0.016
HIS01A0169_010 0.000 0.000 0.000 0.000 0.000 0.000 0.006 0.036 0.075 0.084 0.085 0.086 0.084 0.086 0.085
HIS01A0169_011 0.000 0.000 0.000 0.000 0.000 0.000 0.000 0.000 0.000 0.000 0.000 0.000 0.000 0.000 0.000
HIS01A0169_012 0.000 0.000 0.000 0.000 0.000 0.000 0.000 0.000 0.000 0.000 0.000 0.000 0.000 0.000 0.000
HIS01A0169_013 0.000 0.000 0.000 0.000 0.000 0.000 0.001 0.007 0.015 0.017 0.017 0.017 0.017 0.017 0.017
HIS01A0169_014 0.000 0.000 0.000 0.000 0.000 0.000 0.003 0.014 0.030 0.033 0.033 0.034 0.033 0.034 0.033
HIS01A0169_015 0.000 0.000 0.000 0.000 0.000 0.000 0.000 0.000 0.000 0.000 0.000 0.000 0.000 0.000 0.000
HIS01A0169_016 0.000 0.000 0.000 0.000 0.000 0.000 0.006 0.030 0.064 0.071 0.071 0.071 0.072 0.072 0.071
HIS01A0169_017 0.000 0.000 0.000 0.000 0.000 0.000 0.001 0.007 0.014 0.015 0.016 0.016 0.016 0.016 0.016
HIS01A0169_018 0.000 0.000 0.000 0.000 0.000 0.000 0.000 0.000 0.000 0.000 0.000 0.000 0.000 0.000 0.000
HIS01A0169_019 0.000 0.000 0.000 0.000 0.000 0.000 0.000 0.000 0.000 0.000 0.000 0.000 0.000 0.000 0.000
HIS02A0169_020 0.000 0.000 0.000 0.000 0.000 0.000 0.006 0.032 0.067 0.075 0.076 0.077 0.076 0.076 0.075
HIS02A0169_021 0.000 0.000 0.000 0.000 0.000 0.004 0.010 0.054 0.112 0.124 0.125 0.127 0.127 0.126 0.127
HIS02A0169_022 0.000 0.000 0.000 0.000 0.000 0.000 0.000 0.000 0.000 0.000 0.000 0.000 0.000 0.000 0.000
HIS02A0169_023 0.000 0.000 0.000 0.000 0.000 0.000 0.001 0.007 0.015 0.017 0.017 0.017 0.017 0.017 0.017
HIS02A0169_024 0.000 0.000 0.000 0.000 0.000 0.000 0.000 0.000 0.000 0.000 0.000 0.000 0.000 0.000 0.000
HIS02A0169_025 0.000 0.000 0.000 0.000 0.000 0.000 0.000 0.000 0.000 0.000 0.000 0.000 0.000 0.000 0.000
HIS02A0169_026 0.000 0.000 0.000 0.000 0.000 0.000 0.000 0.000 0.000 0.000 0.000 0.000 0.000 0.000 0.000
HIS02A0169_027 0.000 0.000 0.000 0.000 0.000 0.004 0.009 0.052 0.106 0.118 0.120 0.120 0.121 0.120 0.120
HIS02A0169_028 0.000 0.000 0.000 0.000 0.000 0.000 0.002 0.011 0.022 0.024 0.025 0.025 0.025 0.025 0.025
HIS02A0169_029 0.000 0.000 0.000 0.000 0.000 0.005 0.012 0.066 0.137 0.155 0.159 0.157 0.157 0.157 0.158
HIS02A0169_030 0.000 0.000 0.000 0.000 0.000 0.000 0.000 0.000 0.000 0.000 0.000 0.000 0.000 0.000 0.000
HIS02A0169_031 0.000 0.000 0.000 0.000 0.000 0.000 0.000 0.006 0.012 0.014 0.014 0.014 0.014 0.014 0.014
HIS02A0169_032 0.000 0.000 0.000 0.000 0.000 0.000 0.000 0.006 0.012 0.013 0.013 0.013 0.013 0.013 0.013
HIS02A0169_033 0.000 0.000 0.000 0.000 0.000 0.000 0.003 0.018 0.037 0.041 0.042 0.041 0.043 0.042 0.042
HIS02A0169_034 0.000 0.000 0.000 0.000 0.000 0.000 0.002 0.011 0.024 0.027 0.027 0.027 0.027 0.027 0.027
HIS02A0169_035 0.000 0.000 0.000 0.000 0.000 0.000 0.000 0.000 0.000 0.000 0.000 0.000 0.000 0.000 0.000
HIS02A0169_036 0.000 0.000 0.000 0.000 0.000 0.000 0.002 0.010 0.021 0.023 0.024 0.024 0.024 0.024 0.024
HIS02A0169_037 0.000 0.000 0.000 0.000 0.000 0.000 0.000 0.000 0.000 0.000 0.000 0.000 0.000 0.000 0.000
HIS02A0169_038 0.000 0.000 0.000 0.000 0.000 0.000 0.000 0.000 0.000 0.000 0.000 0.000 0.000 0.000 0.000
HIS+1A0169_039 0.114 0.114 0.114 0.114 0.114 0.114 0.105 0.066 0.014 0.003 0.000 0.000 0.000 0.000 0.000
HIS+1A0169_040 0.053 0.053 0.052 0.053 0.053 0.052 0.050 0.030 0.006 0.000 0.000 0.000 0.000 0.000 0.000
HIS+1A0169_041 0.000 0.000 0.000 0.000 0.000 0.000 0.000 0.000 0.000 0.000 0.000 0.000 0.000 0.000 0.000
HIS+1A0169_042 0.022 0.022 0.022 0.022 0.022 0.022 0.021 0.013 0.003 0.000 0.000 0.000 0.000 0.000 0.000
HIS+1A0169_043 0.227 0.224 0.225 0.223 0.225 0.222 0.210 0.128 0.027 0.005 0.000 0.000 0.000 0.000 0.000
HIS+1A0169_044 0.065 0.065 0.065 0.065 0.066 0.064 0.061 0.037 0.008 0.000 0.000 0.000 0.000 0.000 0.000
HIS+1A0169_045 0.000 0.000 0.000 0.000 0.000 0.000 0.000 0.000 0.000 0.000 0.000 0.000 0.000 0.000 0.000
HIS+1A0169_046 0.000 0.000 0.000 0.000 0.000 0.000 0.000 0.000 0.000 0.000 0.000 0.000 0.000 0.000 0.000
HIS+1A0169_047 0.031 0.031 0.031 0.031 0.031 0.030 0.029 0.018 0.004 0.000 0.000 0.000 0.000 0.000 0.000
HIS+1A0169_048 0.044 0.045 0.045 0.044 0.045 0.044 0.041 0.026 0.005 0.000 0.000 0.000 0.000 0.000 0.000
HIS+1A0169_049 0.000 0.000 0.000 0.000 0.000 0.000 0.000 0.000 0.000 0.000 0.000 0.000 0.000 0.000 0.000
HIS+1A0169_050 0.083 0.082 0.082 0.083 0.082 0.083 0.077 0.048 0.010 0.002 0.000 0.000 0.000 0.000 0.000
HIS+1A0169_051 0.000 0.000 0.000 0.000 0.000 0.000 0.000 0.000 0.000 0.000 0.000 0.000 0.000 0.000 0.000
HIS+1A0169_052 0.119 0.118 0.119 0.119 0.119 0.116 0.110 0.068 0.015 0.003 0.000 0.000 0.000 0.000 0.000
HIS+1A0169_053 0.035 0.035 0.035 0.036 0.035 0.035 0.032 0.020 0.004 0.000 0.000 0.000 0.000 0.000 0.000
HIS+1A0169_054 0.207 0.209 0.209 0.208 0.206 0.205 0.190 0.119 0.025 0.005 0.000 0.000 0.000 0.000 0.000
HIS+1A0169_055 0.000 0.000 0.000 0.000 0.000 0.000 0.000 0.000 0.000 0.000 0.000 0.000 0.000 0.000 0.000
HIS+1A0169_056 0.000 0.000 0.000 0.000 0.000 0.000 0.000 0.000 0.000 0.000 0.000 0.000 0.000 0.000 0.000
HIS+1A0169_057 0.000 0.000 0.000 0.000 0.000 0.000 0.000 0.000 0.000 0.000 0.000 0.000 0.000 0.000 0.000
