 ph              0.0   1.0   2.0   3.0   4.0   5.0   6.0   7.0   8.0   9.0  10.0  11.0  12.0  13.0  14.0
LEU01A0008_001 0.278 0.277 0.276 0.278 0.277 0.277 0.277 0.276 0.279 0.279 0.277 0.277 0.277 0.277 0.277
LEU01A0008_002 0.022 0.022 0.022 0.021 0.022 0.022 0.022 0.022 0.022 0.022 0.022 0.022 0.022 0.021 0.022
LEU01A0008_003 0.164 0.164 0.164 0.164 0.164 0.163 0.164 0.163 0.163 0.164 0.163 0.163 0.163 0.164 0.164
LEU01A0008_004 0.202 0.202 0.202 0.201 0.201 0.202 0.202 0.202 0.201 0.202 0.203 0.202 0.203 0.203 0.202
LEU01A0008_005 0.239 0.239 0.240 0.240 0.240 0.239 0.239 0.240 0.239 0.239 0.241 0.238 0.239 0.240 0.238
LEU01A0008_006 0.022 0.022 0.022 0.022 0.022 0.022 0.023 0.022 0.022 0.022 0.022 0.023 0.022 0.022 0.022
LEU01A0008_007 0.008 0.008 0.008 0.008 0.008 0.008 0.008 0.008 0.008 0.008 0.008 0.008 0.008 0.008 0.008
LEU01A0008_008 0.000 0.000 0.000 0.000 0.000 0.000 0.000 0.000 0.000 0.000 0.000 0.000 0.000 0.000 0.000
LEU01A0008_009 0.002 0.002 0.002 0.002 0.002 0.002 0.002 0.002 0.002 0.002 0.002 0.002 0.002 0.002 0.002
LEU01A0008_010 0.059 0.059 0.059 0.059 0.059 0.060 0.059 0.060 0.059 0.058 0.059 0.060 0.059 0.059 0.059
LEU01A0008_011 0.000 0.000 0.000 0.000 0.000 0.000 0.000 0.000 0.000 0.000 0.000 0.000 0.000 0.000 0.000
LEU01A0008_012 0.005 0.005 0.005 0.005 0.005 0.005 0.005 0.005 0.005 0.005 0.005 0.005 0.005 0.005 0.005
