 ph              0.0   1.0   2.0   3.0   4.0   5.0   6.0   7.0   8.0   9.0  10.0  11.0  12.0  13.0  14.0
HIS01A0217_001 0.000 0.000 0.000 0.000 0.000 0.000 0.002 0.014 0.037 0.043 0.045 0.045 0.045 0.045 0.044
HIS01A0217_002 0.000 0.000 0.000 0.000 0.000 0.000 0.000 0.000 0.000 0.000 0.000 0.000 0.000 0.000 0.000
HIS01A0217_003 0.000 0.000 0.000 0.000 0.000 0.000 0.000 0.000 0.000 0.000 0.000 0.000 0.000 0.000 0.000
HIS01A0217_004 0.000 0.000 0.000 0.000 0.000 0.000 0.007 0.042 0.109 0.131 0.135 0.134 0.135 0.134 0.135
HIS01A0217_005 0.000 0.000 0.000 0.000 0.000 0.000 0.000 0.000 0.000 0.000 0.000 0.000 0.001 0.000 0.000
HIS01A0217_006 0.000 0.000 0.000 0.000 0.000 0.000 0.000 0.000 0.000 0.000 0.000 0.000 0.000 0.000 0.000
HIS01A0217_007 0.000 0.000 0.000 0.000 0.000 0.000 0.000 0.005 0.012 0.014 0.015 0.015 0.015 0.015 0.015
HIS01A0217_008 0.000 0.000 0.000 0.000 0.000 0.000 0.000 0.000 0.000 0.000 0.000 0.000 0.000 0.000 0.000
HIS01A0217_009 0.000 0.000 0.000 0.000 0.000 0.000 0.000 0.000 0.000 0.000 0.000 0.000 0.000 0.000 0.000
HIS01A0217_010 0.000 0.000 0.000 0.000 0.000 0.000 0.000 0.000 0.000 0.000 0.000 0.000 0.000 0.000 0.000
HIS01A0217_011 0.000 0.000 0.000 0.000 0.000 0.000 0.000 0.000 0.000 0.001 0.001 0.001 0.001 0.001 0.001
HIS01A0217_012 0.000 0.000 0.000 0.000 0.000 0.000 0.000 0.000 0.000 0.000 0.000 0.000 0.000 0.000 0.000
HIS01A0217_013 0.000 0.000 0.000 0.000 0.000 0.000 0.000 0.000 0.000 0.000 0.000 0.000 0.000 0.000 0.000
HIS01A0217_014 0.000 0.000 0.000 0.000 0.000 0.000 0.003 0.022 0.057 0.069 0.070 0.071 0.071 0.069 0.070
HIS01A0217_015 0.000 0.000 0.000 0.000 0.000 0.000 0.000 0.001 0.003 0.003 0.003 0.003 0.003 0.003 0.003
HIS01A0217_016 0.000 0.000 0.000 0.000 0.000 0.000 0.000 0.000 0.000 0.001 0.000 0.001 0.001 0.001 0.001
HIS01A0217_017 0.000 0.000 0.000 0.000 0.000 0.000 0.006 0.043 0.111 0.133 0.135 0.136 0.136 0.135 0.134
HIS01A0217_018 0.000 0.000 0.000 0.000 0.000 0.000 0.001 0.008 0.020 0.024 0.025 0.025 0.025 0.024 0.025
HIS02A0217_019 0.000 0.000 0.000 0.000 0.000 0.000 0.003 0.022 0.057 0.069 0.070 0.070 0.070 0.070 0.070
HIS02A0217_020 0.000 0.000 0.000 0.000 0.000 0.000 0.000 0.000 0.000 0.000 0.000 0.000 0.000 0.000 0.000
HIS02A0217_021 0.000 0.000 0.000 0.000 0.000 0.000 0.000 0.000 0.000 0.000 0.000 0.000 0.000 0.000 0.000
HIS02A0217_022 0.000 0.000 0.000 0.000 0.000 0.000 0.000 0.000 0.001 0.002 0.002 0.002 0.002 0.002 0.002
HIS02A0217_023 0.000 0.000 0.000 0.000 0.000 0.000 0.000 0.000 0.002 0.002 0.002 0.002 0.002 0.002 0.002
HIS02A0217_024 0.000 0.000 0.000 0.000 0.000 0.000 0.000 0.000 0.000 0.000 0.000 0.000 0.000 0.000 0.000
HIS02A0217_025 0.000 0.000 0.000 0.000 0.000 0.000 0.000 0.000 0.000 0.000 0.000 0.000 0.000 0.000 0.000
HIS02A0217_026 0.000 0.000 0.000 0.000 0.000 0.000 0.008 0.050 0.124 0.151 0.156 0.155 0.154 0.156 0.156
HIS02A0217_027 0.000 0.000 0.000 0.000 0.000 0.000 0.000 0.000 0.000 0.000 0.000 0.000 0.000 0.000 0.000
HIS02A0217_028 0.000 0.000 0.000 0.000 0.000 0.000 0.000 0.002 0.006 0.007 0.007 0.007 0.007 0.007 0.008
HIS02A0217_029 0.000 0.000 0.000 0.000 0.000 0.000 0.003 0.020 0.051 0.063 0.065 0.064 0.064 0.065 0.065
HIS02A0217_030 0.000 0.000 0.000 0.000 0.000 0.000 0.000 0.000 0.000 0.000 0.000 0.000 0.000 0.000 0.000
HIS02A0217_031 0.000 0.000 0.000 0.000 0.000 0.000 0.000 0.000 0.000 0.000 0.000 0.000 0.000 0.000 0.000
HIS02A0217_032 0.000 0.000 0.000 0.000 0.000 0.000 0.000 0.000 0.000 0.000 0.000 0.000 0.000 0.000 0.000
HIS02A0217_033 0.000 0.000 0.000 0.000 0.000 0.000 0.000 0.000 0.002 0.002 0.002 0.002 0.002 0.002 0.002
HIS02A0217_034 0.000 0.000 0.000 0.000 0.000 0.000 0.000 0.000 0.002 0.003 0.003 0.003 0.003 0.003 0.003
HIS02A0217_035 0.000 0.000 0.000 0.000 0.000 0.000 0.000 0.000 0.000 0.000 0.000 0.000 0.000 0.000 0.000
HIS02A0217_036 0.000 0.000 0.000 0.000 0.000 0.008 0.011 0.076 0.191 0.230 0.234 0.237 0.236 0.238 0.237
HIS02A0217_037 0.000 0.000 0.000 0.000 0.000 0.000 0.001 0.008 0.022 0.026 0.026 0.027 0.026 0.026 0.027
HIS02A0217_038 0.000 0.000 0.000 0.000 0.000 0.000 0.000 0.000 0.000 0.000 0.000 0.000 0.000 0.000 0.000
HIS+1A0217_039 0.101 0.102 0.102 0.102 0.101 0.100 0.096 0.071 0.020 0.002 0.000 0.000 0.000 0.000 0.000
HIS+1A0217_040 0.314 0.314 0.317 0.313 0.312 0.310 0.302 0.216 0.061 0.007 0.000 0.000 0.000 0.000 0.000
HIS+1A0217_041 0.002 0.002 0.002 0.002 0.002 0.002 0.001 0.001 0.000 0.000 0.000 0.000 0.000 0.000 0.000
HIS+1A0217_042 0.000 0.000 0.000 0.000 0.000 0.000 0.000 0.000 0.000 0.000 0.000 0.000 0.000 0.000 0.000
HIS+1A0217_043 0.004 0.004 0.004 0.004 0.004 0.004 0.003 0.002 0.000 0.000 0.000 0.000 0.000 0.000 0.000
HIS+1A0217_044 0.000 0.000 0.000 0.000 0.000 0.000 0.000 0.000 0.000 0.000 0.000 0.000 0.000 0.000 0.000
HIS+1A0217_045 0.001 0.001 0.000 0.001 0.000 0.000 0.000 0.000 0.000 0.000 0.000 0.000 0.000 0.000 0.000
HIS+1A0217_046 0.000 0.000 0.000 0.000 0.000 0.000 0.000 0.000 0.000 0.000 0.000 0.000 0.000 0.000 0.000
HIS+1A0217_047 0.003 0.003 0.003 0.003 0.003 0.003 0.003 0.002 0.000 0.000 0.000 0.000 0.000 0.000 0.000
HIS+1A0217_048 0.047 0.047 0.049 0.047 0.048 0.049 0.046 0.032 0.009 0.001 0.000 0.000 0.000 0.000 0.000
HIS+1A0217_049 0.000 0.000 0.000 0.000 0.000 0.000 0.000 0.000 0.000 0.000 0.000 0.000 0.000 0.000 0.000
HIS+1A0217_050 0.000 0.000 0.000 0.000 0.000 0.000 0.000 0.000 0.000 0.000 0.000 0.000 0.000 0.000 0.000
HIS+1A0217_051 0.000 0.000 0.000 0.000 0.000 0.000 0.000 0.000 0.000 0.000 0.000 0.000 0.000 0.000 0.000
HIS+1A0217_052 0.000 0.000 0.000 0.000 0.000 0.000 0.000 0.000 0.000 0.000 0.000 0.000 0.000 0.000 0.000
HIS+1A0217_053 0.000 0.000 0.000 0.000 0.000 0.000 0.000 0.000 0.000 0.000 0.000 0.000 0.000 0.000 0.000
HIS+1A0217_054 0.003 0.003 0.003 0.003 0.003 0.003 0.003 0.002 0.000 0.000 0.000 0.000 0.000 0.000 0.000
HIS+1A0217_055 0.053 0.054 0.052 0.053 0.054 0.053 0.051 0.037 0.010 0.001 0.000 0.000 0.000 0.000 0.000
HIS+1A0217_056 0.002 0.002 0.002 0.002 0.002 0.002 0.002 0.001 0.000 0.000 0.000 0.000 0.000 0.000 0.000
HIS+1A0217_057 0.001 0.001 0.000 0.001 0.000 0.001 0.000 0.000 0.000 0.000 0.000 0.000 0.000 0.000 0.000
HIS+1A0217_058 0.471 0.466 0.466 0.469 0.472 0.465 0.447 0.321 0.092 0.011 0.004 0.000 0.000 0.000 0.000
