 ph              0.0   1.0   2.0   3.0   4.0   5.0   6.0   7.0   8.0   9.0  10.0  11.0  12.0  13.0  14.0
HIS01A0142_001 0.000 0.000 0.000 0.000 0.000 0.000 0.000 0.000 0.000 0.000 0.000 0.000 0.000 0.000 0.000
HIS01A0142_002 0.000 0.000 0.000 0.000 0.000 0.000 0.000 0.005 0.012 0.015 0.014 0.015 0.015 0.015 0.014
HIS01A0142_003 0.000 0.000 0.000 0.000 0.000 0.000 0.001 0.008 0.020 0.023 0.024 0.024 0.024 0.024 0.024
HIS01A0142_004 0.000 0.000 0.000 0.000 0.000 0.003 0.016 0.090 0.229 0.269 0.275 0.280 0.282 0.275 0.274
HIS01A0142_005 0.000 0.000 0.000 0.000 0.000 0.000 0.000 0.000 0.000 0.000 0.000 0.000 0.000 0.000 0.000
HIS01A0142_006 0.000 0.000 0.000 0.000 0.000 0.000 0.000 0.003 0.007 0.008 0.008 0.008 0.008 0.008 0.008
HIS01A0142_007 0.000 0.000 0.000 0.000 0.000 0.000 0.000 0.000 0.001 0.002 0.002 0.002 0.002 0.002 0.002
HIS01A0142_008 0.000 0.000 0.000 0.000 0.000 0.000 0.000 0.000 0.000 0.001 0.001 0.001 0.000 0.001 0.001
HIS01A0142_009 0.000 0.000 0.000 0.000 0.000 0.000 0.000 0.000 0.000 0.000 0.000 0.000 0.000 0.000 0.000
HIS01A0142_010 0.000 0.000 0.000 0.000 0.000 0.000 0.000 0.000 0.000 0.000 0.000 0.000 0.000 0.000 0.000
HIS01A0142_011 0.000 0.000 0.000 0.000 0.000 0.000 0.000 0.000 0.000 0.000 0.000 0.000 0.000 0.000 0.000
HIS01A0142_012 0.000 0.000 0.000 0.000 0.000 0.000 0.000 0.000 0.000 0.000 0.000 0.000 0.000 0.000 0.000
HIS01A0142_013 0.000 0.000 0.000 0.000 0.000 0.000 0.001 0.008 0.022 0.026 0.027 0.027 0.027 0.027 0.026
HIS01A0142_014 0.000 0.000 0.000 0.000 0.000 0.000 0.000 0.000 0.000 0.000 0.000 0.000 0.000 0.000 0.000
HIS01A0142_015 0.000 0.000 0.000 0.000 0.000 0.000 0.000 0.000 0.000 0.000 0.000 0.000 0.000 0.000 0.000
HIS01A0142_016 0.000 0.000 0.000 0.000 0.000 0.000 0.000 0.000 0.000 0.000 0.000 0.000 0.000 0.000 0.000
HIS01A0142_017 0.000 0.000 0.000 0.000 0.000 0.000 0.000 0.000 0.000 0.000 0.000 0.000 0.000 0.000 0.000
HIS01A0142_018 0.000 0.000 0.000 0.000 0.000 0.000 0.000 0.000 0.000 0.000 0.000 0.000 0.000 0.000 0.000
HIS02A0142_019 0.000 0.000 0.000 0.000 0.000 0.000 0.000 0.000 0.000 0.000 0.000 0.000 0.000 0.000 0.000
HIS02A0142_020 0.000 0.000 0.000 0.000 0.000 0.000 0.000 0.003 0.008 0.009 0.010 0.010 0.010 0.009 0.009
HIS02A0142_021 0.000 0.000 0.000 0.000 0.000 0.000 0.000 0.000 0.000 0.000 0.000 0.000 0.000 0.000 0.000
HIS02A0142_022 0.000 0.000 0.000 0.000 0.000 0.000 0.002 0.010 0.026 0.031 0.032 0.033 0.031 0.032 0.031
HIS02A0142_023 0.000 0.000 0.000 0.000 0.000 0.000 0.000 0.000 0.000 0.000 0.000 0.000 0.000 0.000 0.000
HIS02A0142_024 0.000 0.000 0.000 0.000 0.000 0.000 0.000 0.000 0.000 0.000 0.000 0.000 0.000 0.000 0.000
HIS02A0142_025 0.000 0.000 0.000 0.000 0.000 0.000 0.000 0.000 0.002 0.002 0.002 0.002 0.002 0.002 0.002
HIS02A0142_026 0.000 0.000 0.000 0.000 0.000 0.000 0.000 0.000 0.001 0.001 0.001 0.001 0.001 0.001 0.001
HIS02A0142_027 0.000 0.000 0.000 0.000 0.000 0.000 0.000 0.000 0.000 0.000 0.000 0.000 0.000 0.000 0.000
HIS02A0142_028 0.000 0.000 0.000 0.000 0.000 0.000 0.000 0.000 0.000 0.000 0.000 0.000 0.000 0.000 0.000
HIS02A0142_029 0.000 0.000 0.000 0.000 0.000 0.000 0.000 0.000 0.000 0.000 0.000 0.000 0.000 0.000 0.000
HIS02A0142_030 0.000 0.000 0.000 0.000 0.000 0.000 0.000 0.000 0.000 0.000 0.000 0.000 0.000 0.000 0.000
HIS02A0142_031 0.000 0.000 0.000 0.000 0.000 0.000 0.000 0.000 0.000 0.000 0.000 0.000 0.000 0.000 0.000
HIS02A0142_032 0.000 0.000 0.000 0.000 0.000 0.000 0.006 0.033 0.082 0.098 0.100 0.099 0.099 0.099 0.099
HIS02A0142_033 0.000 0.000 0.000 0.000 0.000 0.000 0.000 0.006 0.015 0.019 0.019 0.019 0.019 0.019 0.019
HIS02A0142_034 0.000 0.000 0.000 0.000 0.000 0.005 0.027 0.153 0.385 0.457 0.467 0.466 0.466 0.472 0.476
HIS02A0142_035 0.000 0.000 0.000 0.000 0.000 0.000 0.000 0.005 0.012 0.013 0.014 0.014 0.014 0.014 0.014
HIS02A0142_036 0.000 0.000 0.000 0.000 0.000 0.000 0.000 0.000 0.000 0.000 0.000 0.000 0.000 0.000 0.000
HIS02A0142_037 0.000 0.000 0.000 0.000 0.000 0.000 0.000 0.000 0.000 0.000 0.000 0.000 0.000 0.000 0.000
HIS+1A0142_038 0.000 0.000 0.000 0.000 0.000 0.000 0.000 0.000 0.000 0.000 0.000 0.000 0.000 0.000 0.000
HIS+1A0142_039 0.002 0.002 0.000 0.002 0.002 0.002 0.002 0.001 0.000 0.000 0.000 0.000 0.000 0.000 0.000
HIS+1A0142_040 0.000 0.000 0.000 0.000 0.000 0.000 0.000 0.000 0.000 0.000 0.000 0.000 0.000 0.000 0.000
HIS+1A0142_041 0.000 0.000 0.000 0.000 0.000 0.000 0.000 0.000 0.000 0.000 0.000 0.000 0.000 0.000 0.000
HIS+1A0142_042 0.032 0.032 0.033 0.032 0.032 0.032 0.030 0.022 0.006 0.000 0.000 0.000 0.000 0.000 0.000
HIS+1A0142_043 0.184 0.187 0.187 0.188 0.188 0.181 0.175 0.126 0.033 0.005 0.000 0.000 0.000 0.000 0.000
HIS+1A0142_044 0.000 0.000 0.000 0.000 0.000 0.000 0.000 0.000 0.000 0.000 0.000 0.000 0.000 0.000 0.000
HIS+1A0142_045 0.004 0.004 0.004 0.004 0.004 0.004 0.004 0.003 0.000 0.000 0.000 0.000 0.000 0.000 0.000
HIS+1A0142_046 0.000 0.000 0.000 0.000 0.000 0.000 0.000 0.000 0.000 0.000 0.000 0.000 0.000 0.000 0.000
HIS+1A0142_047 0.000 0.000 0.000 0.000 0.000 0.000 0.000 0.000 0.000 0.000 0.000 0.000 0.000 0.000 0.000
HIS+1A0142_048 0.018 0.020 0.019 0.019 0.019 0.018 0.018 0.013 0.003 0.000 0.000 0.000 0.000 0.000 0.000
HIS+1A0142_049 0.722 0.716 0.717 0.718 0.716 0.717 0.682 0.484 0.129 0.021 0.004 0.000 0.000 0.000 0.000
HIS+1A0142_050 0.000 0.000 0.000 0.000 0.000 0.000 0.000 0.000 0.000 0.000 0.000 0.000 0.000 0.000 0.000
HIS+1A0142_051 0.000 0.000 0.000 0.000 0.000 0.000 0.000 0.000 0.000 0.000 0.000 0.000 0.000 0.000 0.000
HIS+1A0142_052 0.031 0.033 0.033 0.032 0.033 0.032 0.030 0.022 0.006 0.000 0.000 0.000 0.000 0.000 0.000
HIS+1A0142_053 0.006 0.006 0.006 0.006 0.006 0.006 0.006 0.004 0.001 0.000 0.000 0.000 0.000 0.000 0.000
HIS+1A0142_054 0.000 0.000 0.000 0.000 0.000 0.000 0.000 0.000 0.000 0.000 0.000 0.000 0.000 0.000 0.000
HIS+1A0142_055 0.000 0.000 0.000 0.000 0.000 0.000 0.000 0.000 0.000 0.000 0.000 0.000 0.000 0.000 0.000
HIS+1A0142_056 0.000 0.000 0.000 0.000 0.000 0.000 0.000 0.000 0.000 0.000 0.000 0.000 0.000 0.000 0.000
