 ph              0.0   1.0   2.0   3.0   4.0   5.0   6.0   7.0   8.0   9.0  10.0  11.0  12.0  13.0  14.0
HIS01A0078_001 0.000 0.000 0.000 0.000 0.000 0.000 0.003 0.023 0.058 0.069 0.071 0.071 0.070 0.070 0.070
HIS01A0078_002 0.000 0.000 0.000 0.000 0.000 0.000 0.000 0.000 0.000 0.000 0.000 0.000 0.000 0.000 0.000
HIS01A0078_003 0.000 0.000 0.000 0.000 0.000 0.000 0.004 0.024 0.062 0.074 0.075 0.075 0.076 0.075 0.075
HIS01A0078_004 0.000 0.000 0.000 0.000 0.000 0.000 0.000 0.000 0.000 0.000 0.000 0.000 0.000 0.000 0.000
HIS01A0078_005 0.000 0.000 0.000 0.000 0.000 0.000 0.001 0.009 0.025 0.029 0.030 0.030 0.030 0.030 0.030
HIS01A0078_006 0.000 0.000 0.000 0.000 0.000 0.000 0.000 0.000 0.000 0.000 0.000 0.000 0.000 0.000 0.000
HIS01A0078_007 0.000 0.000 0.000 0.000 0.000 0.000 0.001 0.007 0.018 0.022 0.022 0.022 0.022 0.022 0.022
HIS01A0078_008 0.000 0.000 0.000 0.000 0.000 0.000 0.000 0.000 0.000 0.001 0.000 0.001 0.000 0.000 0.000
HIS01A0078_009 0.000 0.000 0.000 0.000 0.000 0.000 0.000 0.000 0.000 0.000 0.000 0.000 0.000 0.000 0.000
HIS01A0078_010 0.000 0.000 0.000 0.000 0.000 0.000 0.000 0.000 0.000 0.000 0.000 0.000 0.000 0.000 0.000
HIS01A0078_011 0.000 0.000 0.000 0.000 0.000 0.000 0.000 0.000 0.000 0.000 0.000 0.000 0.000 0.000 0.000
HIS01A0078_012 0.000 0.000 0.000 0.000 0.000 0.000 0.003 0.022 0.054 0.065 0.067 0.066 0.067 0.067 0.066
HIS01A0078_013 0.000 0.000 0.000 0.000 0.000 0.000 0.000 0.000 0.000 0.000 0.000 0.000 0.000 0.000 0.000
HIS01A0078_014 0.000 0.000 0.000 0.000 0.000 0.000 0.000 0.000 0.000 0.000 0.000 0.000 0.000 0.000 0.000
HIS01A0078_015 0.000 0.000 0.000 0.000 0.000 0.000 0.000 0.000 0.000 0.000 0.000 0.000 0.000 0.000 0.000
HIS01A0078_016 0.000 0.000 0.000 0.000 0.000 0.000 0.000 0.000 0.000 0.000 0.000 0.000 0.000 0.000 0.000
HIS01A0078_017 0.000 0.000 0.000 0.000 0.000 0.000 0.000 0.004 0.009 0.011 0.011 0.012 0.011 0.011 0.012
HIS01A0078_018 0.000 0.000 0.000 0.000 0.000 0.000 0.004 0.028 0.070 0.084 0.085 0.086 0.086 0.086 0.085
HIS01A0078_019 0.000 0.000 0.000 0.000 0.000 0.000 0.000 0.000 0.000 0.000 0.000 0.000 0.000 0.000 0.000
HIS01A0078_020 0.000 0.000 0.000 0.000 0.000 0.000 0.001 0.009 0.023 0.027 0.028 0.028 0.028 0.028 0.028
HIS02A0078_021 0.000 0.000 0.000 0.000 0.000 0.000 0.004 0.028 0.071 0.085 0.087 0.087 0.087 0.086 0.087
HIS02A0078_022 0.000 0.000 0.000 0.000 0.000 0.000 0.000 0.000 0.000 0.000 0.000 0.000 0.000 0.000 0.000
HIS02A0078_023 0.000 0.000 0.000 0.000 0.000 0.000 0.000 0.000 0.000 0.000 0.000 0.000 0.000 0.000 0.000
HIS02A0078_024 0.000 0.000 0.000 0.000 0.000 0.000 0.005 0.034 0.086 0.102 0.105 0.104 0.105 0.104 0.105
HIS02A0078_025 0.000 0.000 0.000 0.000 0.000 0.000 0.000 0.000 0.000 0.000 0.000 0.000 0.000 0.000 0.000
HIS02A0078_026 0.000 0.000 0.000 0.000 0.000 0.000 0.000 0.003 0.006 0.007 0.008 0.007 0.007 0.007 0.008
HIS02A0078_027 0.000 0.000 0.000 0.000 0.000 0.000 0.004 0.027 0.069 0.082 0.084 0.083 0.085 0.084 0.083
HIS02A0078_028 0.000 0.000 0.000 0.000 0.000 0.000 0.000 0.000 0.000 0.000 0.000 0.000 0.000 0.000 0.000
HIS02A0078_029 0.000 0.000 0.000 0.000 0.000 0.000 0.000 0.000 0.000 0.000 0.000 0.000 0.000 0.000 0.000
HIS02A0078_030 0.000 0.000 0.000 0.000 0.000 0.000 0.004 0.029 0.074 0.087 0.088 0.088 0.088 0.089 0.089
HIS02A0078_031 0.000 0.000 0.000 0.000 0.000 0.000 0.002 0.015 0.038 0.045 0.046 0.045 0.046 0.046 0.046
HIS02A0078_032 0.000 0.000 0.000 0.000 0.000 0.000 0.000 0.000 0.000 0.000 0.000 0.000 0.000 0.000 0.000
HIS02A0078_033 0.000 0.000 0.000 0.000 0.000 0.000 0.000 0.000 0.000 0.000 0.000 0.000 0.000 0.000 0.000
HIS02A0078_034 0.000 0.000 0.000 0.000 0.000 0.000 0.000 0.000 0.000 0.000 0.000 0.000 0.000 0.000 0.000
HIS02A0078_035 0.000 0.000 0.000 0.000 0.000 0.000 0.008 0.050 0.129 0.155 0.157 0.158 0.156 0.156 0.158
HIS02A0078_036 0.000 0.000 0.000 0.000 0.000 0.000 0.000 0.000 0.000 0.000 0.000 0.000 0.000 0.000 0.000
HIS02A0078_037 0.000 0.000 0.000 0.000 0.000 0.000 0.002 0.011 0.028 0.033 0.034 0.034 0.034 0.034 0.034
HIS02A0078_038 0.000 0.000 0.000 0.000 0.000 0.000 0.000 0.000 0.001 0.002 0.002 0.002 0.002 0.002 0.002
HIS02A0078_039 0.000 0.000 0.000 0.000 0.000 0.000 0.000 0.000 0.000 0.000 0.000 0.000 0.000 0.000 0.000
HIS02A0078_040 0.000 0.000 0.000 0.000 0.000 0.000 0.000 0.000 0.000 0.000 0.000 0.000 0.000 0.000 0.000
HIS+1A0078_041 0.137 0.137 0.137 0.137 0.136 0.138 0.130 0.094 0.025 0.003 0.000 0.000 0.000 0.000 0.000
HIS+1A0078_042 0.000 0.000 0.000 0.000 0.000 0.000 0.000 0.000 0.000 0.000 0.000 0.000 0.000 0.000 0.000
HIS+1A0078_043 0.210 0.209 0.209 0.209 0.209 0.209 0.200 0.140 0.038 0.004 0.000 0.000 0.000 0.000 0.000
HIS+1A0078_044 0.063 0.063 0.063 0.063 0.063 0.063 0.060 0.043 0.011 0.001 0.000 0.000 0.000 0.000 0.000
HIS+1A0078_045 0.000 0.000 0.000 0.000 0.000 0.000 0.000 0.000 0.000 0.000 0.000 0.000 0.000 0.000 0.000
HIS+1A0078_046 0.003 0.003 0.003 0.003 0.003 0.003 0.003 0.002 0.000 0.000 0.000 0.000 0.000 0.000 0.000
HIS+1A0078_047 0.000 0.000 0.000 0.000 0.000 0.000 0.000 0.000 0.000 0.000 0.000 0.000 0.000 0.000 0.000
HIS+1A0078_048 0.000 0.000 0.000 0.000 0.000 0.000 0.000 0.000 0.000 0.000 0.000 0.000 0.000 0.000 0.000
HIS+1A0078_049 0.000 0.000 0.000 0.000 0.000 0.000 0.000 0.000 0.000 0.000 0.000 0.000 0.000 0.000 0.000
HIS+1A0078_050 0.185 0.185 0.185 0.185 0.188 0.185 0.176 0.125 0.034 0.004 0.000 0.000 0.000 0.000 0.000
HIS+1A0078_051 0.072 0.072 0.071 0.072 0.072 0.071 0.068 0.049 0.013 0.002 0.000 0.000 0.000 0.000 0.000
HIS+1A0078_052 0.000 0.000 0.000 0.000 0.000 0.000 0.000 0.000 0.000 0.000 0.000 0.000 0.000 0.000 0.000
HIS+1A0078_053 0.000 0.000 0.000 0.000 0.000 0.000 0.000 0.000 0.000 0.000 0.000 0.000 0.000 0.000 0.000
HIS+1A0078_054 0.001 0.000 0.000 0.000 0.000 0.000 0.000 0.000 0.000 0.000 0.000 0.000 0.000 0.000 0.000
HIS+1A0078_055 0.198 0.198 0.199 0.199 0.197 0.199 0.191 0.134 0.035 0.004 0.000 0.000 0.000 0.000 0.000
HIS+1A0078_056 0.000 0.000 0.000 0.000 0.000 0.000 0.000 0.000 0.000 0.000 0.000 0.000 0.000 0.000 0.000
HIS+1A0078_057 0.005 0.005 0.005 0.005 0.005 0.005 0.005 0.004 0.000 0.000 0.000 0.000 0.000 0.000 0.000
HIS+1A0078_058 0.126 0.128 0.126 0.127 0.126 0.126 0.120 0.085 0.022 0.003 0.000 0.000 0.000 0.000 0.000
HIS+1A0078_059 0.000 0.000 0.000 0.000 0.000 0.000 0.000 0.000 0.000 0.000 0.000 0.000 0.000 0.000 0.000
HIS+1A0078_060 0.000 0.000 0.000 0.000 0.000 0.000 0.000 0.000 0.000 0.000 0.000 0.000 0.000 0.000 0.000
