 ph              0.0   1.0   2.0   3.0   4.0   5.0   6.0   7.0   8.0   9.0  10.0  11.0  12.0  13.0  14.0
ASP01A0083_001 0.000 0.000 0.000 0.000 0.000 0.000 0.000 0.000 0.000 0.000 0.000 0.000 0.000 0.000 0.000
ASP01A0083_002 0.002 0.002 0.002 0.001 0.000 0.000 0.000 0.000 0.000 0.000 0.000 0.000 0.000 0.000 0.000
ASP01A0083_003 0.240 0.239 0.237 0.211 0.098 0.019 0.002 0.000 0.000 0.000 0.000 0.000 0.000 0.000 0.000
ASP01A0083_004 0.002 0.002 0.002 0.002 0.000 0.000 0.000 0.000 0.000 0.000 0.000 0.000 0.000 0.000 0.000
ASP01A0083_005 0.008 0.008 0.008 0.007 0.003 0.000 0.000 0.000 0.000 0.000 0.000 0.000 0.000 0.000 0.000
ASP01A0083_006 0.022 0.021 0.021 0.019 0.009 0.002 0.000 0.000 0.000 0.000 0.000 0.000 0.000 0.000 0.000
ASP01A0083_007 0.226 0.227 0.221 0.198 0.092 0.018 0.002 0.000 0.000 0.000 0.000 0.000 0.000 0.000 0.000
ASP02A0083_008 0.000 0.000 0.000 0.000 0.000 0.000 0.000 0.000 0.000 0.000 0.000 0.000 0.000 0.000 0.000
ASP02A0083_009 0.000 0.000 0.000 0.000 0.000 0.000 0.000 0.000 0.000 0.000 0.000 0.000 0.000 0.000 0.000
ASP02A0083_010 0.014 0.014 0.013 0.012 0.006 0.000 0.000 0.000 0.000 0.000 0.000 0.000 0.000 0.000 0.000
ASP02A0083_011 0.004 0.004 0.004 0.004 0.002 0.000 0.000 0.000 0.000 0.000 0.000 0.000 0.000 0.000 0.000
ASP02A0083_012 0.017 0.017 0.017 0.015 0.007 0.000 0.000 0.000 0.000 0.000 0.000 0.000 0.000 0.000 0.000
ASP02A0083_013 0.007 0.007 0.007 0.006 0.003 0.000 0.000 0.000 0.000 0.000 0.000 0.000 0.000 0.000 0.000
ASP02A0083_014 0.229 0.228 0.225 0.198 0.094 0.018 0.002 0.000 0.000 0.000 0.000 0.000 0.000 0.000 0.000
ASP02A0083_015 0.231 0.230 0.228 0.202 0.094 0.018 0.002 0.000 0.000 0.000 0.000 0.000 0.000 0.000 0.000
ASP-1A0083_016 0.000 0.000 0.000 0.002 0.008 0.013 0.013 0.014 0.014 0.014 0.014 0.013 0.014 0.013 0.014
ASP-1A0083_017 0.000 0.000 0.004 0.033 0.150 0.233 0.249 0.256 0.252 0.254 0.255 0.253 0.258 0.253 0.254
ASP-1A0083_018 0.000 0.002 0.012 0.092 0.436 0.680 0.729 0.730 0.734 0.732 0.731 0.733 0.729 0.734 0.732
