 ph              0.0   1.0   2.0   3.0   4.0   5.0   6.0   7.0   8.0   9.0  10.0  11.0  12.0  13.0  14.0
GLU01A0216_001 0.008 0.008 0.008 0.007 0.003 0.000 0.000 0.000 0.000 0.000 0.000 0.000 0.000 0.000 0.000
GLU01A0216_002 0.010 0.010 0.010 0.009 0.004 0.000 0.000 0.000 0.000 0.000 0.000 0.000 0.000 0.000 0.000
GLU01A0216_003 0.145 0.144 0.143 0.126 0.056 0.011 0.000 0.000 0.000 0.000 0.000 0.000 0.000 0.000 0.000
GLU01A0216_004 0.000 0.000 0.000 0.000 0.000 0.000 0.000 0.000 0.000 0.000 0.000 0.000 0.000 0.000 0.000
GLU01A0216_005 0.000 0.000 0.000 0.000 0.000 0.000 0.000 0.000 0.000 0.000 0.000 0.000 0.000 0.000 0.000
GLU01A0216_006 0.003 0.003 0.003 0.003 0.000 0.000 0.000 0.000 0.000 0.000 0.000 0.000 0.000 0.000 0.000
GLU01A0216_007 0.028 0.028 0.027 0.024 0.011 0.002 0.000 0.000 0.000 0.000 0.000 0.000 0.000 0.000 0.000
GLU01A0216_008 0.001 0.001 0.001 0.000 0.000 0.000 0.000 0.000 0.000 0.000 0.000 0.000 0.000 0.000 0.000
GLU01A0216_009 0.001 0.001 0.000 0.000 0.000 0.000 0.000 0.000 0.000 0.000 0.000 0.000 0.000 0.000 0.000
GLU01A0216_010 0.008 0.008 0.008 0.007 0.003 0.000 0.000 0.000 0.000 0.000 0.000 0.000 0.000 0.000 0.000
GLU01A0216_011 0.011 0.010 0.010 0.009 0.004 0.000 0.000 0.000 0.000 0.000 0.000 0.000 0.000 0.000 0.000
GLU01A0216_012 0.041 0.041 0.040 0.035 0.016 0.003 0.000 0.000 0.000 0.000 0.000 0.000 0.000 0.000 0.000
GLU01A0216_013 0.054 0.053 0.053 0.047 0.021 0.004 0.000 0.000 0.000 0.000 0.000 0.000 0.000 0.000 0.000
GLU01A0216_014 0.133 0.133 0.131 0.114 0.050 0.010 0.000 0.000 0.000 0.000 0.000 0.000 0.000 0.000 0.000
GLU02A0216_015 0.005 0.005 0.005 0.004 0.002 0.000 0.000 0.000 0.000 0.000 0.000 0.000 0.000 0.000 0.000
GLU02A0216_016 0.000 0.000 0.000 0.000 0.000 0.000 0.000 0.000 0.000 0.000 0.000 0.000 0.000 0.000 0.000
GLU02A0216_017 0.006 0.006 0.006 0.006 0.003 0.000 0.000 0.000 0.000 0.000 0.000 0.000 0.000 0.000 0.000
GLU02A0216_018 0.004 0.004 0.004 0.003 0.001 0.000 0.000 0.000 0.000 0.000 0.000 0.000 0.000 0.000 0.000
GLU02A0216_019 0.148 0.146 0.143 0.126 0.056 0.011 0.000 0.000 0.000 0.000 0.000 0.000 0.000 0.000 0.000
GLU02A0216_020 0.095 0.096 0.094 0.082 0.037 0.007 0.000 0.000 0.000 0.000 0.000 0.000 0.000 0.000 0.000
GLU02A0216_021 0.000 0.000 0.000 0.000 0.000 0.000 0.000 0.000 0.000 0.000 0.000 0.000 0.000 0.000 0.000
GLU02A0216_022 0.016 0.016 0.016 0.014 0.006 0.000 0.000 0.000 0.000 0.000 0.000 0.000 0.000 0.000 0.000
GLU02A0216_023 0.000 0.000 0.000 0.000 0.000 0.000 0.000 0.000 0.000 0.000 0.000 0.000 0.000 0.000 0.000
GLU02A0216_024 0.000 0.000 0.000 0.000 0.000 0.000 0.000 0.000 0.000 0.000 0.000 0.000 0.000 0.000 0.000
GLU02A0216_025 0.014 0.014 0.014 0.012 0.005 0.000 0.000 0.000 0.000 0.000 0.000 0.000 0.000 0.000 0.000
GLU02A0216_026 0.062 0.062 0.061 0.053 0.024 0.005 0.000 0.000 0.000 0.000 0.000 0.000 0.000 0.000 0.000
GLU02A0216_027 0.191 0.190 0.188 0.164 0.074 0.015 0.000 0.000 0.000 0.000 0.000 0.000 0.000 0.000 0.000
GLU02A0216_028 0.002 0.002 0.002 0.001 0.000 0.000 0.000 0.000 0.000 0.000 0.000 0.000 0.000 0.000 0.000
GLU02A0216_029 0.015 0.015 0.014 0.013 0.006 0.000 0.000 0.000 0.000 0.000 0.000 0.000 0.000 0.000 0.000
GLU-1A0216_030 0.000 0.002 0.008 0.063 0.271 0.415 0.442 0.442 0.442 0.443 0.445 0.442 0.443 0.443 0.441
GLU-1A0216_031 0.000 0.000 0.000 0.005 0.023 0.034 0.037 0.037 0.037 0.037 0.036 0.037 0.037 0.037 0.037
GLU-1A0216_032 0.000 0.000 0.000 0.002 0.009 0.013 0.014 0.015 0.014 0.014 0.014 0.015 0.014 0.014 0.014
GLU-1A0216_033 0.000 0.000 0.001 0.009 0.042 0.062 0.068 0.068 0.068 0.068 0.067 0.067 0.068 0.067 0.068
GLU-1A0216_034 0.000 0.000 0.002 0.012 0.056 0.082 0.088 0.088 0.088 0.089 0.088 0.089 0.087 0.088 0.088
GLU-1A0216_035 0.000 0.000 0.007 0.049 0.219 0.325 0.351 0.351 0.350 0.348 0.349 0.351 0.350 0.351 0.352
